ATE real, ATE estimado
0.3407707910750507, 0.42610159453933616
0.3539553752535497, 0.471419789894346
0.345841784989858, 0.3574881581861502
0.34279918864097364, 0.4088589047919531
0.3539553752535497, 0.5053796709843592
0.3407707910750507, 0.3404933839788039
0.32961460446247465, 0.26509128656957115
0.30730223123732253, 0.3338977158843813
0.3407707910750507, 0.3561700402647632
0.34787018255578095, 0.2908993794337439
0.33874239350912777, 0.4330956040406433
0.3407707910750507, 0.322166815762587
0.3275862068965517, 0.27502264766920675
0.3448275862068966, 0.24593220163642937
0.3539553752535497, 0.313092668513385
0.34279918864097364, 0.36593699439567506
0.33975659229208927, 0.3465920092106218
0.33772819472616633, 0.3485567039231966
0.34787018255578095, 0.35934023603571275
0.3509127789046653, 0.31956188294915566
0.3539553752535497, 0.4083392044879447
0.33468559837728196, 0.3427903030537801
0.33975659229208927, 0.3277251904378371
0.345841784989858, 0.31163497821975117
0.36004056795131845, 0.41023567174346975
0.3671399594320487, 0.38369285709038514
0.3640973630831643, 0.38464788699688335
0.3691683569979716, 0.30092097553067376
0.3488843813387424, 0.32193484651458193
0.3255578093306288, 0.3355106478911031
0.35699797160243407, 0.4712176745321033
0.34178498985801214, 0.4134363406083408
0.359026369168357, 0.25182161108943296
0.3286004056795132, 0.2706405503219213
0.3438133874239351, 0.2780781762849801
0.37829614604462475, 0.36207891349616295
0.34178498985801214, 0.3424022926655221
0.34178498985801214, 0.3681245844924347
0.3255578093306288, 0.24742000582621804
0.33367139959432046, 0.42783089006199787
0.34279918864097364, 0.16671380495739507
0.34989858012170383, 0.3613612519824428
0.3367139959432049, 0.3437238620886637
0.3286004056795132, 0.3597361801561165
0.34178498985801214, 0.26113701717285703
0.3174442190669371, 0.41399330138956436
0.33874239350912777, 0.2916279634940132
0.33468559837728196, 0.4015362108137638
0.3488843813387424, 0.3863542892863054
0.3255578093306288, 0.17617247553610274
0.33772819472616633, 0.4785455520738007
0.35192697768762676, 0.2902388562947412
0.3235294117647059, 0.40651862773892994
0.33367139959432046, 0.22564842435671678
0.3265720081135903, 0.41994709411252906
0.3407707910750507, 0.4065424996984517
0.34787018255578095, 0.3757326345172965
0.33975659229208927, 0.3412300543731385
0.3154158215010142, 0.44412604051127313
0.35294117647058826, 0.358104117757149
0.3509127789046653, 0.3395953408680184
0.3448275862068966, 0.4143081018456869
0.31947261663286003, 0.3117624515370283
0.3093306288032454, 0.3912580146522201
0.3630831643002028, 0.29499506968802985
0.33975659229208927, 0.3376499548460917
0.32454361054766734, 0.2940234963962761
0.35496957403651114, 0.4058873563457137
0.34787018255578095, 0.21461182077208096
0.36105476673427994, 0.2814230809117559
0.35192697768762676, 0.20266685089975778
0.3265720081135903, 0.4531786893792197
0.33468559837728196, 0.28041212716157266
0.32454361054766734, 0.3378678849817744
0.3286004056795132, 0.343813956457542
0.32150101419878296, 0.25469340954036374
0.33772819472616633, 0.356091101854236
0.32150101419878296, 0.26403238014331737
0.3204868154158215, 0.4329755980633211
0.33367139959432046, 0.30723533481459586
0.3367139959432049, 0.3829360428353705
0.3356997971602434, 0.23325137999303008
0.3488843813387424, 0.24213995180286368
0.3356997971602434, 0.30638106056463443
0.3438133874239351, 0.20170096001871896
0.3356997971602434, 0.38165532452166584
0.3438133874239351, 0.3327722023818446
0.3367139959432049, 0.420944448089991
0.3316430020283976, 0.3902009887857668
0.34279918864097364, 0.45998856387038345
0.35192697768762676, 0.38728369347423575
0.3762677484787018, 0.43055643849355296
0.34685598377281945, 0.265393816582747
0.35699797160243407, 0.3995905931086513
0.3448275862068966, 0.33731733454692636
0.33772819472616633, 0.35240769907524727
0.3286004056795132, 0.1658002517944663
0.3407707910750507, 0.3810791327992374
0.34178498985801214, 0.46201910738724955
0.3204868154158215, 0.37733526015529417
0.33772819472616633, 0.46260125639664784
0.3448275862068966, 0.34747725547346053
0.3671399594320487, 0.3430097494300296
0.3356997971602434, 0.25027993574868357
0.3539553752535497, 0.3303657217831624
0.3580121703853955, 0.39031596326698936
0.33874239350912777, 0.42288527752264515
0.32150101419878296, 0.23407062501469567
0.3438133874239351, 0.32497403274200903
0.36815415821501013, 0.4606290026153804
0.3671399594320487, 0.42280327076316704
0.3367139959432049, 0.47801959904965596
0.36004056795131845, 0.36049935376178704
0.3407707910750507, 0.35851717490381213
0.33772819472616633, 0.24913597085064285
0.36815415821501013, 0.39869482359184255
0.3316430020283976, 0.33123061506602675
0.34989858012170383, 0.3075651353957887
0.31947261663286003, 0.42924811085664494
0.34787018255578095, 0.18691212901471876
0.34989858012170383, 0.33817440727369097
0.3367139959432049, 0.2916761381858098
0.3671399594320487, 0.32976424444353447
0.3640973630831643, 0.43166439885574115
0.3752535496957404, 0.37828398976925615
0.35699797160243407, 0.35407659504670264
0.3316430020283976, 0.37170097006374164
0.33772819472616633, 0.2879590996242488
0.3407707910750507, 0.3970003748081491
0.33874239350912777, 0.2033929851480784
0.3539553752535497, 0.2629562417903403
0.36004056795131845, 0.23053016858335318
0.35496957403651114, 0.3706360960517189
0.3306288032454361, 0.2816690393290389
0.3488843813387424, 0.29517684610731154
0.3691683569979716, 0.28771728785642653
0.36511156186612576, 0.37417457751029276
0.372210953346856, 0.4560181933199252
0.3306288032454361, 0.19062386445515422
0.3204868154158215, 0.38867055465447176
0.3225152129817444, 0.3861427353029907
0.34279918864097364, 0.30583711385423346
0.34989858012170383, 0.5056472751365252
0.345841784989858, 0.2789454267983346
0.3630831643002028, 0.37239763307964724
0.3367139959432049, 0.4328545801160489
0.3539553752535497, 0.40008182131205305
0.33468559837728196, 0.36680848567152025
0.3286004056795132, 0.30829601483765867
0.3133874239350913, 0.3317087444235217
0.359026369168357, 0.41850428617878055
0.3407707910750507, 0.1987363940447704
0.34685598377281945, 0.5195250477856942
0.3407707910750507, 0.35147875180387317
0.32150101419878296, 0.41095629502729014
0.3407707910750507, 0.3667437573978557
0.35294117647058826, 0.4011139229616818
0.35294117647058826, 0.31204019317396925
0.3144016227180527, 0.28369292569389926
0.32961460446247465, 0.3327786103432029
0.35294117647058826, 0.32870356630435005
0.3184584178498986, 0.27439693042301866
0.3316430020283976, 0.26434150634457976
0.3488843813387424, 0.30994271216234753
0.34787018255578095, 0.45607900862517226
0.35598377281947263, 0.335767656796126
0.3894523326572008, 0.34350670076631007
0.3356997971602434, 0.44380067779764326
0.31237322515212984, 0.4820197453232171
0.33874239350912777, 0.2826303557902816
0.34279918864097364, 0.2983833966492512
0.3255578093306288, 0.335729867257759
0.31947261663286003, 0.4079479013412239
0.3661257606490872, 0.44911891809890314
0.35192697768762676, 0.29410584090483705
0.33772819472616633, 0.3073452325072375
0.3620689655172414, 0.48945166158167924
0.31643002028397565, 0.32883292977144396
0.359026369168357, 0.3415897499736199
0.33367139959432046, 0.22803243947759635
0.32454361054766734, 0.3926148549198095
0.3255578093306288, 0.3335284808296024
0.33367139959432046, 0.3093673990760222
0.3488843813387424, 0.3217461129919666
0.34279918864097364, 0.3783966021027192
0.3671399594320487, 0.28835905345326307
0.3803245436105477, 0.2561352529926012
0.34279918864097364, 0.39060042333789213
0.33468559837728196, 0.2793804861992531
0.33772819472616633, 0.4544481433286709
0.3356997971602434, 0.35792370519223754
0.34787018255578095, 0.41285855768943647
0.33772819472616633, 0.3073808943417061
0.33468559837728196, 0.2887200786495394
0.3225152129817444, 0.3304407143472579
0.3539553752535497, 0.26261401287918634
0.33874239350912777, 0.370291315005266
0.35598377281947263, 0.44461115806972124
0.32454361054766734, 0.2998832284367442
0.3356997971602434, 0.325653265525234
0.36105476673427994, 0.46549620375162354
0.3711967545638945, 0.49874465550051983
0.3204868154158215, 0.40593891133624327
0.3438133874239351, 0.3446317948130888
0.35192697768762676, 0.44785712572640524
0.332657200811359, 0.36075087862644795
0.31947261663286003, 0.268603795833643
0.3286004056795132, 0.35936307507912846
0.3438133874239351, 0.5145954012750182
0.345841784989858, 0.42092561656900696
0.3580121703853955, 0.3834528547705312
0.3407707910750507, 0.3521812156625239
0.36511156186612576, 0.4003990223269802
0.332657200811359, 0.2945466742457617
0.34685598377281945, 0.41484603242466905
0.31947261663286003, 0.39263124231241886
0.3184584178498986, 0.2873807008691001
0.3438133874239351, 0.44213215028797515
0.34685598377281945, 0.41155100339841894
0.30831643002028397, 0.18392324367901142
0.33772819472616633, 0.4303487038980027
0.3275862068965517, 0.4223365717795686
0.33874239350912777, 0.34247025869676995
0.3640973630831643, 0.39867202391454526
0.33468559837728196, 0.40471059960152567
0.359026369168357, 0.2414658491952558
0.3356997971602434, 0.374962998540018
0.35192697768762676, 0.311287220574908
0.34787018255578095, 0.4150730703462562
0.34787018255578095, 0.2586955146873342
0.33772819472616633, 0.4384566308025948
0.3438133874239351, 0.37170781801907704
0.3448275862068966, 0.305530306233568
0.33367139959432046, 0.31520325733132815
0.3448275862068966, 0.4220261418234996
0.33367139959432046, 0.3960649664981855
0.3265720081135903, 0.27035699203988645
0.35699797160243407, 0.428489845035988
0.3275862068965517, 0.34858055979931435
0.32454361054766734, 0.2338062292743902
0.3488843813387424, 0.40150431977470186
0.3235294117647059, 0.34357639749151364
0.3306288032454361, 0.32318205058763655
0.3133874239350913, 0.3341278962843397
0.35192697768762676, 0.25227022447852815
0.3539553752535497, 0.5315262757633783
0.3154158215010142, 0.29171429328600385
0.36105476673427994, 0.3935846219553988
0.3255578093306288, 0.3451912706547623
0.3691683569979716, 0.27167942432879233
0.3174442190669371, 0.12738571021531714
0.36004056795131845, 0.4466827246544329
0.3407707910750507, 0.35214619818544424
0.359026369168357, 0.40628931234528015
0.3407707910750507, 0.3499897983886535
0.33772819472616633, 0.36314197584683316
0.34787018255578095, 0.24406933352798676
0.32454361054766734, 0.32977057836436585
0.3509127789046653, 0.30675568178872253
0.33975659229208927, 0.16787297857073924
0.3620689655172414, 0.3985552861432642
0.34685598377281945, 0.29985983397723165
0.32961460446247465, 0.10517621594762469
0.35496957403651114, 0.25165832329025417
0.3306288032454361, 0.2841998217371313
0.35192697768762676, 0.2854371163428265
0.3488843813387424, 0.3743723697757022
0.35598377281947263, 0.3550187820937296
0.3539553752535497, 0.27279400742931725
0.33367139959432046, 0.3353166380126087
0.3356997971602434, 0.38541204453781097
0.32961460446247465, 0.3923565659097196
0.31135902636916835, 0.19791712654281604
0.3772819472616633, 0.34509962824794427
0.33772819472616633, 0.27433592718969707
0.35598377281947263, 0.2578808128853172
0.33772819472616633, 0.2719254845694463
0.33975659229208927, 0.32727234928546844
0.3448275862068966, 0.3349169237109467
0.3306288032454361, 0.2713864608792033
0.3184584178498986, 0.2942994051736813
0.35598377281947263, 0.3508210489758674
0.3691683569979716, 0.4647455403230355
0.3691683569979716, 0.2780424197579241
0.3448275862068966, 0.2844045145294836
0.32454361054766734, 0.3156474906680529
0.3235294117647059, 0.26782778152780773
0.34787018255578095, 0.40686170626375584
0.31947261663286003, 0.2476339812988832
0.332657200811359, 0.28858039509788425
0.3154158215010142, 0.23716392402480913
0.35699797160243407, 0.30655453272779465
0.3448275862068966, 0.27386701678403563
0.3286004056795132, 0.29536661316856927
0.3438133874239351, 0.2474309638881687
0.3671399594320487, 0.3880712976395119
0.3509127789046653, 0.37304859426647474
0.3144016227180527, 0.24309772582985184
0.372210953346856, 0.4153298011757566
0.3509127789046653, 0.3075154211740142
0.3448275862068966, 0.4181709117848007
0.33468559837728196, 0.4572810165605778
0.33975659229208927, 0.2890864505106276
0.35699797160243407, 0.346802831074184
0.345841784989858, 0.30075253593557505
0.36105476673427994, 0.2835331269281146
0.36105476673427994, 0.34073217334813055
0.3407707910750507, 0.400501294977902
0.345841784989858, 0.15350382887875547
0.345841784989858, 0.36544687169871953
0.3275862068965517, 0.3238602910605989
0.3225152129817444, 0.28451080035754345
0.31947261663286003, 0.24700068860774954
0.3407707910750507, 0.3443091398056688
0.3255578093306288, 0.35890687501466434
0.34685598377281945, 0.3070842058792708
0.3580121703853955, 0.33952658240236266
0.3286004056795132, 0.2700210552071025
0.31643002028397565, 0.10431879496950205
0.3539553752535497, 0.45738062593263673
0.3448275862068966, 0.3912684016937453
0.3316430020283976, 0.2919697632038882
0.3356997971602434, 0.23311123356752383
0.3286004056795132, 0.26861429400891035
0.30628803245436104, 0.33448303286363135
0.34989858012170383, 0.28768226203964087
0.34178498985801214, 0.24482612854068225
0.34178498985801214, 0.22626310172053501
0.33772819472616633, 0.29369826731008897
0.3316430020283976, 0.2870981834019904
0.3235294117647059, 0.4370089464127206
0.3671399594320487, 0.3923330469892681
0.34989858012170383, 0.3539448819312858
0.3448275862068966, 0.16941112767599437
0.3772819472616633, 0.4053136267563377
0.34787018255578095, 0.2915915539291457
0.3448275862068966, 0.2879327312161782
0.36004056795131845, 0.33776460170678924
0.3316430020283976, 0.2889057878394812
0.3133874239350913, 0.3047318965407785
0.345841784989858, 0.35033816682122887
0.33772819472616633, 0.36601403782531433
0.332657200811359, 0.3572918385865918
0.3022312373225152, 0.19596797776706532
0.35192697768762676, 0.34730780626912294
0.3367139959432049, 0.34315774711355196
0.32150101419878296, 0.40034296743108033
0.35294117647058826, 0.4492419431452395
0.3235294117647059, 0.231187215018577
0.3509127789046653, 0.2537383345709045
0.3367139959432049, 0.24560817967675416
0.34178498985801214, 0.3371415265830744
0.32454361054766734, 0.3169195977535501
0.3204868154158215, 0.44578925510356515
0.3580121703853955, 0.3973020995525549
0.3174442190669371, 0.25077376236792326
0.3316430020283976, 0.4955058396693274
0.33874239350912777, 0.4069866132853375
0.3539553752535497, 0.44045937744871305
0.33772819472616633, 0.4251900277398184
0.3235294117647059, 0.26073377596654623
0.3539553752535497, 0.4523475043593179
0.31643002028397565, 0.292789030374524
0.3448275862068966, 0.42387329240235794
0.3691683569979716, 0.3938423754062949
0.3356997971602434, 0.43923693955657583
0.33975659229208927, 0.2598868546705957
0.36004056795131845, 0.37298166678050904
0.3255578093306288, 0.38301739644931276
0.359026369168357, 0.45058016403360435
0.3640973630831643, 0.4252741346039579
0.32961460446247465, 0.4196464724492596
0.3539553752535497, 0.2555355113566273
0.3438133874239351, 0.3084285919901854
0.3438133874239351, 0.30025268573520913
0.33468559837728196, 0.2208925716767912
0.3367139959432049, 0.19615914507689913
0.3316430020283976, 0.3200363619779846
0.3255578093306288, 0.31286481437610325
0.3356997971602434, 0.2449322081677396
0.3620689655172414, 0.342182945454706
0.35699797160243407, 0.24819832171437795
0.3103448275862069, 0.33032624216718515
0.33367139959432046, 0.2733523893750754
0.32150101419878296, 0.29923982570653407
0.3184584178498986, 0.26426770856211185
0.33367139959432046, 0.2869484009461832
0.33874239350912777, 0.2980534945285953
0.359026369168357, 0.3987087696083941
0.33874239350912777, 0.2869459499221972
0.32150101419878296, 0.24855397170931892
0.37322515212981744, 0.36642591230393684
0.34178498985801214, 0.39639457724462457
0.34178498985801214, 0.3144903430175845
0.3488843813387424, 0.29553442322898954
0.3620689655172414, 0.4747935166293176
0.34787018255578095, 0.2544320957134758
0.31947261663286003, 0.27561993374607896
0.3640973630831643, 0.34934623368804996
0.3184584178498986, 0.4049558164262987
0.3275862068965517, 0.28256736608436367
0.3407707910750507, 0.3846754253692969
0.3488843813387424, 0.5050725005825678
0.3630831643002028, 0.35302555741188535
0.33874239350912777, 0.37615397605336653
0.3367139959432049, 0.13212651042726123
0.3306288032454361, 0.2815472557433891
0.31947261663286003, 0.3859218884334582
0.34989858012170383, 0.3122708620338185
0.30730223123732253, 0.2729833167608572
0.35496957403651114, 0.3637986755424253
0.33874239350912777, 0.357962887951798
0.36004056795131845, 0.2926489735567753
0.35699797160243407, 0.33247838497566173
0.3286004056795132, 0.20016282246075112
0.34279918864097364, 0.3208087600675419
0.3286004056795132, 0.20157810845664464
0.3367139959432049, 0.2523864176119435
0.32454361054766734, 0.31749384053060525
0.35699797160243407, 0.38562187040487994
0.3488843813387424, 0.4195077400801033
0.3691683569979716, 0.3334245042113513
0.3184584178498986, 0.21101031110120122
0.33772819472616633, 0.2240227497914581
0.3367139959432049, 0.3071332520586708
0.3448275862068966, 0.43270412832005345
0.34178498985801214, 0.2826178842847897
0.3580121703853955, 0.5067757874281937
0.3316430020283976, 0.30855726455522425
0.36105476673427994, 0.3646502879902825
0.35699797160243407, 0.4442214106597747
0.345841784989858, 0.35331736090638255
0.35192697768762676, 0.18803728511359555
0.345841784989858, 0.3318746983047483
0.36004056795131845, 0.3124280808071646
0.332657200811359, 0.3975543738196271
0.332657200811359, 0.2199457495374324
0.33367139959432046, 0.3855514108165421
0.34685598377281945, 0.43868885858642026
0.33367139959432046, 0.2598926081736521
0.36815415821501013, 0.41520426624094053
0.32961460446247465, 0.3484914251950352
0.372210953346856, 0.40194426748882106
0.3265720081135903, 0.36825104109487694
0.3448275862068966, 0.40736253089374175
0.3235294117647059, 0.28936430307081157
0.34787018255578095, 0.26586658848881667
0.3235294117647059, 0.31106508211496464
0.33367139959432046, 0.3351499367449749
0.35192697768762676, 0.3429008852215164
0.33367139959432046, 0.44640065798677253
0.3204868154158215, 0.392630952503187
0.3691683569979716, 0.40266321628955065
0.35699797160243407, 0.3597535258438602
0.3306288032454361, 0.2579566054024884
0.345841784989858, 0.25947985459615597
0.31643002028397565, 0.2690041056102056
0.3286004056795132, 0.4328155207546709
0.34787018255578095, 0.2677287649840074
0.30831643002028397, 0.27000257614617995
0.35699797160243407, 0.3870009470532127
0.3438133874239351, 0.23267460177569044
0.32454361054766734, 0.3060961446058433
0.35496957403651114, 0.39296975891457164
0.359026369168357, 0.42778247738270625
0.31947261663286003, 0.27494268228729357
0.3580121703853955, 0.31585231752532356
0.3509127789046653, 0.31656775645626356
0.34178498985801214, 0.39374609792290205
0.372210953346856, 0.4710881864765135
0.3691683569979716, 0.42821066481393943
0.35294117647058826, 0.31633209793308137
0.34989858012170383, 0.45989483950520876
0.332657200811359, 0.25372024809739163
0.34787018255578095, 0.3752516668791699
0.3367139959432049, 0.3411324841051417
0.3306288032454361, 0.3300663408168824
0.3630831643002028, 0.40404953808694266
0.345841784989858, 0.3592378052030737
0.34989858012170383, 0.3175764766841759
0.3640973630831643, 0.3952047425303929
0.33468559837728196, 0.17172489346527905
0.3235294117647059, 0.2838956169956081
0.34685598377281945, 0.2832634896124365
0.34279918864097364, 0.32647961911286805
0.3316430020283976, 0.3251873709113361
0.35699797160243407, 0.32965449592107376
0.332657200811359, 0.3029564916130303
0.34989858012170383, 0.4716407688681368
0.3133874239350913, 0.49341341242228165
0.3316430020283976, 0.24900421454758054
0.35192697768762676, 0.3924804767353075
0.3407707910750507, 0.3458143322369218
0.3144016227180527, 0.5509038288284052
0.332657200811359, 0.2940761645352875
0.32961460446247465, 0.2746193332744365
0.33468559837728196, 0.31894717015730345
0.33468559837728196, 0.3141004687229954
0.3752535496957404, 0.395651631050419
0.35598377281947263, 0.3455883589322444
0.3275862068965517, 0.23323915940464574
0.36004056795131845, 0.21488523291013675
0.3306288032454361, 0.2598666625785639
0.33468559837728196, 0.10697356882256473
0.34685598377281945, 0.37791786179353126
0.32150101419878296, 0.43325699127296224
0.35294117647058826, 0.42320936263535447
0.35294117647058826, 0.27715283665102525
0.3204868154158215, 0.279644548710411
0.3316430020283976, 0.301579278337992
0.33874239350912777, 0.31661341738162924
0.3539553752535497, 0.32505064778648696
0.3225152129817444, 0.28335767127924716
0.3275862068965517, 0.30744451141659346
0.35496957403651114, 0.3339899968341068
0.30730223123732253, 0.3120575371622163
0.34279918864097364, 0.3759010631585308
0.33874239350912777, 0.38489996635312407
0.33468559837728196, 0.28132982454347244
0.3154158215010142, 0.3330356513764395
0.35598377281947263, 0.315487883801025
0.3356997971602434, 0.3193730420722344
0.33874239350912777, 0.27202091680327306
0.36511156186612576, 0.4143339962028535
0.3286004056795132, 0.32853021883249034
0.3509127789046653, 0.42197686705970994
0.30831643002028397, 0.3582596925658581
0.33468559837728196, 0.3150318469264032
0.35598377281947263, 0.27721264512991234
0.34787018255578095, 0.26928059530023957
0.34989858012170383, 0.3400949503327386
0.33975659229208927, 0.36195344031535903
0.33975659229208927, 0.44160867381340707
0.36511156186612576, 0.3721139159856889
0.3691683569979716, 0.41228200836022294
0.3813387423935091, 0.31583805894000166
0.32150101419878296, 0.2381292739554521
0.3894523326572008, 0.423351181302387
0.38235294117647056, 0.44728058198482246
0.33975659229208927, 0.3580936342020514
0.3448275862068966, 0.3373425671255953
0.31237322515212984, 0.31203336240943524
0.3184584178498986, 0.3329623646194787
0.30628803245436104, 0.3156647868107094
0.3225152129817444, 0.07999863353274414
0.3671399594320487, 0.2763954797737346
0.34279918864097364, 0.20479741959426412
0.33975659229208927, 0.3041534616253575
0.34279918864097364, 0.46509153327524677
0.3367139959432049, 0.31601544910242574
0.33975659229208927, 0.429163007829336
0.3133874239350913, 0.25336859186653266
0.3438133874239351, 0.28804972947012025
0.33975659229208927, 0.32782549156389673
0.36004056795131845, 0.4090912534701169
0.3539553752535497, 0.30163452821621245
0.33874239350912777, 0.2874964180131148
0.3640973630831643, 0.38793281582356715
0.33975659229208927, 0.44340956001017306
0.33874239350912777, 0.25187792654775104
0.3448275862068966, 0.28961988701976743
0.34178498985801214, 0.35438625755945435
0.3306288032454361, 0.3162183870750789
0.3316430020283976, 0.2083867456001249
0.3580121703853955, 0.24023603169901395
0.3509127789046653, 0.36860488542116476
0.34989858012170383, 0.4034147628704261
0.33975659229208927, 0.3517007878492011
0.3316430020283976, 0.3867060190559464
0.3752535496957404, 0.38798266643523216
0.3255578093306288, 0.22663943132639364
0.34787018255578095, 0.39489732031769564
0.3630831643002028, 0.35279221474712846
0.3448275862068966, 0.3799846896145327
0.32454361054766734, 0.24026685184025706
0.37322515212981744, 0.48512823276143546
0.35192697768762676, 0.3663693115011959
0.3286004056795132, 0.28163217747025204
0.3407707910750507, 0.1896382875528376
0.3448275862068966, 0.35969216595030684
0.31135902636916835, 0.43042595785788884
0.3711967545638945, 0.3445671960110903
0.34787018255578095, 0.3836189722982447
0.35294117647058826, 0.3911567809225228
0.33367139959432046, 0.25028657964078493
0.3286004056795132, 0.21108785668983415
0.3184584178498986, 0.22114882455323626
0.3174442190669371, 0.3103052858488634
0.3204868154158215, 0.47038065000676776
0.31643002028397565, 0.0800506015557735
0.32961460446247465, 0.4307583242497969
0.3488843813387424, 0.4007826118884819
0.33367139959432046, 0.34452152995676866
0.3275862068965517, 0.3085480050383891
0.3620689655172414, 0.3584198248415176
0.34787018255578095, 0.41954406235810515
0.33367139959432046, 0.2500285023679917
0.3448275862068966, 0.4025989724544847
0.33772819472616633, 0.3320973228070141
0.3306288032454361, 0.40359069868075303
0.345841784989858, 0.4208179940034663
0.34685598377281945, 0.27703984797858466
0.3306288032454361, 0.3146030471028174
0.3620689655172414, 0.47887928023908766
0.32961460446247465, 0.3614068898526317
0.3306288032454361, 0.24387518569717814
0.345841784989858, 0.32608396456812605
0.332657200811359, 0.42171081280583833
0.3620689655172414, 0.47729372248271273
0.3286004056795132, 0.3746381742273279
0.3144016227180527, 0.39735589676332284
0.33772819472616633, 0.34260133752292066
0.35294117647058826, 0.40378869925365535
0.30831643002028397, 0.1803203233896316
0.3640973630831643, 0.31562570745692486
0.3255578093306288, 0.29512722095192023
0.3580121703853955, 0.3911216361161937
0.3367139959432049, 0.31301211523227346
0.3275862068965517, 0.34508900522656333
0.34989858012170383, 0.4009994712654874
0.3225152129817444, 0.23043835887765202
0.33772819472616633, 0.3183255786417649
0.33874239350912777, 0.42473946335970847
0.345841784989858, 0.40692022358982016
0.34989858012170383, 0.4523739099573403
0.3488843813387424, 0.3628732246010523
0.34178498985801214, 0.5379620604695258
0.33975659229208927, 0.41285429450582123
0.345841784989858, 0.44110957147528373
0.33975659229208927, 0.27644058481643174
0.3580121703853955, 0.36627369732576426
0.35598377281947263, 0.33491338995444253
0.30831643002028397, 0.39564917389507737
0.33975659229208927, 0.272342045260927
0.32454361054766734, 0.3416221881784175
0.35496957403651114, 0.4408782047444869
0.36105476673427994, 0.3782866611137241
0.33367139959432046, 0.29266641712780916
0.3580121703853955, 0.41735798926841616
0.34178498985801214, 0.3701277352786901
0.345841784989858, 0.40915407635527207
0.33367139959432046, 0.24287870211547286
0.3438133874239351, 0.3872966185834016
0.33772819472616633, 0.2995527716689917
0.3438133874239351, 0.3583999146401339
0.3620689655172414, 0.2726908991858856
0.34279918864097364, 0.24496785443963806
0.36815415821501013, 0.49399023760182015
0.3539553752535497, 0.5003423734397867
0.345841784989858, 0.45968115010825744
0.34178498985801214, 0.398290911312841
0.3225152129817444, 0.34121605282605993
0.33874239350912777, 0.415295217697046
0.33367139959432046, 0.3202107058055551
0.34685598377281945, 0.41350829105115117
0.3630831643002028, 0.42763855847228316
0.35598377281947263, 0.4574010708181814
0.31237322515212984, 0.4849148231922482
0.34685598377281945, 0.32508329953558035
0.3407707910750507, 0.25762895977364775
0.33772819472616633, 0.4801237833106855
0.3539553752535497, 0.19277521917393176
0.3580121703853955, 0.36417857863220615
0.3488843813387424, 0.34805941179957234
0.33772819472616633, 0.34081077283724115
0.332657200811359, 0.2234948672036724
0.33975659229208927, 0.32335795448589827
0.3184584178498986, 0.31543341090892285
0.35192697768762676, 0.33371588984968203
0.35294117647058826, 0.4109367766445562
0.33772819472616633, 0.2722472653655972
0.36004056795131845, 0.3798636452092472
0.34178498985801214, 0.3046243614024371
0.3367139959432049, 0.3244167667947856
0.3184584178498986, 0.2793471694854196
0.35699797160243407, 0.4038760887021121
0.36105476673427994, 0.3976664284664666
0.3630831643002028, 0.2575158055928862
0.372210953346856, 0.36400705901092534
0.33367139959432046, 0.3407191591401221
0.34178498985801214, 0.5040570065746559
0.3286004056795132, 0.27408073548267786
0.35192697768762676, 0.3645281800673559
0.33874239350912777, 0.36256782532994414
0.35598377281947263, 0.3794011313562878
0.33772819472616633, 0.33452637449581013
0.3144016227180527, 0.26712787193740317
0.3438133874239351, 0.38933522791836994
0.345841784989858, 0.4427740595776345
0.33367139959432046, 0.32947420122468796
0.36511156186612576, 0.43644895629245045
0.32961460446247465, 0.24937092608542696
0.34178498985801214, 0.3887138612870482
0.33975659229208927, 0.35300979575205654
0.35699797160243407, 0.45976610783308125
0.3174442190669371, 0.25786851627668866
0.345841784989858, 0.2811514347037355
0.3509127789046653, 0.44295281507050965
0.33874239350912777, 0.34440220877930494
0.332657200811359, 0.33015270365500554
0.3184584178498986, 0.2594406045670311
0.3306288032454361, 0.35289790693284984
0.3580121703853955, 0.36534059427952986
0.35294117647058826, 0.38699745625631976
0.345841784989858, 0.3333191982147894
0.32961460446247465, 0.3439065494555712
0.3174442190669371, 0.2352146922574168
0.3255578093306288, 0.27161154533956866
0.34178498985801214, 0.2988905611633442
0.2971602434077079, 0.27312050419986283
0.3174442190669371, 0.2421541004573181
0.3813387423935091, 0.31472353820654597
0.32961460446247465, 0.27539207977855723
0.33367139959432046, 0.3744041328653095
0.3640973630831643, 0.42537607476701433
0.35598377281947263, 0.43106991492868313
0.3448275862068966, 0.23344401341602644
0.3367139959432049, 0.21412610113295444
0.33468559837728196, 0.3770468092812577
0.3265720081135903, 0.4156290363222389
0.345841784989858, 0.33726535810533714
0.3306288032454361, 0.34814173563757383
0.332657200811359, 0.20569102564155306
0.33975659229208927, 0.4282504441692513
0.34279918864097364, 0.3422947444392827
0.345841784989858, 0.27976724241890927
0.31135902636916835, 0.379751210809957
0.3265720081135903, 0.36284969541513257
0.34685598377281945, 0.454714088022835
0.3448275862068966, 0.3289688633714118
0.3580121703853955, 0.35397069528765834
0.34178498985801214, 0.42858870456834186
0.3144016227180527, 0.30451898676648315
0.34685598377281945, 0.35562994206052256
0.3286004056795132, 0.2757126992444887
0.36511156186612576, 0.24297610897594926
0.3356997971602434, 0.2656731701425523
0.3509127789046653, 0.36846135933609603
0.36004056795131845, 0.371005148270856
0.35496957403651114, 0.3376151406246738
0.3448275862068966, 0.3925767667143048
0.345841784989858, 0.3595368705919695
0.3367139959432049, 0.31973779746094194
0.332657200811359, 0.39155916883186437
0.3235294117647059, 0.3342989041920873
0.32961460446247465, 0.24427461715824755
0.37018255578093306, 0.36119027643148843
0.32961460446247465, 0.2949637752491928
0.3448275862068966, 0.3416414648055511
0.3539553752535497, 0.32823987424691287
0.3316430020283976, 0.16388621956958344
0.3539553752535497, 0.19318751084401298
0.3752535496957404, 0.4326988337117408
0.33772819472616633, 0.22853720581006942
0.3255578093306288, 0.1600123432253514
0.34685598377281945, 0.34168312088428693
0.3448275862068966, 0.3584162513870828
0.3742393509127789, 0.32877472454855605
0.32454361054766734, 0.4301046191372386
0.31643002028397565, 0.28774867899981393
0.35294117647058826, 0.27615414156534257
0.3255578093306288, 0.17850408727958852
0.3661257606490872, 0.31908618281218715
0.345841784989858, 0.3076334159809244
0.359026369168357, 0.28313426916033474
0.3265720081135903, 0.49873736725240725
0.33772819472616633, 0.18160119075312112
0.35192697768762676, 0.41232240292501127
0.30324543610547666, 0.2670441183071077
0.3580121703853955, 0.35820925657273067
0.3255578093306288, 0.28989134221264634
0.3204868154158215, 0.29837941366146625
0.359026369168357, 0.39202435995287344
0.3438133874239351, 0.3513181722595293
0.3448275862068966, 0.4384518843147702
0.34685598377281945, 0.357144797504077
0.3640973630831643, 0.37247263280009985
0.3235294117647059, 0.43748329694897914
0.32150101419878296, 0.3605517709738002
0.35192697768762676, 0.4123894119284933
0.3488843813387424, 0.3546171820333992
0.3255578093306288, 0.2926150185825299
0.3144016227180527, 0.34867594845643346
0.35699797160243407, 0.267726640590624
0.3661257606490872, 0.3648917452387411
0.33975659229208927, 0.38031293503696956
0.35598377281947263, 0.43574238598511983
0.32150101419878296, 0.41175778609472513
0.3448275862068966, 0.412255250324695
0.3286004056795132, 0.282203099025101
0.3488843813387424, 0.40050696840827305
0.3742393509127789, 0.41874135946045465
0.33874239350912777, 0.3338367107284967
0.31947261663286003, 0.3135965640071017
0.3356997971602434, 0.33924092567031666
0.3286004056795132, 0.34313795460601426
0.35294117647058826, 0.45274432582890345
0.3316430020283976, 0.36452569152653674
0.3286004056795132, 0.2824785508481549
0.3407707910750507, 0.4197442633917798
0.3356997971602434, 0.39800163440605085
0.3407707910750507, 0.4168239701879333
0.372210953346856, 0.3872294569864936
0.33468559837728196, 0.4411097729915582
0.3204868154158215, 0.4437296670806864
0.35496957403651114, 0.44140231874775104
0.31135902636916835, 0.255074078439237
0.3438133874239351, 0.3287142594274024
0.3488843813387424, 0.3002924031528238
0.3275862068965517, 0.2657409882070745
0.32454361054766734, 0.35805103989951736
0.35699797160243407, 0.339312193387341
0.33772819472616633, 0.2666731675464566
0.35294117647058826, 0.30292317776462435
0.33468559837728196, 0.32707267705197196
0.3448275862068966, 0.4231189726555009
0.332657200811359, 0.26832429812592384
0.3174442190669371, 0.29931423837126253
0.3255578093306288, 0.2790039851264547
0.3580121703853955, 0.30840952158418694
0.33874239350912777, 0.3852741499775265
0.3640973630831643, 0.39240103176883423
0.3539553752535497, 0.3017761405140309
0.36105476673427994, 0.3776203118085448
0.3184584178498986, 0.37692181562220967
0.3265720081135903, 0.45505466991423976
0.3144016227180527, 0.281763019327967
0.3762677484787018, 0.3371532871354337
0.33874239350912777, 0.2831488603892306
0.34178498985801214, 0.2892861182791828
0.3691683569979716, 0.3463306415811719
0.3316430020283976, 0.34480714368791177
0.32961460446247465, 0.3108575165679481
0.31947261663286003, 0.24591158138500457
0.34279918864097364, 0.3811898377942098
0.3286004056795132, 0.27842982369908137
0.35699797160243407, 0.36461672135395456
0.3255578093306288, 0.25038376505480614
0.345841784989858, 0.3137491139682762
0.359026369168357, 0.44348606994326334
0.3448275862068966, 0.41397871972126044
0.35699797160243407, 0.3957252179306362
0.35192697768762676, 0.275264243231638
0.34787018255578095, 0.18676318000893039
0.3661257606490872, 0.3181508244320277
0.35294117647058826, 0.33180054842604
0.35699797160243407, 0.2868549483485723
0.3640973630831643, 0.521972531083756
0.33874239350912777, 0.35344747528302634
0.34685598377281945, 0.33545697419371023
0.3265720081135903, 0.38888891980145857
0.37322515212981744, 0.3327094795525349
0.33874239350912777, 0.3069253532998246
0.32454361054766734, 0.34573056350226894
0.34787018255578095, 0.2531942708657373
0.34178498985801214, 0.32534251815834897
0.3255578093306288, 0.30455886522300335
0.33975659229208927, 0.2574544122070669
0.33975659229208927, 0.30677156072353284
0.35598377281947263, 0.2619379826967858
0.3448275862068966, 0.3942189148546368
0.35598377281947263, 0.4170843180793341
0.3235294117647059, 0.30544366492509856
0.3204868154158215, 0.22142400146436614
0.3509127789046653, 0.4303427291828804
0.3438133874239351, 0.2122584927037212
0.3367139959432049, 0.3167094702421212
0.33367139959432046, 0.22046669400292002
0.36004056795131845, 0.31213661822555727
0.3265720081135903, 0.17653274070721275
0.3184584178498986, 0.2997594762859985
0.35192697768762676, 0.3464183545394916
0.34989858012170383, 0.2396316590105625
0.33468559837728196, 0.48355035504772803
0.32961460446247465, 0.3132160190544936
0.35598377281947263, 0.43764394948569557
0.3286004056795132, 0.31714905505130553
0.3306288032454361, 0.44777386583002715
0.34178498985801214, 0.2447328280451414
0.3539553752535497, 0.3572104612589596
0.345841784989858, 0.3248243831059807
0.3580121703853955, 0.3151121666741562
0.3640973630831643, 0.5054908239579801
0.34989858012170383, 0.4566759158128729
0.3235294117647059, 0.15454383522992682
0.34178498985801214, 0.19291390698027683
0.3509127789046653, 0.475410973462284
0.3275862068965517, 0.407402373752489
0.37829614604462475, 0.48755153776284454
0.3255578093306288, 0.42997511560500046
0.3438133874239351, 0.33787686314712917
0.3509127789046653, 0.28979739177848785
0.332657200811359, 0.34130780806147826
0.34685598377281945, 0.2444668633201434
0.34787018255578095, 0.42493967594835447
0.33468559837728196, 0.2815254116106499
0.32961460446247465, 0.3759877781636775
0.36004056795131845, 0.4625106063410349
0.33975659229208927, 0.31154656991308016
0.3356997971602434, 0.3029567985785535
0.359026369168357, 0.34349210397408936
0.3620689655172414, 0.3676915887472477
0.3367139959432049, 0.3869050952037793
0.385395537525355, 0.3682757227394152
0.3265720081135903, 0.255786924996058
0.3580121703853955, 0.2967561576008895
0.36004056795131845, 0.3928439504005583
0.3580121703853955, 0.28856569650915476
0.34178498985801214, 0.38970977267530515
0.3640973630831643, 0.31760689006411036
0.3265720081135903, 0.3479617752858847
0.34178498985801214, 0.34711972535403646
0.3225152129817444, 0.4047356800264905
0.34685598377281945, 0.2595775406733989
0.32150101419878296, 0.35531551353950225
0.3204868154158215, 0.195065744497436
0.3580121703853955, 0.3747418965274255
0.33874239350912777, 0.3750610598663113
0.35699797160243407, 0.5255998744176689
0.34178498985801214, 0.4689506791833504
0.33874239350912777, 0.3301855801556188
0.35294117647058826, 0.43568266676880796
0.3438133874239351, 0.2924241045202439
0.3438133874239351, 0.3168634745433618
0.31643002028397565, 0.3151591016108379
0.3580121703853955, 0.42318750639564057
0.32454361054766734, 0.30502550404372636
0.3306288032454361, 0.21091563968423455
0.3448275862068966, 0.40324854048635483
0.35192697768762676, 0.34035723327817874
0.3580121703853955, 0.4316163972861675
0.31947261663286003, 0.27710678851561515
0.3204868154158215, 0.3147801825519283
0.34178498985801214, 0.2877798009155671
0.3691683569979716, 0.48251169755539225
0.33468559837728196, 0.26147695632385837
0.3235294117647059, 0.3537076697719914
0.3174442190669371, 0.355706068708167
0.3306288032454361, 0.3274699868009312
0.35699797160243407, 0.3214253001487867
0.31135902636916835, 0.23013373919059577
0.33874239350912777, 0.36411244297570994
0.3438133874239351, 0.2987886026353581
0.37322515212981744, 0.3947532733923449
0.34178498985801214, 0.29593777653894765
0.3306288032454361, 0.34803681588374746
0.3306288032454361, 0.2973253657742755
0.3630831643002028, 0.31963931558956826
0.36511156186612576, 0.4230180785521118
0.33468559837728196, 0.354145232123053
0.30425963488843816, 0.32187961176495883
0.3144016227180527, 0.2307681782017222
0.3407707910750507, 0.42952472034116707
0.36004056795131845, 0.4995280782703291
0.36815415821501013, 0.363674121383459
0.31947261663286003, 0.3000818563704696
0.3580121703853955, 0.4037694158050575
0.34178498985801214, 0.22456958963795323
0.31947261663286003, 0.4578101696118746
0.3225152129817444, 0.427203831973485
0.359026369168357, 0.3265582061735811
0.3316430020283976, 0.41381880201978993
0.36511156186612576, 0.25131352319049555
0.3488843813387424, 0.4070965811145861
0.33772819472616633, 0.3591698845246034
0.3235294117647059, 0.306411279640338
0.3275862068965517, 0.3715575040012147
0.332657200811359, 0.3791249311040774
0.3367139959432049, 0.5094139462023066
0.3275862068965517, 0.35912194691334637
0.3356997971602434, 0.3384396909792272
0.3539553752535497, 0.277421393103249
0.32961460446247465, 0.3804413135152199
0.34989858012170383, 0.33495271861854137
0.3539553752535497, 0.2573801776133572
0.3630831643002028, 0.2730786176230352
0.34685598377281945, 0.32675127942225235
0.33367139959432046, 0.2863769766411728
0.3255578093306288, 0.25451067992000453
0.3488843813387424, 0.4053995965207293
0.332657200811359, 0.29986360963473035
0.3539553752535497, 0.436069022309507
0.34685598377281945, 0.41442881257816677
0.345841784989858, 0.3029426782938409
0.30628803245436104, 0.34509009587268363
0.31237322515212984, 0.3924429180203273
0.3509127789046653, 0.3687489842452609
0.34685598377281945, 0.4267122774285216
0.3509127789046653, 0.3680046065522691
0.3488843813387424, 0.3730595820378218
0.35699797160243407, 0.32722036252165854
0.3488843813387424, 0.17885649641666085
0.34178498985801214, 0.26206002101944664
0.33975659229208927, 0.34057958581794884
0.3184584178498986, 0.24589440162471418
0.332657200811359, 0.20328159217840897
0.3407707910750507, 0.40709844559903713
0.3448275862068966, 0.37796014337827494
0.3640973630831643, 0.3498282157310404
0.34279918864097364, 0.3487968693619657
