ATE real, ATE estimado
0.9999999999999957, 0.9480938693309109
0.9999999999999963, 0.9586904420085404
1.000000000000001, 0.9999674272893381
0.9999999999999993, 0.9864902934343787
0.9999999999999992, 1.0155735545926614
0.9999999999999981, 1.003542060274468
1.0000000000000002, 0.9465197933909374
0.9999999999999984, 0.994628155594052
0.9999999999999969, 1.0479705977129152
0.9999999999999992, 0.9547240397362472
1.000000000000001, 0.933692002602034
1.0000000000000036, 0.9948009150613275
1.0000000000000002, 1.044918442556869
0.9999999999999964, 1.089894090309059
1.0000000000000018, 0.9654276749186065
0.9999999999999983, 1.019973041976094
0.9999999999999971, 1.0031520275140315
0.9999999999999981, 1.0289495613680093
0.9999999999999978, 0.9855353127187927
0.9999999999999964, 0.9835346238332431
1.0000000000000029, 1.0612657161152173
0.9999999999999989, 0.9741901448427641
0.9999999999999981, 1.0515248044487395
1.0, 1.0898031046052585
1.0000000000000036, 1.0653307533247889
0.9999999999999991, 1.0218735281162687
1.000000000000003, 0.9767926727748372
1.0000000000000018, 1.0442592457360684
0.9999999999999999, 0.9537926436221934
1.0000000000000027, 1.0076387609696988
1.0000000000000007, 1.0367690484230747
0.9999999999999971, 0.9909309161347049
0.9999999999999978, 1.0298115061550943
0.9999999999999992, 1.0335696415553755
0.9999999999999999, 1.086434643812515
1.0000000000000024, 1.0226002798906604
1.0000000000000009, 1.0588886811512466
0.9999999999999941, 1.0454703651256512
0.9999999999999968, 1.0390693742612755
1.0000000000000029, 0.9716786084881212
0.999999999999998, 0.9575751923744431
0.9999999999999996, 0.9737670816674341
1.0000000000000002, 0.9641084414322855
0.9999999999999976, 0.8788985644431402
0.9999999999999984, 0.9765172707912936
0.9999999999999991, 0.9723309616799259
0.9999999999999963, 1.030978548080097
1.0000000000000016, 1.0462411221705408
1.000000000000003, 1.022025921482621
0.9999999999999977, 0.9553414432701158
1.0000000000000009, 1.0341434921717527
0.9999999999999993, 1.0061316860104024
1.0, 1.0259111399089829
0.999999999999998, 0.9380782692943013
1.0000000000000009, 0.9898067125373061
0.9999999999999996, 1.0220069269965113
0.999999999999998, 1.1014389584498572
1.0000000000000002, 0.9279178687595684
1.000000000000001, 1.037349319219906
0.9999999999999989, 1.005847049221405
1.0, 0.9641344683316909
0.9999999999999957, 0.9641110580097828
0.9999999999999966, 0.9038852050803872
0.9999999999999941, 1.036548217465164
1.0000000000000033, 0.959118977011472
1.0000000000000018, 0.999867586832954
1.0, 0.9957341827467796
0.9999999999999991, 0.9408486856886645
0.9999999999999981, 0.9682226029584003
0.9999999999999966, 1.0084707014738559
1.0, 0.9668022491603272
1.0000000000000027, 0.8810867867830797
1.0000000000000038, 0.9770927244759458
1.0000000000000016, 1.0372081855882274
0.9999999999999973, 0.9857097290790544
0.9999999999999992, 1.0345791072993613
1.0000000000000022, 1.0037347891631998
1.0, 0.979979311151056
0.9999999999999991, 1.013151700107297
0.9999999999999988, 0.9876859008490723
1.0000000000000007, 1.0894644434408458
0.9999999999999989, 1.006322369632943
0.9999999999999997, 1.0471993165070625
0.9999999999999993, 1.0458850592892297
1.0000000000000007, 1.0095543386371824
1.0000000000000042, 0.9939594244324416
1.000000000000003, 0.9213743492519266
0.9999999999999972, 0.9804721924590918
0.9999999999999964, 1.0294427605977046
0.9999999999999988, 0.9272813311666562
1.0000000000000007, 0.9907659032310208
1.0000000000000018, 0.9674278280896785
1.0000000000000024, 1.006706603375936
1.0000000000000002, 1.0561332183479026
0.9999999999999978, 0.951897858522245
1.0000000000000022, 0.9668339547174494
0.9999999999999976, 0.9758070129441345
1.000000000000002, 0.9414273149921919
1.0000000000000002, 0.9864101060689228
0.9999999999999969, 0.9779242221041016
1.0000000000000038, 0.9983135734955414
0.9999999999999999, 0.9972183105831995
1.0, 0.9844513681314147
1.0000000000000016, 1.038858839837247
1.0, 0.9142273653730038
0.9999999999999984, 0.9934128107362791
1.0000000000000002, 1.0055740653304033
1.0000000000000029, 1.0657297670234076
1.0000000000000004, 0.9760716578577973
1.0000000000000018, 1.0161702195462632
1.0000000000000002, 0.9871293292310922
0.999999999999998, 1.0274069913017463
1.0000000000000002, 1.032355598658258
1.0000000000000004, 1.0421125827005209
0.9999999999999991, 0.9170018007806274
1.0000000000000004, 1.019668276002015
1.0000000000000007, 0.9854694044050891
0.9999999999999986, 0.9965517257674259
1.0000000000000007, 0.9285845121017908
0.9999999999999992, 1.035525518021957
0.9999999999999991, 1.0056919192785354
0.9999999999999984, 0.9091488642661161
1.0000000000000018, 0.9713494321774269
1.0000000000000018, 0.963632175739504
0.9999999999999976, 1.0341062548248912
1.000000000000002, 0.9302191649715567
1.0000000000000016, 1.026853277361069
1.0, 1.040213344531582
0.9999999999999999, 1.0746544723508407
0.9999999999999997, 1.0101606720259404
1.0000000000000038, 0.9717095284841107
1.0000000000000013, 1.0309048475226787
1.0000000000000049, 0.9976799035058241
1.0000000000000064, 1.0342704778925895
0.9999999999999997, 1.020978977120264
0.9999999999999978, 0.9519928497603449
1.0000000000000002, 1.0441749551829231
1.0000000000000013, 1.0153545220853093
1.0000000000000007, 0.9638487690054935
0.9999999999999981, 0.9733173922861258
0.9999999999999971, 0.9840707638925912
1.0000000000000038, 1.0557993397239847
0.9999999999999968, 0.9823492955265516
1.0000000000000029, 0.9548456183739881
1.0000000000000044, 0.9609941858063699
0.9999999999999966, 0.9981413261552423
0.9999999999999997, 1.042615233142339
1.0000000000000044, 0.9317766372132975
0.9999999999999996, 0.9988377820811529
1.0000000000000038, 1.016010845945818
0.9999999999999993, 1.005758630328478
1.000000000000004, 0.9917726392160269
1.0000000000000013, 0.9597787713373322
0.9999999999999997, 1.0257451420204264
1.0000000000000018, 1.043043512517717
1.0000000000000016, 1.0386676615428123
1.000000000000005, 0.945364743479982
0.9999999999999978, 0.9771735401163515
0.9999999999999983, 1.0476122265075645
0.9999999999999958, 1.0295657560290596
1.0000000000000018, 0.982781485000033
0.9999999999999997, 1.0064934878585414
1.0000000000000013, 1.0538325947229226
1.0000000000000016, 1.0447819544183807
0.9999999999999991, 1.0262307075980193
0.9999999999999968, 0.9949864418198033
0.9999999999999976, 0.9896104946098142
1.0000000000000013, 0.9586825863096125
0.9999999999999992, 0.9786888780000831
1.0000000000000033, 1.0601138706779296
1.0000000000000018, 1.008748629696703
1.0000000000000022, 1.0140953357267755
1.0000000000000002, 0.9792570416234139
0.9999999999999981, 0.9808070647232536
1.0000000000000002, 1.0161768612523459
1.0000000000000022, 0.9730327958752387
1.0000000000000018, 1.0601052677545182
1.0, 1.02648045746411
1.0000000000000022, 0.9369115081625042
0.9999999999999976, 0.9983405592438982
1.0000000000000002, 0.9928231451974949
1.0000000000000007, 0.987811581859396
0.9999999999999988, 0.9909166848776255
1.0000000000000022, 0.9687457467005167
1.0000000000000009, 1.0124634395589323
1.0000000000000044, 1.0213032549606222
0.9999999999999992, 0.9290309041298533
1.0000000000000002, 1.0105803337562256
1.0000000000000002, 0.9432657343286375
1.0, 0.9809310273119589
0.999999999999998, 0.9395084033964838
1.0000000000000004, 0.9629346919882347
0.9999999999999988, 0.9276246861622306
0.9999999999999971, 1.0279116807998994
1.0000000000000027, 0.9594417464953909
0.9999999999999999, 1.053162872507289
1.000000000000001, 0.9898916451402338
1.0000000000000004, 0.9666033830892513
1.0000000000000013, 1.0376137698641748
1.0000000000000002, 1.0167277504881465
1.0000000000000022, 0.9707514515670679
1.0000000000000036, 0.9746654917136706
0.9999999999999977, 1.006321048471209
0.9999999999999966, 0.971472007219883
0.9999999999999989, 1.0157988104266233
0.9999999999999992, 1.007900384172274
0.9999999999999976, 1.0144490587768162
1.0000000000000009, 0.9854573739982424
1.0000000000000044, 0.9671046773311565
0.9999999999999991, 1.0384005235775164
1.0000000000000027, 0.9943255827029884
0.9999999999999973, 0.9186224564577169
0.9999999999999993, 1.0866223159245407
1.0000000000000002, 1.0256727735922855
1.0000000000000033, 0.9614188228217292
0.9999999999999984, 1.01541693642053
1.0000000000000004, 0.9332203225930181
1.0000000000000016, 0.9525822231968027
0.9999999999999984, 1.017491639785382
1.0000000000000036, 0.9577933514193153
0.9999999999999993, 1.054744171417094
1.0000000000000024, 1.0549325048648537
0.9999999999999977, 1.0406887277475703
1.0000000000000013, 0.9320295814923777
1.0000000000000013, 1.0002356176715423
1.0000000000000009, 0.9578825432264654
0.9999999999999977, 1.0387769456446314
1.0000000000000013, 1.0683773814214923
0.9999999999999969, 0.9588122665192622
0.9999999999999989, 1.0231703487845198
1.0000000000000018, 0.996654651078644
0.9999999999999984, 0.9966847014628948
0.9999999999999976, 0.9664183905505717
1.0000000000000036, 1.056134573865356
0.9999999999999989, 0.9748412280205899
1.0, 1.0222180378745471
1.0000000000000007, 1.057258825160875
1.000000000000002, 0.9938667374482849
1.0000000000000009, 1.076880034544862
0.9999999999999999, 0.939713488284781
1.0000000000000002, 1.045913157366622
1.000000000000003, 1.0506725240412988
1.0000000000000036, 1.0291471996896806
1.0000000000000004, 0.9470407510549665
1.0000000000000038, 0.9336685296928412
1.0000000000000022, 1.0384610766137317
0.9999999999999996, 0.9808977240757727
1.0000000000000018, 1.0254867932164395
1.0000000000000018, 1.0625363164829171
1.0000000000000004, 0.9845585160850826
1.0000000000000018, 1.0227109676128532
1.000000000000004, 0.9282986028797473
1.0000000000000013, 0.9401444128011226
1.0000000000000018, 1.0051525000450174
0.9999999999999989, 1.0288571096797443
0.9999999999999986, 1.003387615667051
1.0000000000000007, 0.995013933889462
0.9999999999999999, 1.02383580243698
1.0000000000000036, 1.0759876085478255
0.9999999999999971, 0.9912962277880777
1.0000000000000007, 1.0024998406263408
1.0000000000000007, 0.966183143528685
0.9999999999999993, 1.0156572216440265
0.9999999999999957, 1.0035825512076546
1.0000000000000009, 1.0472239188828083
0.9999999999999978, 1.0106764274599593
1.0000000000000002, 0.9901416477878422
1.0000000000000033, 1.0080003436473324
0.9999999999999981, 1.0286378065765682
0.9999999999999976, 1.0294776184142764
0.9999999999999944, 0.9853201911956466
0.999999999999998, 0.9038391760035129
1.0000000000000007, 1.012035138023188
0.9999999999999971, 1.0006816627198847
1.000000000000002, 0.9428901213527441
0.9999999999999993, 0.9569036481951051
1.0000000000000013, 0.9574168168606156
1.0000000000000016, 0.9177296954312668
1.0, 1.026380748795473
1.0000000000000013, 1.0866044925273082
1.0000000000000009, 0.9742768059799297
1.0000000000000007, 0.9670793202068417
1.0000000000000013, 0.9839316485375762
1.0, 1.0684762591373822
1.0000000000000002, 0.9668459561661057
1.000000000000004, 0.9978093345525406
0.9999999999999972, 1.060513711263809
1.0000000000000022, 0.9648335481232938
1.0000000000000033, 1.003315553278525
1.0000000000000007, 0.9831201915824529
1.0, 1.0194724164180502
1.0000000000000038, 0.9528210797282268
0.9999999999999986, 0.9966376430864551
0.999999999999995, 1.0444243130405726
1.0000000000000038, 0.9701284975469235
0.9999999999999984, 0.9508902123385412
0.9999999999999993, 0.9826746222666809
1.0000000000000049, 0.991792639398205
1.0000000000000047, 1.0197109871282077
1.0000000000000013, 1.0298728637325838
0.9999999999999992, 0.9398089853607534
1.0000000000000002, 0.8894298886940777
0.9999999999999986, 0.9658447590052044
1.0000000000000029, 0.9683582732172326
0.9999999999999978, 0.974544470114106
1.0000000000000002, 0.991860607197417
0.9999999999999963, 1.004225533119637
0.9999999999999957, 1.0121102168521958
1.0000000000000022, 1.0006136869237316
1.0000000000000004, 0.9234447965963583
1.0, 1.011532306369486
0.9999999999999986, 0.9937892479404293
1.0000000000000009, 0.9034443188243328
0.9999999999999993, 0.982087689228894
1.0000000000000013, 0.942887263017091
0.9999999999999991, 1.0008610182587
1.0000000000000007, 1.0528538630146482
1.0000000000000018, 0.9296578967933086
0.9999999999999991, 0.9820957229344631
1.0000000000000029, 0.9589179164896375
1.0000000000000009, 1.0203243471522556
1.0000000000000029, 0.9096654592207302
1.000000000000004, 0.95067464040814
0.9999999999999984, 1.0582775641790265
1.0000000000000007, 0.9825846835398958
1.0000000000000022, 0.9499997845062789
0.9999999999999984, 0.9988318579401562
0.999999999999998, 1.1065008245174102
0.9999999999999988, 0.889133072735063
1.0000000000000033, 0.9208109955130167
0.9999999999999992, 0.9994829524826402
1.0000000000000013, 1.0092195297223543
1.0000000000000016, 1.0506649390641254
1.0000000000000002, 0.9059114507081157
1.0000000000000033, 0.9683403142129182
0.9999999999999997, 1.0245337413143978
0.999999999999996, 1.0570969899191056
0.9999999999999992, 1.0159504255003506
1.0000000000000009, 1.019795444599685
1.0000000000000024, 0.9107825834050151
1.0000000000000002, 1.0023719253864938
0.999999999999998, 1.0001823858578136
0.9999999999999997, 1.0344850440125966
1.0000000000000029, 1.0094125135093308
1.0000000000000004, 1.0183636008922774
1.0000000000000022, 0.9837100985032614
0.9999999999999946, 0.9655905465329181
1.000000000000003, 0.9077410440484551
1.0000000000000002, 0.9404155237379582
1.0000000000000033, 1.055232721528674
0.9999999999999996, 1.0788376161649897
1.0000000000000027, 1.00750041865351
1.0000000000000013, 1.0209940999901446
1.000000000000003, 0.9578317688179637
0.9999999999999957, 1.0453597662080032
1.0000000000000016, 0.9638275077328241
0.9999999999999989, 0.9838511405541135
0.9999999999999991, 0.9566021863820416
1.000000000000002, 0.9838517216148407
0.9999999999999981, 0.9858976008937743
1.0000000000000016, 0.9890509858951323
0.9999999999999976, 0.9928523211883935
1.0000000000000009, 0.964376818632993
0.9999999999999991, 1.0391522462985803
1.0000000000000013, 1.0323526697589536
0.9999999999999968, 0.9420232398564761
1.0000000000000018, 1.0303417886689867
0.9999999999999973, 1.0773658629449454
0.9999999999999968, 1.021698502748762
0.9999999999999997, 0.9860182253689148
1.0000000000000007, 1.0058140360910939
1.0000000000000016, 1.060431464554782
0.9999999999999999, 1.0115407756659303
0.999999999999998, 1.012645818500592
1.0000000000000002, 1.0021837240554508
0.9999999999999971, 1.0256174927865163
1.0000000000000033, 0.9596610332174859
0.9999999999999978, 1.0121879627920571
1.0000000000000013, 0.9491025100695387
1.0000000000000018, 0.9825406904291725
1.0000000000000002, 0.9793056245615969
1.0000000000000013, 0.9534161735888657
1.0000000000000044, 1.0693281714953364
0.9999999999999981, 1.0073842172466372
0.9999999999999966, 0.9847938205902428
0.999999999999998, 1.0437959773801235
0.9999999999999976, 0.9635273535218529
1.0000000000000033, 1.0025580694863558
1.0000000000000004, 0.9589366811954753
1.0000000000000047, 0.9687376408335613
0.9999999999999996, 0.9877106035631982
1.0000000000000029, 1.0978224719489171
1.0000000000000007, 0.9962435745120514
0.9999999999999991, 0.96121984707331
1.0, 0.9343109179220894
0.999999999999998, 0.9556871878515342
0.9999999999999984, 0.9300433290236612
0.9999999999999999, 0.9273449427733602
0.9999999999999993, 0.9593421972860748
1.0000000000000004, 1.005428080811604
1.0000000000000018, 1.0178019054353826
1.0000000000000018, 1.048892066591758
1.0000000000000009, 0.9994649818836275
0.9999999999999981, 1.0609130258531252
0.9999999999999989, 0.9923153425027782
1.0000000000000009, 1.0558953914914
1.0000000000000013, 1.0830219267860404
0.9999999999999984, 0.9868589669243018
1.0000000000000027, 1.0527793615498928
1.0000000000000009, 0.9784494567601802
1.000000000000002, 1.010244485711673
1.0000000000000016, 1.067097575580617
1.0000000000000013, 1.020836382218952
0.9999999999999981, 1.005204059671742
0.9999999999999956, 1.0081327089865164
1.0000000000000009, 1.0003724129490197
1.0000000000000007, 0.9064996349456229
0.9999999999999969, 1.0192451434025411
1.0000000000000007, 0.951816940912216
0.9999999999999984, 0.9872123105693232
0.9999999999999986, 0.9925825176042955
1.0000000000000002, 0.9857885829684901
1.0000000000000016, 1.0174236807631678
1.0000000000000002, 0.9825164183233285
1.0000000000000044, 0.9869981463747721
0.9999999999999988, 0.977270925215908
1.000000000000001, 1.0852012408410256
0.9999999999999989, 0.9952899713439145
1.0000000000000013, 0.9778992114934407
0.9999999999999992, 0.9401643766112401
1.0000000000000036, 1.0029232995414967
1.0000000000000002, 0.9131405652091306
0.9999999999999961, 0.9827700801164271
1.0000000000000007, 1.0769929427357043
0.9999999999999989, 0.938731505973912
0.9999999999999968, 1.04161302523613
0.9999999999999996, 0.9905268175276647
0.9999999999999997, 1.0514254028824837
0.9999999999999984, 1.005627854459509
1.0000000000000007, 0.9416716606848894
1.0000000000000016, 0.9298391335546776
1.0000000000000013, 0.9315035012663253
0.9999999999999983, 1.0300505553261239
0.9999999999999992, 1.0392577960759013
0.999999999999998, 0.9888366908909172
0.9999999999999993, 1.0771864217563178
1.0000000000000009, 0.9593535519664385
0.9999999999999973, 1.0062228560737958
0.9999999999999971, 0.9237939759048162
0.9999999999999993, 1.018858198996939
0.9999999999999968, 1.037795806046023
1.0000000000000042, 0.9538051967355665
1.0000000000000007, 1.0140852949010997
0.9999999999999972, 0.958431458751368
0.9999999999999988, 0.9912500829000328
1.0000000000000004, 0.9891321100482355
0.9999999999999984, 0.9789514216737444
0.9999999999999963, 0.9699484154233002
1.0, 0.9167364927021189
1.0000000000000007, 0.9498105402167868
0.9999999999999991, 0.9471428401708532
0.9999999999999956, 0.9591908575637013
0.9999999999999993, 1.0125448986117271
0.9999999999999996, 0.9676892308624635
1.0000000000000036, 0.9979290307780907
1.0, 0.9501994838115357
1.0000000000000044, 0.9869750447656555
0.999999999999994, 1.033451744836845
0.9999999999999983, 1.0140740023565924
0.9999999999999963, 0.9606956184520348
1.0000000000000002, 1.042709939449668
0.9999999999999992, 0.9375562403551972
0.9999999999999996, 0.9888579599412324
1.0000000000000004, 0.879584020643548
1.0000000000000022, 1.0342184622798765
1.0000000000000049, 0.9974724555385641
0.9999999999999969, 1.0172538075786572
1.0000000000000022, 0.9533092117934279
0.9999999999999989, 1.0100552875966395
0.999999999999998, 0.8921832216977699
1.0000000000000022, 1.0011106275650017
1.0000000000000004, 1.0365770858854473
1.000000000000002, 0.9974774636325318
1.000000000000002, 1.0179295656166636
0.9999999999999991, 0.9670908014185869
0.9999999999999993, 0.9497184383325021
0.9999999999999997, 0.9036676978600245
0.9999999999999984, 1.0623199308797253
1.0000000000000016, 1.0211987136193257
1.0000000000000007, 0.9845388705277758
0.9999999999999983, 0.9670899681723091
1.0000000000000013, 1.0463447272127777
0.9999999999999957, 0.9951710316836324
1.000000000000001, 0.9072090582152524
0.9999999999999991, 0.9903144090441931
0.9999999999999997, 1.0475211371053648
0.999999999999998, 0.9879793169331319
1.0000000000000022, 1.0155183533499785
1.000000000000002, 1.0086873989728429
1.0000000000000024, 0.9430781540559845
1.0000000000000002, 1.0344714354577356
0.9999999999999993, 1.0008788884989548
0.9999999999999989, 1.0065630624356403
0.9999999999999972, 0.9530020868474515
0.999999999999998, 1.0235425420717328
1.0000000000000002, 0.9651025065138146
1.0000000000000009, 0.9570051400778157
0.9999999999999993, 1.0455110511554409
0.9999999999999996, 1.034961835225234
0.9999999999999996, 1.0799727621434805
1.000000000000003, 1.025193984535734
1.0, 1.0381026839410576
0.9999999999999976, 0.9661237333888385
1.0, 1.034944461804346
0.9999999999999991, 1.0296564922087845
0.9999999999999996, 1.0085012199650651
1.0000000000000013, 1.026856388083974
1.0000000000000013, 1.083644362720231
0.9999999999999969, 0.9886459177086407
1.0000000000000009, 1.047560352190345
1.0000000000000056, 1.008509385269542
0.9999999999999978, 0.9488819385880161
1.000000000000003, 0.9824262055488152
0.9999999999999964, 0.9857295049907943
0.9999999999999968, 1.045331656625845
0.9999999999999992, 1.073879454470103
0.9999999999999988, 1.0376118045349885
1.0000000000000022, 0.9535789468737738
1.0000000000000064, 1.0711331384523408
0.9999999999999997, 0.9649713629393648
1.0000000000000016, 0.9925521156398469
1.0000000000000002, 0.9587119900928622
0.999999999999998, 1.0669533601197598
0.9999999999999999, 1.0036041935964122
0.9999999999999988, 1.0339934896314298
1.0000000000000018, 0.9824911554707876
1.0000000000000018, 0.9752123844936582
1.0, 1.0623701114654165
1.0000000000000033, 1.00582859103849
1.0000000000000007, 0.983097219124287
0.9999999999999997, 0.9792764026730961
0.9999999999999961, 0.9942477290646398
1.0000000000000013, 0.9227476709944539
1.000000000000001, 0.9692997477229541
1.0000000000000013, 1.0764784648828494
1.0000000000000004, 0.9605984414841994
0.9999999999999992, 0.9175197856319431
1.0000000000000007, 0.9623140636741593
1.0000000000000042, 0.9914848282830921
0.9999999999999964, 0.9893436503685596
0.9999999999999973, 1.026114111811125
0.9999999999999984, 1.1258206960265345
1.000000000000001, 1.0554256625170622
1.0000000000000038, 0.9860438894545401
1.0000000000000007, 0.9735610310771814
0.9999999999999983, 1.0237128027882572
0.9999999999999999, 1.0908772452509359
0.9999999999999989, 1.0622665268366431
0.9999999999999956, 0.9902849455093069
0.9999999999999972, 1.0286707655702487
0.9999999999999999, 0.9636290529131819
0.9999999999999984, 1.0020306685826996
1.0000000000000053, 0.9737859591169176
1.0000000000000013, 0.9644423024614567
1.000000000000003, 1.0491996085812076
1.0000000000000016, 0.9818742928839644
0.9999999999999984, 1.1163389685182128
1.0000000000000042, 0.9483494196493357
0.9999999999999986, 1.0256122645951635
0.9999999999999969, 0.9746195259581251
0.9999999999999999, 0.9620625554848816
0.9999999999999968, 1.0940471938056424
1.0000000000000007, 0.9468829947632219
0.9999999999999957, 1.0257371403906603
1.0000000000000007, 0.9952079322321243
1.000000000000001, 1.0517222862381643
1.0000000000000022, 1.0240374270898067
0.999999999999996, 1.0224473056078016
1.0000000000000033, 1.005416676911293
1.0000000000000047, 0.9964236058591793
1.0000000000000029, 1.0808722840548561
1.0000000000000022, 0.9933306814766537
1.0000000000000007, 1.0667154527806018
0.9999999999999973, 0.9821248716122001
1.0, 0.9676782680815877
0.9999999999999969, 1.0542153568410164
1.0000000000000038, 0.9319523858939762
1.0000000000000009, 1.005278504603368
0.9999999999999993, 0.966389931313107
0.9999999999999992, 0.9357237778628594
0.9999999999999983, 0.989161396357515
1.0000000000000007, 0.9365079973249593
1.0000000000000018, 0.941212093603504
0.9999999999999984, 1.052247189791092
0.9999999999999991, 1.0396499712052938
0.9999999999999989, 1.066803817935281
1.0000000000000049, 1.0437094696543807
1.0000000000000002, 1.061619474176419
1.0000000000000002, 1.0503994686087696
0.9999999999999981, 1.0526994998257033
1.0000000000000002, 1.0463852660358854
0.9999999999999988, 1.0237548279157653
0.9999999999999983, 1.0510683994062955
1.0000000000000018, 0.9939768544819088
1.0000000000000036, 1.086310979391491
1.0000000000000029, 1.050329068384158
1.0000000000000013, 0.9962017409077787
0.9999999999999988, 1.0091631315342602
0.9999999999999989, 0.9644116038138176
0.9999999999999996, 1.0456518933625316
1.0000000000000018, 0.9678963591658355
0.9999999999999989, 1.0269810205503136
0.9999999999999991, 1.037968027776615
1.0000000000000007, 1.0388657291587495
0.9999999999999981, 1.084995257336526
1.0000000000000016, 1.0225677300136344
0.9999999999999978, 0.954563440760942
1.0000000000000018, 1.0263020692074778
0.9999999999999999, 0.9446260999787629
0.9999999999999992, 1.0022474359055378
0.9999999999999978, 1.0455503758324793
0.9999999999999991, 0.9763922795495987
0.9999999999999999, 0.9272678409010979
0.9999999999999968, 0.9457784647970463
1.0000000000000029, 1.0624091351572207
1.0000000000000018, 0.9890709445302464
1.0000000000000013, 1.0072658710275109
0.9999999999999958, 0.9232049936489177
1.0000000000000033, 0.9545931183144372
0.9999999999999978, 0.989047199968555
1.0000000000000016, 1.0323964748237295
0.9999999999999989, 1.0332872096596648
1.0000000000000004, 1.0329859300121293
1.0000000000000009, 0.9902613293199598
0.9999999999999997, 1.0126422513891455
1.0000000000000022, 1.0363202124395314
1.0000000000000018, 0.908598471372128
0.9999999999999991, 1.061535200432172
1.0000000000000018, 0.9187805626347899
0.9999999999999963, 1.069866261835687
0.9999999999999999, 0.9831430899516672
1.0000000000000027, 1.0238836284004558
0.999999999999995, 0.9380797376798686
0.9999999999999997, 1.0020065259799031
1.0000000000000013, 1.0468403043031207
0.9999999999999988, 1.0385047416506425
0.999999999999998, 1.0358381663775427
1.0000000000000002, 1.0263752639108379
0.9999999999999986, 1.021546841867639
1.0000000000000002, 1.0186773168917274
1.0000000000000016, 1.0041460086520415
1.0000000000000016, 1.0087919021245062
0.9999999999999973, 1.052520999417693
1.000000000000004, 1.0002741248829714
1.0000000000000018, 0.9912947401424178
0.9999999999999989, 1.0036378445261627
1.0000000000000053, 0.9892722695252102
0.9999999999999968, 0.9290215440693426
1.0000000000000013, 1.0370220660759741
1.000000000000001, 1.0875823422318305
1.0000000000000027, 0.9460543405613038
1.0000000000000016, 0.9898270932781345
1.0000000000000033, 0.9777960154245218
1.0000000000000018, 0.9541637345093993
1.0000000000000009, 1.041593797071382
1.0000000000000009, 1.0735928350057233
0.9999999999999986, 1.0774063004577787
1.0000000000000073, 1.0260924201166086
1.0000000000000007, 0.9880737875624194
0.9999999999999973, 1.0375843049286477
0.9999999999999981, 0.9994518902020249
0.9999999999999988, 1.084147832976318
1.000000000000001, 0.9055781315362958
1.0000000000000013, 0.9535128106814045
1.0000000000000022, 0.9730900766435792
1.000000000000002, 1.088904896826783
0.9999999999999997, 1.0422048960893275
1.000000000000001, 0.9873582996981606
1.0000000000000044, 0.900913693495141
0.9999999999999992, 1.0062623424946526
1.0000000000000036, 1.01931847694555
1.0000000000000018, 1.0395071753093021
0.9999999999999992, 1.0788537748618108
0.9999999999999999, 0.9724687919077191
0.9999999999999996, 0.985846766239469
0.9999999999999986, 0.9276810464047445
1.0000000000000036, 0.9680872182976369
1.000000000000002, 0.9422127100229183
1.0000000000000022, 1.0821643768056843
0.9999999999999989, 0.9844427022728036
1.0000000000000002, 1.0318639571902781
1.0000000000000058, 0.9577571499226709
0.9999999999999988, 0.9757683767027673
0.9999999999999989, 1.0684548995837495
1.0000000000000027, 1.058685734006001
1.0000000000000002, 0.9878289366691057
1.0000000000000004, 1.063075520757924
1.000000000000001, 1.0406990200707598
1.0000000000000016, 0.9800286587197092
1.0000000000000004, 1.002976627438948
1.0000000000000013, 0.9768340213736842
0.999999999999996, 0.9276792107615522
1.0000000000000013, 0.9724302509285615
1.0000000000000018, 0.9653335868423109
1.0000000000000029, 0.9957390329512805
1.0000000000000044, 0.984786246420297
0.9999999999999999, 1.0505672141977755
1.0000000000000016, 0.933759744958814
0.9999999999999973, 1.0472991967012635
0.9999999999999963, 0.9404754539566514
1.0000000000000009, 1.0281687798121053
1.0, 1.0237502455987195
0.9999999999999988, 1.0288920671242683
0.9999999999999992, 1.0032060350875125
1.0000000000000013, 0.9930899196167227
0.9999999999999953, 1.016500917520927
1.0000000000000027, 0.937704435053651
1.0000000000000029, 0.9201202894918172
0.9999999999999966, 0.9740345097042187
0.9999999999999992, 0.9415087730139233
0.999999999999996, 0.9754825030574262
0.9999999999999981, 0.9996240856719363
1.0000000000000007, 1.083077958908135
1.0000000000000007, 1.0239821773024391
1.000000000000002, 1.0404900384207183
1.0000000000000018, 1.0576601643502768
1.0000000000000002, 0.9221628298065284
1.0000000000000056, 0.988690217713061
1.0000000000000002, 0.9792997832983449
1.0000000000000016, 0.9877637805982202
1.0000000000000049, 1.0327287017834648
1.0000000000000004, 1.0753414402505852
1.0000000000000013, 1.0562161745249972
1.0000000000000002, 0.9969030992325115
0.9999999999999992, 1.0221000612594149
1.000000000000001, 1.032585548220508
1.000000000000002, 0.9730002346322725
1.0000000000000022, 1.0243124258488392
0.9999999999999991, 1.0332003834481018
0.9999999999999983, 1.0179832439707446
0.999999999999998, 0.9501396018823302
0.9999999999999991, 1.0548115024173692
0.9999999999999991, 0.9978597789925402
1.0000000000000033, 1.0159869808320192
1.000000000000003, 1.010959144840311
0.9999999999999976, 1.1058328703595894
0.9999999999999986, 0.9642730623863668
1.0000000000000007, 0.9754461208008833
0.9999999999999991, 0.9808923225340279
1.0000000000000013, 1.060811020906577
1.0000000000000007, 1.0323308395512434
0.9999999999999981, 0.9927592540741274
1.0000000000000022, 0.9182201908918722
1.0000000000000009, 1.0747898080398763
1.0000000000000002, 0.924083612470027
0.9999999999999957, 0.9572447406873276
0.9999999999999977, 0.9389176557042264
0.9999999999999993, 1.0872693863631888
1.0000000000000002, 0.9213467987616796
1.0000000000000016, 0.9912308541889504
0.9999999999999992, 1.017317741858596
1.0000000000000007, 0.9856137066541137
1.0, 1.051420533841258
0.9999999999999973, 1.015514701007255
0.9999999999999964, 1.0281581303393705
1.0000000000000018, 1.082577999498953
0.9999999999999996, 0.9861217478227049
0.9999999999999991, 0.9718539140898361
0.9999999999999999, 0.9857508649897211
1.0000000000000002, 0.9872462587833899
0.9999999999999986, 0.9774508890022776
1.0000000000000018, 0.9897005935151291
0.9999999999999972, 1.0630355644927008
0.9999999999999969, 1.0409836186427182
1.0000000000000018, 0.9830180489071477
1.000000000000001, 0.9840771479461207
0.9999999999999978, 0.9793115948486454
0.9999999999999972, 1.0149365991699772
1.0, 0.9815227586217145
1.0, 1.0090823831362852
0.9999999999999968, 1.0298594377994126
1.0000000000000016, 1.0292895361199408
0.9999999999999971, 0.9732883254960206
1.0000000000000033, 1.0202060781080102
0.9999999999999984, 0.9711357686027502
1.0000000000000029, 1.017910578281897
1.0000000000000013, 1.008778736752406
0.9999999999999966, 1.029335406566049
1.0000000000000029, 1.0129703332886644
1.0000000000000018, 0.9558549125366198
1.0000000000000013, 1.004066764145274
0.9999999999999976, 0.9685015205500817
1.0000000000000004, 0.9484994556381667
1.0000000000000002, 0.9718196387610831
0.9999999999999993, 0.9523776904353685
0.9999999999999996, 0.9895142842498518
1.0000000000000007, 0.9991463448829018
1.0000000000000007, 1.053236093874702
1.0000000000000036, 1.0226455152547311
0.9999999999999981, 1.0735370360853103
1.0000000000000007, 1.0501163812076053
0.9999999999999983, 1.0210949899389061
0.9999999999999989, 1.0229426556059518
1.0000000000000058, 0.9998496402557698
0.9999999999999978, 1.0243856433464702
1.0000000000000022, 1.027416103113428
1.0000000000000024, 1.044042149745454
1.0000000000000002, 0.9424772539410188
1.0, 0.9719855203471002
0.9999999999999999, 0.9910957314098882
0.9999999999999963, 0.9780432947198799
0.9999999999999973, 1.0027810663084584
0.9999999999999991, 1.0285051153728961
1.0000000000000002, 0.9930449046143303
1.0000000000000024, 1.0897486559258895
0.9999999999999978, 1.0030548896772922
1.0000000000000013, 0.9775362532443067
1.0000000000000013, 0.9829976641109243
1.0000000000000009, 0.9931018649913631
0.9999999999999983, 1.0433539711487692
0.9999999999999988, 1.042159662371057
0.9999999999999989, 1.0983775679607537
1.000000000000001, 1.0213234269246123
1.0000000000000004, 0.9333470214281242
0.9999999999999961, 0.9989395041181695
0.9999999999999983, 1.001765130610268
1.0000000000000018, 1.021227037458939
0.999999999999998, 1.0553080413830418
1.0000000000000033, 1.0157667275063365
1.0000000000000009, 1.012094900445696
1.0000000000000009, 0.9889027417977913
1.0000000000000002, 0.9792068805811898
0.9999999999999999, 1.0321599703341522
1.0000000000000024, 1.0085116634085656
1.0000000000000029, 0.9763871261557364
1.0000000000000027, 0.98430174538856
0.999999999999998, 1.0412760192143047
1.0000000000000007, 1.0433250049174339
1.0000000000000013, 1.0219025482934267
0.9999999999999983, 1.0081297177375792
0.9999999999999996, 0.985657616615809
0.9999999999999978, 1.0107367884107654
1.000000000000001, 0.9063367551714415
1.0000000000000018, 1.0055620050802556
1.000000000000001, 1.0114647604390559
0.9999999999999986, 0.9778856403788121
0.9999999999999983, 1.063805715692049
0.9999999999999978, 0.9598624432415731
1.0000000000000009, 1.0035183655086666
0.9999999999999968, 0.9813323257168592
1.0000000000000033, 1.018865304599029
0.999999999999998, 1.0293366956723273
0.9999999999999993, 1.0833656353495884
1.0000000000000018, 0.9403667365601136
0.9999999999999988, 1.0647173977197635
1.0000000000000029, 1.0330013737066275
0.9999999999999989, 1.039760912488329
1.0000000000000002, 1.0486066377267618
0.9999999999999977, 0.9493307895271262
0.9999999999999976, 1.0576815657764909
1.0000000000000009, 1.0125314648253152
0.9999999999999996, 1.044443469488402
1.0000000000000007, 0.9824528034180492
1.0000000000000022, 0.9306719860713406
1.0000000000000044, 1.0064939453453519
1.0000000000000027, 1.0147124707057578
0.9999999999999973, 1.0017318262365253
1.0000000000000013, 1.0348375331693906
1.0000000000000013, 0.963505809611319
0.9999999999999968, 0.9719366926796505
0.9999999999999956, 1.0323856397703908
1.0000000000000038, 1.0349037257510254
0.999999999999995, 1.0209314591038359
1.0000000000000036, 1.005614494439083
0.9999999999999977, 0.9779889795132192
0.9999999999999981, 0.9876735905706495
1.0000000000000018, 0.9865771682794684
1.0, 0.9470017371020442
0.9999999999999997, 0.9347203568150884
1.0, 0.9710585150797049
0.9999999999999988, 0.9671150556704051
0.9999999999999992, 1.054199493298616
0.9999999999999996, 0.9135605312066278
1.0000000000000016, 0.9691660175426083
0.9999999999999996, 1.001976620167764
0.9999999999999957, 1.0064075154789573
1.0000000000000007, 0.9663726735594345
0.9999999999999988, 1.047025073355175
1.0000000000000036, 0.9756403606104399
1.0000000000000013, 1.108132663490712
0.9999999999999996, 0.9750001502935137
1.0000000000000007, 0.98568092892873
1.0000000000000013, 1.0164143599360296
1.000000000000003, 0.9798752909924932
1.0000000000000029, 0.919040653213529
1.000000000000003, 1.0110750705914648
0.9999999999999992, 0.9876295335658214
0.9999999999999977, 1.050485871185461
1.000000000000003, 0.9933538992622429
0.999999999999998, 0.9652275311478994
0.9999999999999991, 0.932281624742527
1.0000000000000044, 0.922966648087781
1.0000000000000007, 1.0091280832685239
1.0000000000000016, 0.9522862254576508
1.0000000000000007, 1.047143704911273
1.0000000000000029, 1.0584423945545587
0.9999999999999991, 0.9825535224789806
0.9999999999999966, 1.0011175857663117
1.0000000000000018, 1.0260017347857786
1.0000000000000027, 0.9988343928940454
0.9999999999999999, 0.9422886211655055
1.0000000000000004, 0.977126902075716
0.9999999999999984, 0.9900475020319714
1.0000000000000018, 1.024369748279049
0.9999999999999953, 1.0174970896561357
1.000000000000001, 1.0486324889898293
1.000000000000002, 1.0350076960709147
0.9999999999999991, 1.0570691563125605
1.0000000000000002, 0.9965703213945626
1.0, 1.0099274923609989
1.0000000000000016, 1.0444501879282573
1.0000000000000007, 0.9794751138269218
0.9999999999999984, 0.9795019953094245
0.9999999999999972, 0.9838582252991529
0.9999999999999963, 1.0009486816431996
1.000000000000004, 1.027114465373147
0.9999999999999992, 0.9585178510263649
1.000000000000001, 0.9095418557803765
1.0000000000000002, 0.9630818628367017
1.0000000000000027, 1.0276895687676426
1.000000000000001, 1.0619222615560784
1.0000000000000016, 1.0014951646260117
0.9999999999999992, 1.0720825044585593
1.0000000000000036, 0.8949501769071156
1.0000000000000013, 0.9998264343829557
0.9999999999999984, 0.9503652558384504
1.000000000000001, 1.0278359934195376
1.0000000000000044, 1.125818458858772
0.9999999999999988, 1.0470914421416568
0.9999999999999968, 0.9713876367865056
0.9999999999999972, 0.9903876536715837
1.0000000000000022, 0.9601484761213236
0.9999999999999993, 0.917331218211413
1.0000000000000016, 1.0017384030400898
1.0000000000000018, 1.0347354113501555
1.000000000000001, 1.0459706598312826
0.9999999999999991, 0.9770730428944695
1.0000000000000002, 1.018785971502372
0.9999999999999964, 0.9999360134476224
0.9999999999999957, 1.0518208218690719
1.000000000000001, 0.9772079613804873
0.9999999999999997, 0.9760669022462154
0.9999999999999981, 0.9716677385690464
0.9999999999999991, 0.9610488367462368
1.0000000000000004, 0.9846242683301947
1.0000000000000033, 0.9853042457857316
0.9999999999999999, 0.9265548439753659
0.9999999999999972, 1.0010987033852181
1.0000000000000009, 0.9809205609948988
1.0000000000000029, 1.032660541021783
0.9999999999999993, 1.032441750696739
1.0000000000000018, 0.9704380889824991
0.999999999999998, 1.0543687671734432
1.000000000000004, 1.0055455112793341
0.9999999999999988, 0.915362351442503
0.9999999999999989, 1.0049210101075337
0.9999999999999961, 1.042630628362634
1.0000000000000053, 1.024606498335211
1.0000000000000018, 1.0316569541952316
1.0000000000000022, 1.0705931828903206
0.9999999999999953, 1.0023995584888443
1.0000000000000007, 0.9537213161497339
0.9999999999999969, 1.038923676486172
0.9999999999999986, 0.9992355204155059
1.0000000000000044, 1.0493072866828088
0.999999999999998, 1.0218584803467512
0.9999999999999981, 0.9237813825067512
1.0000000000000013, 0.9743882404325247
1.0000000000000049, 1.0415852179985146
0.9999999999999977, 0.9329674599639614
0.999999999999998, 0.9342828735789126
1.0000000000000044, 1.0626322957007357
0.9999999999999957, 1.008172172033394
1.000000000000002, 1.0323164047084463
0.9999999999999993, 1.0593871823527041
0.9999999999999966, 1.0492799995761104
0.9999999999999989, 1.0603677424423288
0.9999999999999993, 0.9498553665102801
1.0000000000000004, 1.0109121083824817
0.9999999999999976, 0.9711727416096292
0.9999999999999988, 1.0258163816373442
1.0000000000000018, 1.0633107458442175
0.9999999999999993, 1.093632391343403
1.0000000000000002, 1.0613142640525708
0.9999999999999989, 1.043871359212421
0.9999999999999984, 0.9420385833554843
0.9999999999999977, 0.9857344250814881
0.9999999999999981, 0.9525420417341932
1.0000000000000013, 0.9542330502278008
0.9999999999999988, 0.9917113969635624
