ATE real, ATE estimado
1.0000000000000007, 0.9891624496988728
1.0000000000000004, 1.1171987614470882
1.0000000000000036, 1.1354235697301682
0.9999999999999993, 1.0139962298648837
0.9999999999999973, 1.069310784119084
0.9999999999999978, 1.1276345643322805
1.0000000000000004, 1.0354092022344576
1.0000000000000004, 1.0361482683305172
1.0000000000000002, 1.0462273068968129
0.9999999999999949, 1.046485661925863
0.9999999999999992, 1.1823583372162334
0.9999999999999986, 1.048759364651972
0.9999999999999992, 1.1028764673471239
1.0000000000000013, 1.0989619601906027
0.999999999999996, 1.0621398781562155
1.0000000000000033, 1.0745572033111295
1.0000000000000027, 1.02163785296336
1.0000000000000027, 1.1411086547131009
1.0000000000000022, 1.1120302607268686
0.9999999999999976, 1.0585386284093308
0.9999999999999991, 1.100140583880913
1.000000000000002, 1.1570262060789873
1.0, 1.1048112396084997
1.0000000000000036, 1.088530934177935
0.9999999999999973, 1.1000679253983565
0.9999999999999978, 1.0695447539114404
1.0000000000000038, 1.050840695078454
0.9999999999999996, 1.112411089722326
0.999999999999998, 1.1192519941624817
1.0000000000000002, 1.1308155380271285
0.9999999999999958, 1.0370496019095479
1.0000000000000013, 1.0358824718962667
0.9999999999999999, 1.0516018137211554
1.0000000000000013, 1.0687211563129522
1.0000000000000067, 1.1275756031289679
1.0000000000000013, 1.029008245766625
0.9999999999999977, 1.0681954065101291
1.0, 1.1354855496666394
0.999999999999998, 1.114439989704762
1.000000000000006, 1.0904855905184643
1.000000000000002, 1.056206801140066
0.9999999999999956, 1.069362276370228
0.9999999999999977, 1.0568186167167328
0.9999999999999976, 1.1080349515044197
1.0000000000000004, 1.1172411161386142
1.0000000000000009, 1.049632840337969
1.0000000000000036, 1.0599742056814419
0.9999999999999949, 1.0617038458839037
0.9999999999999973, 1.1081622054980178
1.0000000000000004, 1.099073433331105
0.9999999999999986, 1.0701473722512647
1.0000000000000007, 1.1036627022157157
0.9999999999999972, 1.1443471919642427
0.9999999999999968, 1.0498950956769895
0.9999999999999999, 1.0561065568699055
1.0000000000000033, 1.0882483094798587
0.9999999999999988, 1.1057635229700848
0.9999999999999973, 1.0909332388215478
1.0000000000000002, 1.1321321119537733
1.0000000000000009, 1.177687230944822
1.0000000000000029, 1.1870484210389631
1.000000000000003, 1.006168423282146
0.9999999999999989, 1.136278620638511
0.9999999999999983, 1.0400229856059071
0.9999999999999989, 1.0619065448936627
1.0000000000000002, 1.072078949639696
0.9999999999999989, 1.1189935442931631
1.0, 0.9967964105315561
1.0000000000000002, 1.1359122156852337
1.0000000000000007, 1.088040610506021
0.9999999999999977, 1.0786752383776583
0.9999999999999996, 1.0285778286683656
1.0000000000000016, 1.1886300092909352
0.9999999999999989, 1.146226030697861
1.0000000000000002, 1.0573116696566258
0.9999999999999984, 1.1017269705579311
0.9999999999999999, 1.1003254760648313
0.9999999999999999, 1.0672917587516626
1.0000000000000018, 1.052768950622842
0.9999999999999999, 1.0634001513925169
1.0000000000000018, 1.0526967339683118
0.9999999999999992, 1.0473287619242388
1.0000000000000007, 1.0974643722601591
0.9999999999999991, 1.0189863598222004
0.9999999999999981, 1.057248214421213
1.0000000000000042, 1.0591919875407592
0.9999999999999968, 1.033705911616022
1.0, 1.1597463507792052
1.000000000000003, 1.1094769707981158
1.000000000000004, 1.1112140646464366
0.9999999999999989, 1.1060415984001088
0.9999999999999993, 1.1363721629919947
1.0000000000000036, 1.0834761277546532
0.9999999999999988, 1.0945082453467738
1.0000000000000013, 1.1058422240860066
1.000000000000001, 1.0931586367620032
1.0000000000000004, 1.164267592056834
1.0000000000000044, 1.0086799699764786
1.0000000000000004, 1.1315368979929419
0.9999999999999991, 1.2526393255711055
0.9999999999999997, 1.146788811843431
0.9999999999999983, 1.081792236169047
0.9999999999999996, 1.069666607970154
1.0000000000000038, 1.1720910018186759
1.0000000000000002, 1.1582458219224199
1.0000000000000027, 1.1080077299569875
1.0000000000000013, 1.0926167649510052
0.9999999999999993, 1.1704751909464626
0.9999999999999991, 1.0885324003149346
1.0000000000000002, 1.1122185081024103
1.0000000000000036, 1.1301042689735152
0.9999999999999996, 1.085329697136137
1.0000000000000007, 1.0445080967322187
1.0000000000000007, 1.1426613174560531
1.0000000000000013, 1.0664584590391335
0.9999999999999992, 1.0831695287783791
0.9999999999999968, 1.0813318424938363
1.0000000000000033, 1.094462772629401
0.9999999999999973, 1.1047804037773759
0.9999999999999981, 1.111565655017495
1.0000000000000002, 1.0787158054997497
0.9999999999999997, 1.100550843622813
0.9999999999999956, 1.0947858629450367
1.0000000000000004, 1.0652395690905734
0.9999999999999971, 1.0913798216146597
0.9999999999999988, 1.0872564315411597
1.0, 1.1178937147616774
0.9999999999999946, 1.0855192704156562
0.9999999999999978, 1.1241690276435687
0.9999999999999991, 1.0908925084036956
1.0000000000000027, 1.0320737356923813
1.0000000000000027, 1.207063239120433
1.0000000000000024, 1.138468136909479
1.0000000000000013, 1.1752094392540164
0.9999999999999984, 1.0313698757570504
0.9999999999999981, 1.0788306409897086
0.9999999999999997, 1.1039489120282928
1.0000000000000022, 1.0615674483106459
1.0000000000000013, 1.0258187220369077
1.0000000000000024, 1.1472515415761708
1.0000000000000009, 1.1279130352863946
1.0000000000000018, 1.0868655595491128
1.0000000000000007, 1.0405501320523105
0.9999999999999989, 1.158129311223421
0.9999999999999996, 1.1188593056699663
0.9999999999999999, 1.0911826635053354
0.9999999999999999, 1.0298965444919703
0.9999999999999992, 1.0928659385457409
1.0000000000000009, 1.0817299836514664
0.9999999999999972, 1.205002672885899
1.0000000000000022, 1.1008615635047492
1.0000000000000022, 1.1402046775971482
0.9999999999999966, 1.1767955322154569
1.0000000000000029, 1.0790160632222898
1.0000000000000002, 1.133976300129174
0.9999999999999963, 1.0939152893727027
1.0000000000000002, 1.140742055294714
0.9999999999999966, 1.0805430897203303
1.0000000000000004, 1.2018219379219812
1.0000000000000004, 1.142234428687779
1.000000000000001, 1.1074151198321056
0.9999999999999989, 1.1535399603069167
1.0000000000000009, 1.1380249346627154
1.000000000000004, 1.0584302136226094
0.9999999999999993, 1.064721379984045
1.0000000000000038, 1.0394289227679205
0.9999999999999988, 1.0198127613870416
0.9999999999999981, 1.03215834380076
1.0000000000000022, 1.132240798320296
1.0000000000000033, 1.1394347859644374
0.9999999999999988, 1.1151054249768013
0.9999999999999991, 1.1598511731497778
0.9999999999999988, 1.0991455341541971
1.0000000000000009, 1.1005579463407948
1.0000000000000022, 1.1329022741834769
1.0000000000000002, 1.1433134928703073
0.9999999999999983, 1.0164324898689145
1.0000000000000002, 0.9781524136520245
1.0000000000000009, 1.1370245068593305
0.9999999999999984, 1.0693996901091916
0.9999999999999993, 1.1127836941324396
1.0000000000000004, 1.034392695799942
0.9999999999999986, 1.119063191696168
1.0000000000000002, 1.1291358303784298
0.9999999999999973, 1.142174127422138
0.9999999999999984, 1.1539873866856285
1.0000000000000042, 1.0804427229724478
0.9999999999999991, 1.0199952659593017
0.9999999999999988, 1.052599385080875
1.0000000000000013, 1.1326457813646753
0.9999999999999992, 1.0903147986953308
1.0000000000000022, 1.0646417101037944
0.9999999999999993, 1.1427240594554249
1.0000000000000007, 1.0401796082352257
0.9999999999999986, 1.0731739677752268
0.9999999999999989, 1.076200042479633
0.9999999999999986, 1.0929101967921553
1.0000000000000022, 1.028623759747386
1.0000000000000029, 0.9835893881057071
0.9999999999999983, 1.1664692483296584
1.0000000000000002, 1.135573540108337
0.9999999999999968, 1.1421637195350711
0.9999999999999991, 1.1041074547905383
0.999999999999996, 1.0687522412975232
0.9999999999999991, 1.0496431418701948
1.0000000000000013, 1.0182029954463483
0.9999999999999991, 1.092884756211609
0.9999999999999984, 1.2323658322297923
0.9999999999999964, 1.0417921724740977
1.0000000000000007, 1.0846863033439458
1.0000000000000009, 1.041847428616808
1.0000000000000007, 1.0630998354537469
0.9999999999999997, 1.1078889433263395
1.0000000000000016, 1.041270937959278
1.0000000000000044, 1.0469132782565234
1.0000000000000013, 1.1038105318781288
1.0000000000000042, 1.0290436622219257
0.9999999999999992, 1.1109488565342263
1.0000000000000007, 1.1754491975625445
0.9999999999999988, 1.0162546589951496
0.9999999999999983, 1.1198454267746545
1.0000000000000002, 1.0338975523785363
0.9999999999999964, 1.1533340078439274
1.0000000000000007, 1.0853644123983681
0.9999999999999972, 1.1143201479654676
1.0000000000000018, 1.139279983630045
0.9999999999999977, 1.0812319488617628
0.9999999999999983, 1.0184722938266118
1.0000000000000007, 1.0850386909360583
1.0000000000000007, 1.0869561424930225
0.9999999999999981, 1.0424459792964358
1.0000000000000018, 1.1084989593592902
0.9999999999999971, 1.1548757492436261
1.0000000000000016, 1.1221677675657582
0.9999999999999973, 1.0689191511031575
1.0000000000000022, 1.0054423213893364
1.0000000000000036, 1.1663760894817408
0.9999999999999991, 1.1777973717598589
0.9999999999999984, 1.1587840836820806
1.0000000000000007, 1.0772253060884978
1.0000000000000029, 1.1461117153537552
0.9999999999999991, 1.00595780943865
0.9999999999999977, 1.1285789693362736
0.9999999999999997, 1.1247339827880753
0.9999999999999988, 1.1192014902168341
0.9999999999999996, 1.0588337883115317
0.9999999999999988, 1.070079150132814
0.9999999999999988, 1.0993767298910544
0.9999999999999996, 1.0984557912881758
0.9999999999999989, 1.135578927035835
1.0000000000000007, 1.1232951501476824
1.0000000000000053, 1.0939414014787596
1.0000000000000027, 1.081773918369957
0.9999999999999981, 1.1070579108830696
1.0000000000000002, 1.081795541639615
0.9999999999999999, 1.1213519810330803
0.9999999999999992, 1.043006814559142
1.0000000000000009, 1.1071220712064918
1.0000000000000022, 1.1556235226559728
1.0000000000000022, 1.0558055772182269
1.0000000000000044, 1.0525456266100068
1.0000000000000027, 1.0716219143204497
1.0000000000000007, 1.0537068255249242
0.9999999999999991, 1.1215447326777457
0.9999999999999992, 1.0823516915841846
1.0000000000000027, 1.0931208194444584
0.9999999999999999, 1.0693133928656706
0.9999999999999983, 1.0820822302795954
1.0, 1.1123383942513225
0.9999999999999983, 1.1136250004162254
1.000000000000002, 1.0798642277223287
1.0000000000000007, 1.0553523054995777
0.9999999999999991, 1.0957232304277364
0.9999999999999991, 1.1776877998091502
1.0000000000000007, 1.0600106085866523
1.0, 1.0280849548836866
1.0000000000000022, 0.9881895648658199
1.0000000000000007, 0.9653829223344434
1.0000000000000047, 1.1533225537985936
1.0000000000000013, 1.0814777257814814
0.9999999999999981, 1.068507372425639
0.9999999999999983, 1.0368530362845907
1.0000000000000038, 0.9848829108054056
0.9999999999999968, 1.0652565770260083
0.9999999999999971, 1.0469397228620654
0.9999999999999983, 1.0683747784809345
1.0000000000000013, 1.1491225723222673
0.999999999999998, 1.0770641829757261
0.9999999999999991, 1.0690178249304705
1.0000000000000007, 1.0952795431657667
1.0000000000000002, 1.1231400056298586
0.9999999999999981, 1.0720391905469802
1.0000000000000009, 1.1625265237091411
0.9999999999999964, 1.1017123392385872
0.9999999999999983, 1.1184271645652135
1.0000000000000038, 1.0701308184437845
1.0000000000000002, 1.171845541123794
1.0000000000000002, 1.0968023112012795
0.9999999999999984, 1.083615253130367
1.0000000000000018, 1.1065462806215989
0.9999999999999992, 1.0887247225993857
0.9999999999999961, 1.078773240948919
0.9999999999999999, 1.0531071152320377
1.000000000000002, 1.0596478112810939
1.0000000000000007, 1.057085285708602
0.9999999999999952, 1.1165392510839776
1.0000000000000004, 1.1228138919235529
1.0000000000000009, 1.1241914498569088
1.000000000000002, 1.1012683944626103
1.0000000000000024, 1.0999279474306285
0.9999999999999973, 1.136075530443207
1.0000000000000007, 1.1139279959848776
0.9999999999999997, 1.0429403779946502
0.9999999999999964, 1.0589712138753329
1.0000000000000002, 1.0690709916887688
1.0000000000000033, 1.0848815800143516
1.0, 1.0903470632387715
0.9999999999999991, 1.0886096507503435
1.000000000000002, 1.1066370777036627
1.0000000000000027, 0.9765521753479298
0.9999999999999993, 1.1382519310777532
0.9999999999999991, 1.114738226600302
0.9999999999999989, 1.17298842933057
0.9999999999999996, 1.061756119895228
1.0000000000000004, 1.0931865468175512
1.0000000000000007, 1.0858907944602243
0.9999999999999957, 1.1439513171421343
0.9999999999999991, 1.125238367814178
0.9999999999999986, 1.1229389333566062
0.999999999999998, 1.1027004246067504
0.9999999999999992, 1.0596779623595403
0.9999999999999983, 1.081761433678485
0.9999999999999984, 1.1841752593833406
1.0000000000000018, 1.1193117440327194
0.9999999999999989, 1.0907368809564755
1.0000000000000018, 1.0720276965155784
1.0000000000000013, 1.2498825515070995
0.9999999999999993, 1.0910410209204242
0.9999999999999996, 1.0154082422880932
0.9999999999999997, 1.1159031764547538
1.0000000000000033, 1.1221789451123154
0.9999999999999984, 1.0286076271568383
0.9999999999999992, 1.1022198710505777
1.0000000000000002, 1.1036913033139655
1.0000000000000018, 1.1416439635374522
1.0, 1.0792271037146888
1.0000000000000009, 0.995796282486479
0.9999999999999984, 1.0960203558905914
0.9999999999999993, 1.0891140454834827
0.9999999999999989, 1.0716959037878082
1.0000000000000033, 1.1357004623228053
0.9999999999999989, 1.068385538214971
1.0000000000000007, 1.0912868981880124
1.0000000000000016, 1.097688732958108
1.0000000000000013, 1.0677872476067682
0.9999999999999986, 1.1418570583698295
0.9999999999999984, 1.0794148158287034
0.9999999999999996, 1.1226406850153743
1.0000000000000007, 1.0511797877020879
1.0000000000000002, 1.1359603737521302
1.000000000000002, 1.107906814423996
0.9999999999999996, 1.0584690091731426
1.0000000000000013, 1.0641462258047882
1.000000000000001, 1.1523553861531004
1.0000000000000022, 1.0413862802846723
0.9999999999999988, 1.1307131385783995
1.0000000000000007, 1.1230003809160638
1.0000000000000007, 1.1708084798258152
1.0000000000000007, 1.0126934307249145
0.9999999999999993, 1.1915190846105213
1.0000000000000018, 1.0659745530501743
1.0000000000000002, 1.1190128210883508
0.9999999999999968, 1.105453856211752
0.9999999999999993, 1.1150507756260606
1.0000000000000013, 1.1767591845925875
1.0000000000000022, 1.137467427811759
1.0000000000000002, 1.1481942277079962
1.0000000000000024, 1.1083468181966263
0.9999999999999981, 1.0609211566188648
1.0000000000000009, 1.102816918642203
1.0000000000000007, 1.0733741304425777
0.999999999999998, 1.1522033765367554
0.9999999999999983, 1.0741426710357687
0.9999999999999973, 1.0593520993091738
1.000000000000005, 1.0423779743196713
0.9999999999999992, 1.0792181077272751
1.0000000000000016, 1.067364402632293
1.0000000000000033, 1.052917273970657
1.0000000000000022, 1.0954976879501899
1.000000000000003, 1.1151278133877056
1.0000000000000007, 1.0627791403378941
0.9999999999999993, 1.1730998550339025
1.0000000000000022, 1.101829440259179
1.0000000000000029, 1.0893440208664331
1.0000000000000016, 1.1459466398132172
1.0000000000000018, 1.0640812791055831
0.999999999999998, 1.0894793767357642
0.9999999999999969, 1.159905564374574
0.9999999999999981, 1.104174879503653
1.0000000000000009, 1.021697071857408
0.9999999999999972, 1.0874906220121594
0.9999999999999966, 1.0939690263920385
1.0000000000000007, 1.0753888604389676
0.9999999999999993, 1.183131328333122
1.0000000000000007, 1.1813062561696837
0.9999999999999989, 1.060970450024806
1.0000000000000018, 1.1530909475593805
1.0000000000000002, 1.1794418328148852
1.0000000000000013, 1.1467927058842315
0.9999999999999999, 1.1281991716336575
1.0000000000000022, 1.1194402039625169
0.9999999999999993, 1.1139788885311188
1.0000000000000022, 1.1113871726696747
1.0000000000000049, 0.9825282003892697
1.0000000000000007, 1.09865687587168
0.9999999999999991, 0.9818763229670816
1.0000000000000007, 1.0248308426136272
0.9999999999999991, 1.248233731972538
0.9999999999999996, 1.116811802148048
0.9999999999999963, 1.0992746417804764
1.0000000000000029, 1.0779454281174252
1.0000000000000062, 1.1399797157161715
1.0000000000000033, 1.1053499204402355
1.0000000000000013, 1.0981668946670975
1.0000000000000002, 1.0774389717336001
1.0000000000000002, 1.0680234345212456
1.0000000000000007, 1.1714033781287427
0.9999999999999997, 1.082591145549694
1.0, 1.0918772102377834
0.9999999999999988, 1.0971409152679903
0.9999999999999999, 1.0528026147052383
1.0000000000000027, 1.062353476326162
0.9999999999999978, 0.9816091466017974
0.9999999999999986, 1.1366734390591513
0.9999999999999992, 1.0810645989270902
0.9999999999999988, 1.1122251613081489
0.9999999999999997, 1.1580316263872157
1.0000000000000038, 1.1038420832094467
0.9999999999999963, 1.2116385284294853
0.9999999999999991, 1.1132875170884808
1.0000000000000038, 1.1228792790108262
0.9999999999999984, 1.1147081663189813
0.9999999999999972, 1.1045114613654983
0.9999999999999984, 1.1195690860034793
1.0000000000000007, 1.1532559336749835
0.9999999999999952, 1.1535774260792337
1.0000000000000024, 1.0684385291043283
0.9999999999999981, 1.1169179215630571
0.9999999999999997, 1.0604608180474575
1.0000000000000007, 1.1035748552668279
1.0000000000000018, 1.1058420850046993
0.9999999999999992, 1.1663939709425666
0.9999999999999996, 1.1717900404485524
0.9999999999999984, 1.1278261264768636
1.0000000000000002, 1.066039451707685
0.9999999999999986, 1.067952966059
0.9999999999999991, 1.1658272077691472
0.9999999999999964, 1.191725951822534
1.0000000000000007, 1.1026856049401517
1.0000000000000013, 1.0848361395238277
0.9999999999999993, 1.0725219057620534
0.9999999999999986, 1.1135324059130087
0.9999999999999984, 1.0810012473284354
1.000000000000001, 1.1142853491472957
0.9999999999999964, 1.0980576702757452
0.9999999999999988, 1.0973414577067486
0.9999999999999986, 1.1510550889064968
1.0000000000000033, 1.0065284223918038
0.9999999999999996, 1.0096577183810835
1.0000000000000049, 1.1123551867128236
1.0000000000000018, 1.2375044361001788
1.000000000000002, 1.1017771806290781
0.9999999999999988, 1.0170895561137068
1.0000000000000038, 1.1418359988405478
1.0000000000000002, 1.0289580269198173
1.0000000000000024, 1.1048341058110855
0.9999999999999984, 1.148596398862937
0.9999999999999989, 1.0285496227138409
1.0000000000000018, 1.0473458565119624
1.000000000000002, 1.1625668240090286
0.9999999999999971, 1.1429537377550838
0.9999999999999986, 1.0240497991720325
1.0000000000000004, 1.1706580920154959
1.0000000000000022, 1.1288126305194055
0.9999999999999986, 1.1530510442496458
1.0000000000000004, 1.1472145207918656
0.9999999999999984, 1.1179687861711507
0.9999999999999992, 0.9917260968667537
1.0000000000000002, 1.142874528368409
1.0000000000000013, 1.0800391728803218
1.0000000000000007, 1.2136042668955054
1.0000000000000016, 1.1379713951957025
1.0000000000000022, 1.108493531354183
0.9999999999999977, 1.0894969504675918
0.9999999999999966, 1.0121241782076928
0.9999999999999988, 1.100472402050726
1.000000000000001, 1.1383643138655992
0.9999999999999977, 1.1185484783706718
0.9999999999999971, 1.0964938230672068
0.999999999999994, 1.0769970558929411
0.999999999999998, 1.122456710261246
0.9999999999999973, 1.0471396755936113
0.9999999999999968, 1.0454469547115455
0.9999999999999968, 1.0691856009045329
0.9999999999999976, 1.1989023614513366
0.9999999999999999, 1.1261645902709814
1.0000000000000007, 1.1051963603861992
1.0000000000000022, 1.0855329453526201
0.9999999999999964, 1.1511297962047002
1.0000000000000029, 1.0101760134532154
0.9999999999999989, 1.068295103050844
0.999999999999998, 1.1902779806119788
0.9999999999999991, 1.0638498255099471
0.9999999999999993, 1.081910593887272
0.9999999999999999, 1.1472997449694708
1.0000000000000013, 1.1576566242808242
1.0, 1.0607396103442097
0.9999999999999977, 1.0488591484440482
1.0000000000000002, 1.069189661776658
1.0000000000000018, 1.124572032212736
1.0, 1.06900420326907
0.999999999999995, 1.1241296847458826
0.9999999999999989, 1.1540685761799834
0.9999999999999988, 1.0687230935266996
1.0, 1.0207551399710577
0.9999999999999978, 1.0596275773539596
1.0000000000000007, 1.1303925147955416
0.9999999999999986, 1.0250119542909857
1.0000000000000007, 1.0886867747746787
0.9999999999999961, 1.106192697134388
1.0, 1.0393565441326729
0.9999999999999973, 1.1017739670401188
0.9999999999999964, 1.0714934565318663
0.9999999999999984, 1.1263774146053696
0.9999999999999964, 1.1110072900117698
0.9999999999999984, 1.091248702736626
1.0000000000000002, 1.1060670606679157
1.0000000000000007, 1.0701214159527441
1.0000000000000022, 1.0649987488377557
0.9999999999999949, 1.131922781400688
0.9999999999999971, 1.0717234469483596
1.0000000000000007, 1.1205365150637725
0.9999999999999953, 1.0903688880837346
0.9999999999999999, 1.0793411579347314
1.0000000000000013, 1.113382269178288
1.0, 1.152590379505004
1.0000000000000022, 1.041434596573222
0.9999999999999997, 1.1100993992864643
0.9999999999999956, 1.0770531019684602
0.9999999999999997, 1.1498294696248386
0.9999999999999989, 1.0692944726052078
0.9999999999999984, 1.14324575705743
0.9999999999999983, 1.1022417196624086
1.0000000000000018, 1.0620429822050015
1.0000000000000002, 1.16488286312222
1.0000000000000038, 1.0320866016326555
0.9999999999999991, 1.1223360564683384
0.9999999999999991, 1.1030618487515356
1.0000000000000007, 1.1192073011716808
1.000000000000002, 1.1212158049511403
1.0000000000000027, 1.0766826213866758
0.9999999999999999, 1.0712257646869616
1.0000000000000004, 1.091671328986935
0.9999999999999952, 1.0913294967898064
1.0000000000000024, 1.1472255590550278
1.0000000000000013, 1.0475753908906442
0.9999999999999991, 1.1274795181866135
0.9999999999999958, 1.0490121189803012
0.9999999999999997, 1.0989858410479858
1.0000000000000027, 1.0980748501234303
1.000000000000002, 1.1268726018772943
1.0000000000000018, 1.0924403040159145
0.9999999999999999, 1.0946968832811619
0.9999999999999984, 1.0319628725546293
1.0000000000000002, 1.1892086702568032
1.0, 1.0635361795613623
1.0000000000000002, 1.0930364949852693
0.9999999999999997, 1.0450890302324154
1.0000000000000033, 1.010884809689241
0.9999999999999983, 0.9552093564529615
1.0000000000000013, 1.1042375808179203
0.9999999999999989, 1.0131130732946652
0.9999999999999981, 1.0741835192734732
0.9999999999999992, 1.1423752111471939
0.9999999999999991, 1.114181728426451
1.0, 1.0607721462811077
0.9999999999999952, 1.097050865757169
0.9999999999999988, 1.0926782981907313
0.9999999999999992, 1.0617304352341648
1.0000000000000002, 1.0443040352891233
1.0000000000000007, 1.1132827842440465
1.0000000000000009, 1.0273483668393835
1.000000000000003, 1.103798258527111
1.0000000000000009, 1.0658593327967596
1.0000000000000004, 1.0571103396758466
0.9999999999999966, 1.1235072669497868
1.0000000000000042, 1.1208836457069564
1.0000000000000007, 0.9962600105037138
1.0000000000000024, 1.0690515286749038
0.9999999999999996, 1.0292494766625904
0.9999999999999996, 1.0086357601436189
0.9999999999999997, 1.0876192595515437
1.0000000000000027, 1.056014032259084
0.9999999999999988, 1.0643976754009479
0.9999999999999992, 1.0398722825169355
1.0000000000000024, 1.0993934505051601
1.000000000000001, 1.0982351291666648
0.9999999999999996, 1.1086802370523994
0.9999999999999991, 1.0731352392773377
0.9999999999999966, 1.0493654103499948
1.0000000000000029, 1.1892478748220738
0.9999999999999997, 1.160360557734533
1.0000000000000018, 1.0634601484815274
1.0000000000000027, 1.1650582556115854
1.000000000000001, 1.1178054169937677
1.0000000000000013, 1.0983434153636105
1.0000000000000018, 1.1177907923662516
1.0000000000000067, 1.0992605072267572
0.9999999999999999, 1.086326304782501
0.999999999999996, 1.152436687028377
0.9999999999999966, 1.0595895618183102
1.0000000000000016, 1.0845735699937944
0.9999999999999983, 1.110534177581758
1.0000000000000018, 1.038219109422526
1.0000000000000002, 1.0586500995054815
1.0000000000000029, 1.1180795851789527
0.9999999999999971, 1.0341768734209114
1.0000000000000007, 0.9118355885825222
1.0000000000000018, 1.1777916671748299
1.0, 1.1028293891200844
0.9999999999999996, 0.9951171758675299
0.9999999999999978, 1.1179129706972877
1.0000000000000007, 1.0725325918827078
0.9999999999999983, 1.1056396790785357
0.9999999999999991, 1.0801473457681525
0.9999999999999991, 1.0412198014296707
0.9999999999999984, 1.038861571125286
0.9999999999999978, 1.1308076464623493
0.9999999999999996, 1.0553106740952545
1.0000000000000036, 1.0651220568413493
1.0000000000000002, 1.0491928552917578
1.000000000000001, 1.087308752648932
0.9999999999999988, 1.1620480212009452
0.9999999999999986, 1.05223659233469
0.9999999999999968, 1.092109669774219
0.9999999999999991, 1.102989836453125
0.9999999999999963, 1.1351084695652318
1.0000000000000056, 1.1328019687475186
0.9999999999999999, 1.0299802241015235
1.0000000000000007, 1.08821649644094
0.9999999999999952, 1.0586265957321541
0.9999999999999973, 1.1056126993244562
0.999999999999998, 1.1749934331939387
1.0000000000000036, 1.0988409326512298
0.999999999999998, 1.0065219157609475
1.000000000000002, 1.0650661224330393
1.0000000000000002, 1.0973514884082118
1.000000000000002, 1.082271539155473
1.0000000000000004, 1.1860504044464952
1.0000000000000044, 1.1375746349243743
0.9999999999999989, 1.138919285130916
1.0000000000000029, 1.019979186821529
1.0000000000000029, 1.1135260003000882
1.0000000000000007, 1.088201280713708
0.999999999999996, 1.013618784313668
0.9999999999999976, 1.0841205758340695
0.9999999999999999, 1.0941670697639925
1.0000000000000004, 1.1427351342491534
1.0000000000000007, 1.222167591421155
1.0000000000000007, 1.067398110070958
1.0000000000000007, 1.1041913735034057
1.0000000000000007, 1.089192560632891
1.0000000000000002, 1.0838105042239958
0.9999999999999996, 1.0916913651146376
1.0000000000000024, 1.0638813001216274
1.0000000000000036, 1.1358690381289613
0.9999999999999992, 1.0726712758691876
0.9999999999999999, 1.045203922938826
0.9999999999999991, 1.1035329713528275
1.0000000000000013, 1.1433120239709704
1.0000000000000016, 1.0587999310354084
1.0000000000000027, 1.0945707316185254
1.0000000000000013, 1.092752209821701
1.0000000000000013, 1.0225885456030974
0.9999999999999991, 1.1052942676787876
0.9999999999999988, 1.0740824175328234
1.0000000000000013, 1.0635762974186187
0.9999999999999981, 1.0905334136930358
1.0000000000000018, 1.0917451626628745
1.0000000000000022, 1.044295002326506
0.9999999999999981, 1.0493087074126728
0.9999999999999989, 1.0457778745057145
1.0000000000000022, 1.0549123474156867
1.0000000000000018, 1.0675957441751578
0.9999999999999999, 1.113714129853248
0.9999999999999992, 1.1172067786726156
1.0000000000000047, 1.097685991077305
1.0000000000000013, 1.1095773421933433
0.9999999999999976, 1.0628990522186912
1.0000000000000013, 1.11666433883659
1.0000000000000029, 1.1231976107306094
0.999999999999994, 1.1283029551625228
0.9999999999999989, 1.1008433357657452
1.0000000000000024, 1.1150319865588492
0.9999999999999996, 1.0429813951159586
1.0000000000000018, 1.0795602600298833
0.9999999999999999, 1.0241559748440685
1.000000000000003, 1.1461482186259526
1.0000000000000022, 1.1197864337596597
0.9999999999999984, 1.0730495846302106
1.0000000000000013, 1.0948213081968494
0.9999999999999957, 1.1450767866810265
1.0000000000000007, 1.1258165695132107
0.9999999999999984, 1.0954480466263
0.9999999999999972, 1.0769674558105629
1.000000000000001, 1.0645685662051907
0.9999999999999973, 1.1188163845765373
1.0000000000000018, 1.1143007748535825
0.9999999999999997, 1.0353605833675317
0.9999999999999997, 1.0988949007245443
0.9999999999999988, 1.0635494933772263
1.0000000000000002, 1.129509996083233
1.0000000000000033, 1.09271799677961
0.9999999999999993, 1.082195979960451
1.0000000000000058, 1.1430361877557715
0.9999999999999972, 1.1387514404165364
1.0000000000000018, 1.115983443544884
1.0000000000000018, 1.0548865872736946
0.9999999999999992, 1.0350661362395486
0.9999999999999972, 1.1682335039173797
1.0000000000000018, 1.084892577043145
1.0, 1.0416098860111718
0.9999999999999989, 1.0404258848790287
1.0000000000000033, 1.0878643776472627
1.0000000000000004, 1.0357378142709328
0.9999999999999993, 1.0443359408722546
0.9999999999999997, 1.1280770233994457
0.999999999999996, 1.0769537481675258
1.0000000000000007, 1.113032208110738
0.9999999999999993, 1.1286541169274886
0.9999999999999981, 1.0511819991851734
0.9999999999999993, 1.066303164636658
0.9999999999999999, 1.0812014345840792
1.0000000000000004, 1.0210216551479876
0.9999999999999992, 1.0640242419588002
0.9999999999999963, 1.0844928181959115
1.0000000000000002, 1.1527938426124753
0.9999999999999992, 1.061288653885185
0.9999999999999981, 1.1096314923207533
0.9999999999999992, 1.1027278946518446
1.0, 1.1259316834505158
1.0000000000000009, 1.1492770969642814
1.0000000000000013, 1.0533282005253688
0.9999999999999963, 1.066807605232682
0.9999999999999978, 1.1135705470475559
1.0000000000000027, 1.0730705332804722
0.9999999999999991, 1.0487944815383985
1.000000000000002, 1.1364427168103244
1.0, 1.0722851265373983
0.9999999999999983, 1.120350389576881
1.000000000000001, 1.14798965389938
0.9999999999999958, 1.095369606096558
1.0000000000000016, 1.0088208422660931
0.999999999999998, 1.0282309839546016
1.0000000000000009, 1.0390891959522484
0.999999999999996, 1.0011318959900042
0.9999999999999992, 1.1775863590012867
1.000000000000001, 1.0839389970844808
1.000000000000002, 1.097253093156859
0.9999999999999992, 1.1472420035677064
1.0000000000000007, 1.124291200922709
1.0000000000000016, 1.1796849218337093
0.9999999999999989, 1.1300730493503985
1.0000000000000022, 1.0170136686067237
0.9999999999999984, 1.0709636522527366
1.0000000000000009, 1.089176648653244
1.0000000000000042, 1.0581275167492081
1.0000000000000016, 1.0256145660928395
0.9999999999999991, 1.0968262014227346
0.9999999999999997, 1.0072704903191378
0.9999999999999966, 1.0676895953033776
0.9999999999999976, 1.0875522669477466
1.0000000000000044, 1.1191153614617761
1.0000000000000002, 1.1212577950874638
1.0000000000000018, 1.1097677830479076
0.9999999999999997, 1.066869673850465
1.0000000000000033, 1.1753564546091217
1.0000000000000022, 1.1264137470743092
0.9999999999999953, 1.1128936729133256
1.000000000000001, 1.117366778911979
0.9999999999999991, 1.069527992210963
1.0000000000000024, 1.184479264301876
0.9999999999999968, 1.15256285944919
0.9999999999999983, 1.1404944125139158
0.9999999999999992, 1.1821167976967912
1.0000000000000044, 1.1352823032902715
1.0000000000000007, 1.122847803317901
0.9999999999999988, 1.1173399534182824
0.9999999999999973, 1.0669613313081485
1.000000000000002, 1.0709426958977109
0.9999999999999993, 1.0801604442132913
0.9999999999999999, 1.0884613382795791
1.0000000000000029, 1.1510567874192539
0.9999999999999981, 1.0601025334610321
1.0, 1.0669977276716593
0.9999999999999991, 1.0737872631832415
1.0000000000000007, 1.0938803451556018
0.9999999999999969, 1.129996644097845
1.0000000000000038, 1.028103549096138
1.0000000000000042, 1.1078497397762104
1.0000000000000007, 1.0925046028640908
1.0000000000000013, 1.1743019843869333
0.9999999999999981, 1.0296547901266484
0.9999999999999991, 1.1040601463084192
1.0000000000000007, 1.0845536744505282
0.9999999999999999, 1.057189591239173
1.0000000000000036, 1.1153473884518894
1.000000000000001, 1.0418365953721986
0.9999999999999972, 1.1362495235440995
0.9999999999999984, 1.1463178663970575
0.9999999999999983, 1.0920676798491622
1.0000000000000018, 1.0456735806164086
0.9999999999999972, 1.0790718401980226
0.9999999999999973, 1.136736613071505
1.0000000000000027, 1.1144174246382956
1.0000000000000036, 1.1675364496193867
1.0000000000000029, 1.1151044780006631
0.999999999999998, 1.0788405930362222
1.0000000000000002, 1.0707455604845189
1.0000000000000018, 1.138156470093087
1.0000000000000007, 1.0646787031684206
0.9999999999999978, 1.1531285744220487
1.0000000000000013, 1.102486390178666
1.0000000000000004, 1.0889675352867545
1.0000000000000044, 1.1142693112048598
1.0, 1.158406617817779
1.0000000000000022, 1.0995866100653173
0.9999999999999986, 1.139069925917839
0.9999999999999992, 0.9698741515830023
0.9999999999999977, 1.0514942829582585
1.0000000000000013, 1.0382505339404777
1.0000000000000002, 1.108126278839083
1.0000000000000004, 1.1372413203539988
1.0000000000000013, 1.1789401394526653
0.9999999999999993, 1.1000303939048797
0.9999999999999976, 1.085723991275675
1.0000000000000016, 1.0700718605120993
1.0000000000000018, 1.087476115192513
1.0000000000000009, 1.1638334067286076
1.0000000000000027, 1.1542947799566456
1.0000000000000013, 1.0991541107808287
0.9999999999999953, 1.1640363013828523
1.0, 1.0880743615627237
0.9999999999999957, 1.0895451134974874
1.0000000000000002, 1.155555742717949
0.9999999999999983, 1.0861873453398445
1.0000000000000018, 1.11926213629292
0.9999999999999981, 1.0877654565156178
1.0000000000000009, 1.067587122899069
1.0000000000000018, 1.138648188511451
0.9999999999999983, 1.1503229451368784
0.9999999999999973, 1.00803131696885
0.9999999999999977, 1.1214292649158013
1.0000000000000044, 1.071460128318162
1.000000000000002, 1.0632579374322912
0.9999999999999991, 1.088242339770233
0.9999999999999983, 1.1074930997960732
1.0000000000000018, 1.1923946970909245
0.9999999999999996, 1.0679888382050093
0.9999999999999997, 1.0590425132673964
0.9999999999999993, 1.091185764430922
0.9999999999999968, 1.1302380217492316
0.9999999999999981, 1.088956307370898
1.0000000000000002, 1.0727467448462935
1.000000000000001, 1.12080861103714
1.0000000000000033, 1.1203083483254566
0.9999999999999988, 1.094982979954826
1.0000000000000007, 1.1289877712867473
1.0000000000000022, 1.106758234133605
1.0000000000000018, 1.0538357025159322
1.0000000000000022, 1.1239044909219436
1.0000000000000038, 1.0128211579052164
0.9999999999999963, 1.0475821758988648
0.9999999999999991, 1.0569670387940386
0.9999999999999991, 1.1589124301450098
0.9999999999999993, 1.037686165117131
1.0000000000000033, 1.14879337797384
1.000000000000007, 1.0551090636193
1.0000000000000007, 1.1243347922557871
0.9999999999999999, 1.0935762349766573
1.0000000000000002, 1.1219100568476066
1.0000000000000013, 1.1217358978366623
1.0000000000000013, 1.1337998233220148
0.9999999999999989, 1.0475504258708936
0.9999999999999992, 1.0722829187762009
1.0000000000000004, 1.1143283193448046
0.9999999999999997, 1.0889441280124357
0.9999999999999997, 1.0478106451643294
0.9999999999999997, 1.0013614676439386
0.9999999999999984, 1.06443759975466
0.9999999999999988, 1.0987325209968766
0.999999999999998, 1.0737604589217866
1.0000000000000018, 1.0765756209406805
0.9999999999999996, 1.0861260747002255
0.9999999999999988, 0.9929437566889938
1.000000000000002, 1.0872072712691514
0.9999999999999992, 1.0944904449036132
1.0000000000000024, 1.1566935681962853
1.0000000000000009, 1.1360659223433172
1.0000000000000018, 1.0906503833004002
0.9999999999999953, 1.0830405426885508
1.0000000000000002, 1.0718098615669223
0.9999999999999963, 1.1054668528705844
0.9999999999999977, 1.0736482643025629
0.9999999999999976, 1.1096848054374557
1.000000000000002, 1.013277468767379
0.9999999999999988, 1.1044260737430232
0.9999999999999999, 1.088674070696081
0.9999999999999981, 1.0745042309526187
0.9999999999999983, 1.083524167127266
1.000000000000001, 1.050816791566838
0.9999999999999989, 1.1142474650323853
1.0000000000000044, 1.1283580522555803
0.9999999999999997, 1.0419459067197017
1.0000000000000007, 1.074040351728041
0.999999999999998, 1.0777942098527244
0.9999999999999993, 1.1362543691156617
0.9999999999999968, 1.1496602911604858
0.9999999999999991, 1.1377526391645134
1.0000000000000024, 1.1349446879125262
0.9999999999999946, 1.1363907058349192
1.0000000000000013, 1.149633926488872
0.9999999999999993, 1.114868573279709
0.9999999999999977, 1.0942467768905633
1.0000000000000029, 1.1090195262177847
1.000000000000004, 1.1967634822528037
0.9999999999999973, 1.1116771290074576
1.0000000000000007, 1.0542580427771544
0.9999999999999988, 1.1276306319838922
0.9999999999999999, 1.0533388944904862
1.0, 1.0139281287487754
0.9999999999999986, 1.104637117109403
1.0000000000000007, 1.1634007397942638
0.9999999999999972, 1.1957239129437842
0.9999999999999991, 1.0556171174124622
0.9999999999999993, 1.1144044735397203
1.0000000000000018, 1.123268667944505
0.9999999999999993, 1.12780885848997
0.9999999999999988, 1.0305989875391224
1.0000000000000002, 1.0929916492364495
0.9999999999999969, 1.1502063970831538
1.0000000000000009, 0.9682262469193559
0.9999999999999958, 1.0975934979617015
1.0000000000000013, 1.0508840478630375
1.0000000000000007, 1.040793797798349
1.000000000000001, 1.0611375745700027
1.0000000000000024, 1.113476925799315
0.9999999999999997, 1.1236448621147495
0.9999999999999996, 1.124107956835912
1.0000000000000002, 1.1213289649513882
1.0000000000000033, 1.162455834491225
0.9999999999999976, 1.0620073479755527
1.0000000000000002, 1.0329004278210674
1.0000000000000002, 1.1230069607797348
0.9999999999999984, 1.1315476845463208
1.0000000000000033, 1.068061368002371
0.9999999999999992, 1.1642104557457515
1.0000000000000007, 1.0866352207929106
0.9999999999999966, 1.1499657602418663
0.9999999999999988, 1.0731486970617232
0.9999999999999973, 1.1127960780772033
1.0000000000000036, 1.0335893392619588
0.9999999999999932, 1.096516500664158
0.9999999999999966, 1.0622887177131115
0.9999999999999981, 1.0676901229381475
0.9999999999999996, 1.0599263041944946
0.9999999999999988, 1.0924103093188728
1.000000000000003, 1.077533427360046
0.9999999999999992, 1.0819364002292424
1.0000000000000038, 1.1139689128010093
1.000000000000002, 1.089067314055644
1.0000000000000002, 1.0554599429364697
0.9999999999999976, 1.0015682476270862
0.999999999999998, 1.1029274507793223
0.9999999999999984, 1.132923172981008
1.0, 1.0475351086563776
1.0000000000000024, 1.0965627529845894
1.0000000000000024, 1.1190101906961214
0.9999999999999969, 1.0261286051705945
0.9999999999999986, 1.0437865364985557
0.9999999999999989, 1.1577253976579782
0.9999999999999999, 1.080975655482541
1.0000000000000027, 1.0688095961405764
0.999999999999998, 1.043047284917938
0.9999999999999983, 1.1024035554063158
1.0000000000000013, 1.0913889400252283
0.9999999999999981, 1.0721441355833146
1.0000000000000013, 1.069124917780737
1.0000000000000013, 1.098634384705401
0.999999999999996, 1.121755734310168
