ATE real, ATE estimado
1.0000000000000007, 0.9043971233331821
1.0000000000000004, 1.012767224773876
1.0000000000000036, 1.032312406093838
0.9999999999999993, 0.9129469389298718
0.9999999999999973, 0.9866561488941218
0.9999999999999978, 1.0439895119625124
1.0000000000000004, 0.9687125946181417
1.0000000000000004, 0.9677303242268723
1.0000000000000002, 0.9459581581513834
0.9999999999999949, 0.9618692871418726
0.9999999999999992, 1.013118590312837
0.9999999999999986, 0.9765204366542745
0.9999999999999992, 0.9838113179906299
1.0000000000000013, 1.0156692014457354
0.999999999999996, 0.9480674218365003
1.0000000000000033, 0.9989956047573313
1.0000000000000027, 0.9252266564096552
1.0000000000000027, 1.0383037911070185
1.0000000000000022, 1.0351072073922192
0.9999999999999976, 0.9986931732856223
0.9999999999999991, 0.9883851104728952
1.000000000000002, 1.0726628109679714
1.0, 1.012992416440467
1.0000000000000036, 0.960937266203491
0.9999999999999973, 1.0068078449741993
0.9999999999999978, 0.9694019022296392
1.0000000000000038, 0.9501608894163008
0.9999999999999996, 1.013487026536978
0.999999999999998, 1.0483145598383008
1.0000000000000002, 1.013565651030593
0.9999999999999958, 0.9778838396763984
1.0000000000000013, 0.9360144293287624
0.9999999999999999, 0.9850402264463647
1.0000000000000013, 0.9516856184564534
1.0000000000000067, 1.034611148353343
1.0000000000000013, 0.9414999050139876
0.9999999999999977, 0.9799671682308959
1.0, 1.0597429242780854
0.999999999999998, 1.0509021175442599
1.000000000000006, 1.0137485226390737
1.000000000000002, 0.9491473760731873
0.9999999999999956, 0.9588872210281537
0.9999999999999977, 0.9359151888172336
0.9999999999999976, 1.0096254848996502
1.0000000000000004, 0.9969987142205191
1.0000000000000009, 0.9475436842894734
1.0000000000000036, 0.9557460359852443
0.9999999999999949, 0.9378994635682111
0.9999999999999973, 0.9982534969581728
1.0000000000000004, 1.0034292175362851
0.9999999999999986, 1.0314396133981387
1.0000000000000007, 0.9936085785540243
0.9999999999999972, 1.0519582594600037
0.9999999999999968, 0.9712520755110804
0.9999999999999999, 0.958635631842268
1.0000000000000033, 0.9774984952791662
0.9999999999999988, 1.0003493570106556
0.9999999999999973, 1.0093425206233966
1.0000000000000002, 1.0171869399056606
1.0000000000000009, 1.0960291478094144
1.0000000000000029, 1.0742490279709647
1.000000000000003, 0.9089049225990964
0.9999999999999989, 1.0017233470470275
0.9999999999999983, 0.9489041720058892
0.9999999999999989, 0.9810158004539751
1.0000000000000002, 0.9780648417435505
0.9999999999999989, 1.0350818583738732
1.0, 0.9255896212123278
1.0000000000000002, 1.0229435445975519
1.0000000000000007, 0.9826097362791192
0.9999999999999977, 0.9716911032470688
0.9999999999999996, 0.9501012425878702
1.0000000000000016, 1.1152164135434948
0.9999999999999989, 1.0211449118911242
1.0000000000000002, 0.9819023791952969
0.9999999999999984, 1.0240699518818095
0.9999999999999999, 1.003237743631784
0.9999999999999999, 0.9274874994842295
1.0000000000000018, 0.9232679647671296
0.9999999999999999, 0.9384430986169245
1.0000000000000018, 0.9593585288309612
0.9999999999999992, 0.9620976426861623
1.0000000000000007, 1.0078812487122166
0.9999999999999991, 0.9523015311609886
0.9999999999999981, 0.9666243051915993
1.0000000000000042, 0.9545131130592017
0.9999999999999968, 0.9284654663719804
1.0, 1.0415161409402376
1.000000000000003, 1.049283569939056
1.000000000000004, 1.0369496524579356
0.9999999999999989, 1.0099242052122683
0.9999999999999993, 1.0625506628370465
1.0000000000000036, 1.0512480249063447
0.9999999999999988, 0.992817006239578
1.0000000000000013, 0.97953028213493
1.000000000000001, 1.004609073181467
1.0000000000000004, 1.0683258708038292
1.0000000000000044, 0.9137981098374359
1.0000000000000004, 1.0520210770178893
0.9999999999999991, 1.1720272773205822
0.9999999999999997, 1.0493643331788636
0.9999999999999983, 0.9856047204144516
0.9999999999999996, 0.9933831738664664
1.0000000000000038, 1.0626813012156213
1.0000000000000002, 1.0582897664545223
1.0000000000000027, 1.0052712832248043
1.0000000000000013, 1.0254972156243964
0.9999999999999993, 1.059304315280723
0.9999999999999991, 0.9831998405082554
1.0000000000000002, 1.0065382116089725
1.0000000000000036, 1.036452198692218
0.9999999999999996, 0.9742237876926074
1.0000000000000007, 0.9743514564993256
1.0000000000000007, 1.0385852808281875
1.0000000000000013, 0.9930553279711251
0.9999999999999992, 0.9973194651972132
0.9999999999999968, 0.9743627992414561
1.0000000000000033, 0.9764655427992646
0.9999999999999973, 1.0263787935452826
0.9999999999999981, 0.9884157625502981
1.0000000000000002, 0.9843574363716592
0.9999999999999997, 1.018441363219715
0.9999999999999956, 1.011530546257836
1.0000000000000004, 0.9734335479854977
0.9999999999999971, 1.0112830273479765
0.9999999999999988, 1.017391711795931
1.0, 1.0222648309226072
0.9999999999999946, 0.9621123041435902
0.9999999999999978, 0.9995504557835937
0.9999999999999991, 1.006654420349483
1.0000000000000027, 0.9729398809732489
1.0000000000000027, 1.0614119561354671
1.0000000000000024, 1.0322809449663664
1.0000000000000013, 1.0629663939864755
0.9999999999999984, 1.000069201352212
0.9999999999999981, 0.9815331054597443
0.9999999999999997, 1.000303496550554
1.0000000000000022, 0.9613631364981379
1.0000000000000013, 0.969403981336428
1.0000000000000024, 1.0661599408440015
1.0000000000000009, 1.0097246772863266
1.0000000000000018, 0.9974041562235383
1.0000000000000007, 1.003910014542967
0.9999999999999989, 1.0577665683187711
0.9999999999999996, 1.0408972446643847
0.9999999999999999, 0.9431659658321055
0.9999999999999999, 0.9406684988284176
0.9999999999999992, 1.0456275173456635
1.0000000000000009, 0.9858919063393716
0.9999999999999972, 1.0999018493680903
1.0000000000000022, 0.9957538014081853
1.0000000000000022, 1.074488192642706
0.9999999999999966, 1.044458895221205
1.0000000000000029, 0.9833250643580485
1.0000000000000002, 1.011323282413877
0.9999999999999963, 0.9947666325663879
1.0000000000000002, 1.0270542479268228
0.9999999999999966, 0.988751223922031
1.0000000000000004, 1.061740893450255
1.0000000000000004, 1.0150703275507966
1.000000000000001, 1.0110076248458193
0.9999999999999989, 1.0453470829316356
1.0000000000000009, 1.0173660775654256
1.000000000000004, 0.9511373913524619
0.9999999999999993, 0.9616170962309996
1.0000000000000038, 0.937857812379578
0.9999999999999988, 0.9519733149218835
0.9999999999999981, 0.9550282746157835
1.0000000000000022, 1.022158500822662
1.0000000000000033, 1.0105617637532234
0.9999999999999988, 1.028480328881947
0.9999999999999991, 1.0591293631895213
0.9999999999999988, 1.0078569885384154
1.0000000000000009, 1.030646445806315
1.0000000000000022, 1.032326302129452
1.0000000000000002, 1.0202370064214616
0.9999999999999983, 0.9256889211517951
1.0000000000000002, 0.9086654440231273
1.0000000000000009, 1.0303197038311136
0.9999999999999984, 0.9791210198441163
0.9999999999999993, 1.0204486900772167
1.0000000000000004, 0.9854819241506647
0.9999999999999986, 0.9985799739600322
1.0000000000000002, 1.0167596678294464
0.9999999999999973, 1.0153711172638444
0.9999999999999984, 1.033848195488111
1.0000000000000042, 0.9675499278507119
0.9999999999999991, 0.9348717809908808
0.9999999999999988, 0.9447881961106231
1.0000000000000013, 1.0113699902646196
0.9999999999999992, 0.9775604175835519
1.0000000000000022, 0.9891393724452167
0.9999999999999993, 1.0323276843073594
1.0000000000000007, 0.9701147811421809
0.9999999999999986, 0.9842685240049652
0.9999999999999989, 0.9933184729670137
0.9999999999999986, 0.9677314754736251
1.0000000000000022, 0.9547584895473434
1.0000000000000029, 0.9092693601576184
0.9999999999999983, 1.0467257334255085
1.0000000000000002, 1.0413061898072429
0.9999999999999968, 1.0293669937785401
0.9999999999999991, 1.0075604929312734
0.999999999999996, 0.9581491767331026
0.9999999999999991, 0.9616699425969703
1.0000000000000013, 0.903919766537998
0.9999999999999991, 0.9741765571995881
0.9999999999999984, 1.1287478791502523
0.9999999999999964, 0.9342226159904476
1.0000000000000007, 0.970870968977417
1.0000000000000009, 0.9492884679276328
1.0000000000000007, 0.951520899321369
0.9999999999999997, 0.9699039567398896
1.0000000000000016, 0.9725285898021985
1.0000000000000044, 0.9871507623438908
1.0000000000000013, 0.9888162978101595
1.0000000000000042, 0.9321686577859771
0.9999999999999992, 0.9794834209641406
1.0000000000000007, 1.0638742433256476
0.9999999999999988, 0.9742373835995698
0.9999999999999983, 1.0057362471991804
1.0000000000000002, 0.9484380939174043
0.9999999999999964, 1.0624411878288704
1.0000000000000007, 1.0054131239748083
0.9999999999999972, 1.0323597569818683
1.0000000000000018, 1.0190821443263993
0.9999999999999977, 0.9662774107559701
0.9999999999999983, 0.951667685705641
1.0000000000000007, 0.9767914676931805
1.0000000000000007, 0.9985897319767371
0.9999999999999981, 0.955949755092572
1.0000000000000018, 1.0240149321878287
0.9999999999999971, 1.001429932161682
1.0000000000000016, 1.0114563966248649
0.9999999999999973, 0.9610319818688888
1.0000000000000022, 0.9471769423349351
1.0000000000000036, 1.0859894031665571
0.9999999999999991, 1.0858146283187866
0.9999999999999984, 1.0477932988004803
1.0000000000000007, 0.9532798761553247
1.0000000000000029, 1.0043362075567683
0.9999999999999991, 0.9256393257345173
0.9999999999999977, 1.0036896773687156
0.9999999999999997, 1.0539200150277215
0.9999999999999988, 1.0209192954049562
0.9999999999999996, 1.0023332400905425
0.9999999999999988, 0.9879703404921121
0.9999999999999988, 0.9735737761334614
0.9999999999999996, 0.9943600620130383
0.9999999999999989, 1.0132572662697452
1.0000000000000007, 1.0334847225165227
1.0000000000000053, 0.9852416070547564
1.0000000000000027, 0.979625525687442
0.9999999999999981, 0.992991794488936
1.0000000000000002, 1.0089433364313285
0.9999999999999999, 1.0611544116517526
0.9999999999999992, 0.9695204133828905
1.0000000000000009, 1.0076276747073312
1.0000000000000022, 1.0546380370996424
1.0000000000000022, 0.9554609830572502
1.0000000000000044, 0.9488991407305752
1.0000000000000027, 0.9924487687336607
1.0000000000000007, 0.9840285117749541
0.9999999999999991, 0.9829789818940636
0.9999999999999992, 0.9991382819967165
1.0000000000000027, 0.990561925584998
0.9999999999999999, 1.0057182165922285
0.9999999999999983, 0.9794980661422968
1.0, 0.9863951608928045
0.9999999999999983, 0.9925486902844932
1.000000000000002, 0.962996267488857
1.0000000000000007, 0.9738384975796076
0.9999999999999991, 1.0020660911726769
0.9999999999999991, 1.0723068678240313
1.0000000000000007, 0.9679491171621941
1.0, 0.941857775187283
1.0000000000000022, 0.9124035618012862
1.0000000000000007, 0.9090900220808923
1.0000000000000047, 1.0653366857661415
1.0000000000000013, 0.9895807548899873
0.9999999999999981, 0.9603303299355488
0.9999999999999983, 0.9417085645661588
1.0000000000000038, 0.9140076718296385
0.9999999999999968, 0.9934079414795558
0.9999999999999971, 0.9636938235017671
0.9999999999999983, 1.013266963281603
1.0000000000000013, 1.0374937100545274
0.999999999999998, 0.979310110790726
0.9999999999999991, 1.0088295149978816
1.0000000000000007, 1.0203425793957446
1.0000000000000002, 1.0094562633895319
0.9999999999999981, 1.0087475175359912
1.0000000000000009, 1.0612656932565303
0.9999999999999964, 0.9907307906775842
0.9999999999999983, 1.0144835084175874
1.0000000000000038, 1.003134998047951
1.0000000000000002, 1.0709502861341493
1.0000000000000002, 1.0280156268001046
0.9999999999999984, 0.9789521920311791
1.0000000000000018, 1.021510634123004
0.9999999999999992, 0.9875640840851343
0.9999999999999961, 1.0226708775343132
0.9999999999999999, 1.000112682605343
1.000000000000002, 0.9259974661654462
1.0000000000000007, 0.9276406373416055
0.9999999999999952, 1.0499035003565043
1.0000000000000004, 1.0080922398476182
1.0000000000000009, 1.0252949581154778
1.000000000000002, 1.0293767519445298
1.0000000000000024, 1.0109911393948334
0.9999999999999973, 1.0358856327214405
1.0000000000000007, 0.998110203708036
0.9999999999999997, 0.9829353034629794
0.9999999999999964, 0.9673781197114034
1.0000000000000002, 0.9820943767406741
1.0000000000000033, 0.9930425099014255
1.0, 0.9945156487330686
0.9999999999999991, 1.0026589792293852
1.000000000000002, 0.9680001409412939
1.0000000000000027, 0.9271830444347486
0.9999999999999993, 1.0291550658427353
0.9999999999999991, 1.0109152024275303
0.9999999999999989, 1.061740315424128
0.9999999999999996, 0.9461374306832941
1.0000000000000004, 1.0069119504941733
1.0000000000000007, 0.9907583966990801
0.9999999999999957, 1.0247756550636804
0.9999999999999991, 1.0300866394056454
0.9999999999999986, 1.0228705075332674
0.999999999999998, 1.0211534466113903
0.9999999999999992, 1.000044182742213
0.9999999999999983, 0.9719020788994827
0.9999999999999984, 1.0876466809549348
1.0000000000000018, 1.0579700529428273
0.9999999999999989, 0.9725276357745982
1.0000000000000018, 0.940620810589564
1.0000000000000013, 1.1022615594547016
0.9999999999999993, 0.9788696912392286
0.9999999999999996, 0.9355771916711275
0.9999999999999997, 1.0343903941071633
1.0000000000000033, 1.0318253587471442
0.9999999999999984, 0.9429482770479979
0.9999999999999992, 0.9532240413582188
1.0000000000000002, 0.9942451455936867
1.0000000000000018, 1.044648815535371
1.0, 0.9865835074597696
1.0000000000000009, 0.924288101332532
0.9999999999999984, 0.9868594869948027
0.9999999999999993, 1.0109436228574236
0.9999999999999989, 0.9354911563529822
1.0000000000000033, 1.016765236558887
0.9999999999999989, 0.9912988487310282
1.0000000000000007, 0.9627494054873145
1.0000000000000016, 1.0243331285068487
1.0000000000000013, 0.9861143453178419
0.9999999999999986, 1.0057099634070374
0.9999999999999984, 0.9630704606426186
0.9999999999999996, 1.0278568226757339
1.0000000000000007, 0.980510854690782
1.0000000000000002, 1.0179757787082861
1.000000000000002, 1.0606747679799822
0.9999999999999996, 0.987767411411671
1.0000000000000013, 0.9524203640743134
1.000000000000001, 1.0496992675372268
1.0000000000000022, 0.9850363254738871
0.9999999999999988, 1.0113491423257603
1.0000000000000007, 1.0263435387348694
1.0000000000000007, 1.032411421860479
1.0000000000000007, 0.9468895095084281
0.9999999999999993, 1.0803697042775637
1.0000000000000018, 0.9708733078165329
1.0000000000000002, 1.0152441480423808
0.9999999999999968, 1.0341987670227781
0.9999999999999993, 1.0112094986230116
1.0000000000000013, 1.0689171851687413
1.0000000000000022, 1.017563757203984
1.0000000000000002, 1.0443771138895064
1.0000000000000024, 0.9911837849172428
0.9999999999999981, 0.9554590321443579
1.0000000000000009, 1.0035104409250641
1.0000000000000007, 1.0078963077253325
0.999999999999998, 1.0602115898004534
0.9999999999999983, 1.0016002023584656
0.9999999999999973, 0.9404158823292796
1.000000000000005, 0.9642116476268302
0.9999999999999992, 1.0058142492988953
1.0000000000000016, 0.9556910211813698
1.0000000000000033, 0.9880553453551731
1.0000000000000022, 0.9777852597712724
1.000000000000003, 0.9936074635531472
1.0000000000000007, 0.9745805514927388
0.9999999999999993, 1.075201294737813
1.0000000000000022, 0.9838126740535645
1.0000000000000029, 0.9831640734965851
1.0000000000000016, 1.0449782795715874
1.0000000000000018, 0.9658933764550788
0.999999999999998, 1.0129435383365986
0.9999999999999969, 1.0511531795038447
0.9999999999999981, 1.0155499413698836
1.0000000000000009, 0.9367115753169316
0.9999999999999972, 0.9922092654847551
0.9999999999999966, 0.9624613454534796
1.0000000000000007, 0.984867546390906
0.9999999999999993, 1.069398184599886
1.0000000000000007, 1.0680674543353186
0.9999999999999989, 0.978593434587732
1.0000000000000018, 1.051175414021681
1.0000000000000002, 1.0456198007105744
1.0000000000000013, 1.0415047878384138
0.9999999999999999, 1.0119356512495292
1.0000000000000022, 0.9953433652635675
0.9999999999999993, 1.0242015497871355
1.0000000000000022, 1.0161679493798275
1.0000000000000049, 0.8745188349973881
1.0000000000000007, 1.091590227700297
0.9999999999999991, 0.8945847969474299
1.0000000000000007, 0.8977738130581983
0.9999999999999991, 1.1434344357272272
0.9999999999999996, 0.9990308063413611
0.9999999999999963, 0.9938409668919946
1.0000000000000029, 1.0117590081955292
1.0000000000000062, 1.034375471811373
1.0000000000000033, 1.018260321681497
1.0000000000000013, 1.0079875685028634
1.0000000000000002, 0.998860280927698
1.0000000000000002, 0.9660428161999656
1.0000000000000007, 1.0959266413080802
0.9999999999999997, 0.9975131778180193
1.0, 1.0221777535140264
0.9999999999999988, 0.9761924348601907
0.9999999999999999, 0.9449739437886057
1.0000000000000027, 0.9992524921448064
0.9999999999999978, 0.8911972190952315
0.9999999999999986, 0.9919992731706887
0.9999999999999992, 1.0350199123002346
0.9999999999999988, 0.9929816832871099
0.9999999999999997, 1.0368312660582066
1.0000000000000038, 0.9772104255343796
0.9999999999999963, 1.0817530053053361
0.9999999999999991, 1.0065947081821476
1.0000000000000038, 1.0354676328424708
0.9999999999999984, 0.9970952131387939
0.9999999999999972, 0.9792736892884792
0.9999999999999984, 0.9891724504328059
1.0000000000000007, 1.0425811494298334
0.9999999999999952, 1.0505447187105412
1.0000000000000024, 0.9859278376454339
0.9999999999999981, 0.9686417149184127
0.9999999999999997, 0.9992615418420137
1.0000000000000007, 1.0117042845125774
1.0000000000000018, 0.9750173971588039
0.9999999999999992, 1.0849831376669967
0.9999999999999996, 1.078494065095467
0.9999999999999984, 1.0290462754022645
1.0000000000000002, 0.9761349817096003
0.9999999999999986, 0.9436440107284979
0.9999999999999991, 1.0835147847616862
0.9999999999999964, 1.0565821857011106
1.0000000000000007, 0.9919668764463229
1.0000000000000013, 1.0100464151811592
0.9999999999999993, 0.9638601019627128
0.9999999999999986, 1.0345587316749731
0.9999999999999984, 1.013939097689099
1.000000000000001, 1.03442816549934
0.9999999999999964, 0.9769144348505161
0.9999999999999988, 0.9994654635471064
0.9999999999999986, 0.9753385767848207
1.0000000000000033, 0.9290759496854698
0.9999999999999996, 0.9513034651410903
1.0000000000000049, 1.019849023741135
1.0000000000000018, 1.1284070325496254
1.000000000000002, 1.060809349304994
0.9999999999999988, 0.9543833486820681
1.0000000000000038, 1.0489075839756057
1.0000000000000002, 0.9827780928908912
1.0000000000000024, 1.0025202719592239
0.9999999999999984, 1.0125720527970516
0.9999999999999989, 0.9871415249581983
1.0000000000000018, 0.9258748782640681
1.000000000000002, 1.0820326841566976
0.9999999999999971, 1.0541900860330482
0.9999999999999986, 0.967550405601622
1.0000000000000004, 1.0844306979026435
1.0000000000000022, 1.0175869738853716
0.9999999999999986, 1.0545054199711026
1.0000000000000004, 1.0536772047301128
0.9999999999999984, 1.0614605392069598
0.9999999999999992, 0.8872595749403671
1.0000000000000002, 1.0211295836490826
1.0000000000000013, 0.9580643139689604
1.0000000000000007, 1.1162362373394512
1.0000000000000016, 1.0276364551772854
1.0000000000000022, 1.0061852938122149
0.9999999999999977, 0.9764705969979696
0.9999999999999966, 0.9523960089358198
0.9999999999999988, 0.9905695729822831
1.000000000000001, 1.027546533290509
0.9999999999999977, 1.0371753671717423
0.9999999999999971, 0.9743066095264629
0.999999999999994, 0.9598594723542827
0.999999999999998, 1.0399999984299373
0.9999999999999973, 0.9479209684732548
0.9999999999999968, 0.9388118148248465
0.9999999999999968, 0.9763495559392238
0.9999999999999976, 1.0842056940669276
0.9999999999999999, 1.0219923800381974
1.0000000000000007, 1.0157827701073598
1.0000000000000022, 1.0297431022232055
0.9999999999999964, 1.0356089364279109
1.0000000000000029, 0.9492024791270337
0.9999999999999989, 0.9604500937434692
0.999999999999998, 1.0792479068588652
0.9999999999999991, 0.9861206650366674
0.9999999999999993, 1.0012017435278509
0.9999999999999999, 1.0471464736277172
1.0000000000000013, 1.0468443966486904
1.0, 0.9904876821899558
0.9999999999999977, 0.9570267560067949
1.0000000000000002, 0.9723082097319118
1.0000000000000018, 0.9982904737430615
1.0, 0.9812875857333714
0.999999999999995, 1.0301018168999085
0.9999999999999989, 1.0557972756400351
0.9999999999999988, 0.9653581448760675
1.0, 0.9754560700936437
0.9999999999999978, 0.9693922994708307
1.0000000000000007, 1.0284388943370377
0.9999999999999986, 0.9565760854850006
1.0000000000000007, 0.9896473160890672
0.9999999999999961, 1.0274055318839843
1.0, 0.9402362507490678
0.9999999999999973, 1.0062721175931437
0.9999999999999964, 1.0060104161767198
0.9999999999999984, 1.0529345037711253
0.9999999999999964, 0.9802599669824682
0.9999999999999984, 0.9785560362476285
1.0000000000000002, 1.011530407174547
1.0000000000000007, 0.9854187146474048
1.0000000000000022, 0.9901238063418928
0.9999999999999949, 1.0444464469311097
0.9999999999999971, 0.9915623018852013
1.0000000000000007, 1.0273633985480146
0.9999999999999953, 0.9627830025384503
0.9999999999999999, 1.0193975352792515
1.0000000000000013, 1.0170149478296668
1.0, 1.038742052324527
1.0000000000000022, 0.9663470252364167
0.9999999999999997, 1.0154090544547671
0.9999999999999956, 0.9645521262550589
0.9999999999999997, 1.0553181339906426
0.9999999999999989, 0.9555034775514911
0.9999999999999984, 1.0569488966196652
0.9999999999999983, 0.9843176849747145
1.0000000000000018, 0.9890011023107809
1.0000000000000002, 1.07728756325105
1.0000000000000038, 0.936754335476611
0.9999999999999991, 1.0061160294019642
0.9999999999999991, 1.0190182943112018
1.0000000000000007, 1.0095335105483418
1.000000000000002, 1.021848458459993
1.0000000000000027, 1.0272343648843896
0.9999999999999999, 1.0080685175871542
1.0000000000000004, 0.9846114447242102
0.9999999999999952, 1.0028742055336113
1.0000000000000024, 1.035026987886138
1.0000000000000013, 0.9431054692906878
0.9999999999999991, 1.0505706639681067
0.9999999999999958, 0.9766735290202944
0.9999999999999997, 0.9969108486591299
1.0000000000000027, 1.0240750823996843
1.000000000000002, 1.0318324993027341
1.0000000000000018, 0.9930716931411084
0.9999999999999999, 1.0262624454575777
0.9999999999999984, 0.9473734395954798
1.0000000000000002, 1.0448744159253267
1.0, 0.9895503237704162
1.0000000000000002, 1.0112389804916908
0.9999999999999997, 0.9911001542204421
1.0000000000000033, 0.9442306122383968
0.9999999999999983, 0.8963783944706072
1.0000000000000013, 0.9851525926869932
0.9999999999999989, 0.9216390390823798
0.9999999999999981, 0.9778739405108425
0.9999999999999992, 1.030251139588086
0.9999999999999991, 1.0328839464326014
1.0, 0.9436285456890747
0.9999999999999952, 0.997259296438284
0.9999999999999988, 0.9962437612613311
0.9999999999999992, 0.9682766104824955
1.0000000000000002, 0.9415764378165549
1.0000000000000007, 0.9944430752133337
1.0000000000000009, 0.9299482490974691
1.000000000000003, 1.0038656337332195
1.0000000000000009, 0.963632593248996
1.0000000000000004, 0.9693587386769719
0.9999999999999966, 1.0293426444302882
1.0000000000000042, 1.0453468351667787
1.0000000000000007, 0.8986868739221283
1.0000000000000024, 0.9860449045567499
0.9999999999999996, 0.961359446623677
0.9999999999999996, 0.9257717134431024
0.9999999999999997, 0.9543599642737293
1.0000000000000027, 0.9885680737490887
0.9999999999999988, 0.9845230339046339
0.9999999999999992, 0.931239529001751
1.0000000000000024, 1.0176622749397264
1.000000000000001, 0.9994483143901456
0.9999999999999996, 1.014089032945793
0.9999999999999991, 0.9575744395697163
0.9999999999999966, 0.9444479324295935
1.0000000000000029, 1.0779579479736547
0.9999999999999997, 1.04670759461508
1.0000000000000018, 0.9763814898362414
1.0000000000000027, 1.0963261327830258
1.000000000000001, 1.0373586988590522
1.0000000000000013, 0.987039470383868
1.0000000000000018, 1.0220049161523683
1.0000000000000067, 1.009250545308169
0.9999999999999999, 0.9938207989903686
0.999999999999996, 1.0374200701054799
0.9999999999999966, 0.976193027034428
1.0000000000000016, 0.9921135963832814
0.9999999999999983, 1.0291315659776537
1.0000000000000018, 0.9350860218296322
1.0000000000000002, 1.022350935421255
1.0000000000000029, 1.0355813666026108
0.9999999999999971, 0.9223868957589157
1.0000000000000007, 0.8601265603604863
1.0000000000000018, 1.0466359687695839
1.0, 1.0130797789919437
0.9999999999999996, 0.9172787419511327
0.9999999999999978, 0.982834775372183
1.0000000000000007, 0.987949405633129
0.9999999999999983, 0.9891149946054253
0.9999999999999991, 0.9755421528289797
0.9999999999999991, 0.9546053296258523
0.9999999999999984, 0.9505767123395499
0.9999999999999978, 1.0307383914406751
0.9999999999999996, 0.9590320618648035
1.0000000000000036, 0.9839180499302949
1.0000000000000002, 0.9668076509586104
1.000000000000001, 0.9978630713735471
0.9999999999999988, 1.0468111927291606
0.9999999999999986, 0.949161642807085
0.9999999999999968, 0.9847519817345822
0.9999999999999991, 1.0145299482080377
0.9999999999999963, 1.0572227689948077
1.0000000000000056, 1.0424535091959568
0.9999999999999999, 0.9273505669926649
1.0000000000000007, 1.0231671116355905
0.9999999999999952, 0.9814994344989522
0.9999999999999973, 0.9952792410602557
0.999999999999998, 1.0704503197871367
1.0000000000000036, 1.031841306585125
0.999999999999998, 0.9318664385706898
1.000000000000002, 1.0128286407961407
1.0000000000000002, 0.9970180003095312
1.000000000000002, 0.9922751362842266
1.0000000000000004, 1.055948494974944
1.0000000000000044, 1.013361705176937
0.9999999999999989, 1.0384547419895453
1.0000000000000029, 0.9420343168862993
1.0000000000000029, 0.9909505017357536
1.0000000000000007, 1.020548315244634
0.999999999999996, 0.9335292852292613
0.9999999999999976, 0.9887063731647158
0.9999999999999999, 0.9860559098180494
1.0000000000000004, 1.0307561345202834
1.0000000000000007, 1.0775063456784961
1.0000000000000007, 0.9935299788623007
1.0000000000000007, 0.9804479000362871
1.0000000000000007, 0.9986744461177723
1.0000000000000002, 1.0015735131385552
0.9999999999999996, 1.0101517738163428
1.0000000000000024, 0.987981831957484
1.0000000000000036, 1.0456842391431163
0.9999999999999992, 0.9981784408357317
0.9999999999999999, 0.9493613106149281
0.9999999999999991, 1.011216610586177
1.0000000000000013, 1.0478464473624012
1.0000000000000016, 0.97515185329367
1.0000000000000027, 0.9929248453874029
1.0000000000000013, 1.0275781831918276
1.0000000000000013, 0.9443030982743243
0.9999999999999991, 1.0352107798007741
0.9999999999999988, 0.9948864862163617
1.0000000000000013, 0.9295859425060432
0.9999999999999981, 0.9619197142181702
1.0000000000000018, 0.9837485070174925
1.0000000000000022, 0.9416443609351955
0.9999999999999981, 0.9496030578868085
0.9999999999999989, 0.9696538489411255
1.0000000000000022, 0.947026325752905
1.0000000000000018, 0.930226544283445
0.9999999999999999, 1.0196219894098904
0.9999999999999992, 1.0225177872981657
1.0000000000000047, 1.0048230015476722
1.0000000000000013, 1.0166130535627989
0.9999999999999976, 0.9460111795844072
1.0000000000000013, 1.037683056165187
1.0000000000000029, 1.0338692149656998
0.999999999999994, 1.0162092195737054
0.9999999999999989, 1.0110110746961853
1.0000000000000024, 1.0291005767850203
0.9999999999999996, 0.9435924454132576
1.0000000000000018, 0.9752098947732084
0.9999999999999999, 0.9288198533614594
1.000000000000003, 1.0369489307158262
1.0000000000000022, 1.0337494141734742
0.9999999999999984, 0.9686238654900861
1.0000000000000013, 1.0109797774462137
0.9999999999999957, 1.061210144719548
1.0000000000000007, 1.0411387340447742
0.9999999999999984, 0.9538607112034054
0.9999999999999972, 0.9820812461966871
1.000000000000001, 0.9639899756124246
0.9999999999999973, 1.0422593453557676
1.0000000000000018, 1.0171805042681854
0.9999999999999997, 0.9812363985814161
0.9999999999999997, 1.0217158388088854
0.9999999999999988, 0.9604271047922165
1.0000000000000002, 1.0188779657403324
1.0000000000000033, 0.9845130475319237
0.9999999999999993, 0.9750906076258185
1.0000000000000058, 1.0336147942694796
0.9999999999999972, 1.0497947520695614
1.0000000000000018, 1.0161169058649493
1.0000000000000018, 0.9870129051648375
0.9999999999999992, 0.9697849656699151
0.9999999999999972, 1.0512600076670124
1.0000000000000018, 1.020478477009357
1.0, 0.9524204876015057
0.9999999999999989, 0.9467379681119212
1.0000000000000033, 1.0104802833884907
1.0000000000000004, 0.9280341572513929
0.9999999999999993, 0.9845748842917511
0.9999999999999997, 1.019098074509574
0.999999999999996, 1.0195234883170463
1.0000000000000007, 1.001327113887743
0.9999999999999993, 1.068553618217011
0.9999999999999981, 0.9822114178057425
0.9999999999999993, 0.9708979663685778
0.9999999999999999, 0.9708773293303612
1.0000000000000004, 0.9046093224552116
0.9999999999999992, 0.9683066417234939
0.9999999999999963, 1.003353842101937
1.0000000000000002, 1.0624520518506282
0.9999999999999992, 0.9825636679747837
0.9999999999999981, 1.007111460573201
0.9999999999999992, 0.961075574531315
1.0, 0.9926737541342889
1.0000000000000009, 1.027821845636036
1.0000000000000013, 0.9678133926197166
0.9999999999999963, 0.9407117760274135
0.9999999999999978, 0.972111209719165
1.0000000000000027, 0.9649565397024442
0.9999999999999991, 0.9462586492735311
1.000000000000002, 1.0181974188493823
1.0, 1.017727407616671
0.9999999999999983, 1.0067080603327587
1.000000000000001, 1.0261822942369612
0.9999999999999958, 1.0094012259557366
1.0000000000000016, 0.9074563011515286
0.999999999999998, 0.9265684942095991
1.0000000000000009, 0.9651852047519337
0.999999999999996, 0.9012028925141785
0.9999999999999992, 1.0649619599851987
1.000000000000001, 0.9851240223466795
1.000000000000002, 0.9990441227584491
0.9999999999999992, 1.0482912532566253
1.0000000000000007, 1.0116012318523375
1.0000000000000016, 1.0899802233373146
0.9999999999999989, 1.0396164595368518
1.0000000000000022, 0.9247797165175407
0.9999999999999984, 0.998561638123195
1.0000000000000009, 1.0191130755732294
1.0000000000000042, 0.9459145443692675
1.0000000000000016, 0.9987174799302135
0.9999999999999991, 0.9669090970664331
0.9999999999999997, 0.9806722347948286
0.9999999999999966, 0.9584029056019501
0.9999999999999976, 0.9747707950677434
1.0000000000000044, 1.0079204640042525
1.0000000000000002, 1.025098147674501
1.0000000000000018, 1.0055790531705235
0.9999999999999997, 1.0181688220908194
1.0000000000000033, 1.056027509491957
1.0000000000000022, 1.0483321963962902
0.9999999999999953, 1.0127869201714987
1.000000000000001, 0.9957644727443011
0.9999999999999991, 0.9714125655528162
1.0000000000000024, 1.0677195711337244
0.9999999999999968, 1.0736228425269296
0.9999999999999983, 1.0249687729636108
0.9999999999999992, 1.0702076995886196
1.0000000000000044, 1.0397307333865493
1.0000000000000007, 1.0435083674922778
0.9999999999999988, 0.998232524637495
0.9999999999999973, 0.9909867034390394
1.000000000000002, 0.975515006407082
0.9999999999999993, 0.9744340254326178
0.9999999999999999, 0.9868412556204521
1.0000000000000029, 1.0422960363821365
0.9999999999999981, 0.946472595484111
1.0, 0.9668646010847464
0.9999999999999991, 0.9805249222769735
1.0000000000000007, 1.0216412027586
0.9999999999999969, 1.0341426409076844
1.0000000000000038, 0.963054978083667
1.0000000000000042, 1.0093630503596505
1.0000000000000007, 0.9904202420631192
1.0000000000000013, 1.0635745854145473
0.9999999999999981, 0.9307058339467522
0.9999999999999991, 0.9981457939309532
1.0000000000000007, 0.9593712168157469
0.9999999999999999, 0.9726832208633283
1.0000000000000036, 0.9859398601884904
1.000000000000001, 0.9809252139765503
0.9999999999999972, 1.0331947580675644
0.9999999999999984, 1.048374407440051
0.9999999999999983, 1.0109626942701841
1.0000000000000018, 0.9626812325552565
0.9999999999999972, 0.9898885419369052
0.9999999999999973, 1.053924405578325
1.0000000000000027, 1.0171986315660635
1.0000000000000036, 1.0659613742589178
1.0000000000000029, 0.9984599769274408
0.999999999999998, 0.9871630128958889
1.0000000000000002, 1.0036238450158166
1.0000000000000018, 1.065950466585035
1.0000000000000007, 0.9625394594466316
0.9999999999999978, 1.0220627958080986
1.0000000000000013, 1.0262786485101196
1.0000000000000004, 0.9710671485350926
1.0000000000000044, 1.0248421810058481
1.0, 1.0608580152813427
1.0000000000000022, 1.020825405266993
0.9999999999999986, 1.0856973560068957
0.9999999999999992, 0.8839251250666469
0.9999999999999977, 0.971478043361425
1.0000000000000013, 0.9355646227215915
1.0000000000000002, 1.0010317177864387
1.0000000000000004, 1.0025966982119174
1.0000000000000013, 1.0709114146150631
0.9999999999999993, 0.9919175869047914
0.9999999999999976, 0.9756785532462698
1.0000000000000016, 0.9767888502221913
1.0000000000000018, 1.0426176104250475
1.0000000000000009, 1.0749788088006014
1.0000000000000027, 1.0391146947290457
1.0000000000000013, 0.9781718352244952
0.9999999999999953, 1.0098940475537177
1.0, 1.0162836126753751
0.9999999999999957, 1.00033597429095
1.0000000000000002, 1.0626511133583179
0.9999999999999983, 1.0125603796800966
1.0000000000000018, 1.0172284162154106
0.9999999999999981, 0.9738133913191099
1.0000000000000009, 0.968565057864744
1.0000000000000018, 1.026305515717912
0.9999999999999983, 1.0305568679207615
0.9999999999999973, 0.8831930278140793
0.9999999999999977, 1.0425609233189679
1.0000000000000044, 0.9786895761457248
1.000000000000002, 0.9968509612310313
0.9999999999999991, 0.9933894111146792
0.9999999999999983, 1.0225184947053207
1.0000000000000018, 1.1172651235631543
0.9999999999999996, 0.9451745910475098
0.9999999999999997, 0.9682654964526123
0.9999999999999993, 0.9716682356102904
0.9999999999999968, 1.0243335060284513
0.9999999999999981, 0.9892683758556617
1.0000000000000002, 0.9787148295273482
1.000000000000001, 1.0422941452992016
1.0000000000000033, 1.0044922137078405
0.9999999999999988, 1.0254833400184393
1.0000000000000007, 1.0461183870106026
1.0000000000000022, 0.9973714902727511
1.0000000000000018, 0.9994656882611888
1.0000000000000022, 1.0169783988611891
1.0000000000000038, 0.9424907907289224
0.9999999999999963, 0.9218061499956276
0.9999999999999991, 0.951294652348577
0.9999999999999991, 1.0460559598626178
0.9999999999999993, 1.0006833251501799
1.0000000000000033, 1.0433381024125497
1.000000000000007, 0.93489826725316
1.0000000000000007, 1.0161976519148597
0.9999999999999999, 1.0113814388205058
1.0000000000000002, 0.9987110132433564
1.0000000000000013, 1.0385622175519285
1.0000000000000013, 1.066844702839823
0.9999999999999989, 0.960806439533902
0.9999999999999992, 0.9641457606462193
1.0000000000000004, 1.0352008057427002
0.9999999999999997, 1.0129777961296107
0.9999999999999997, 0.9321582253783519
0.9999999999999997, 0.9034090384042698
0.9999999999999984, 0.9565836454748058
0.9999999999999988, 1.0274876554873345
0.999999999999998, 0.9978573751838861
1.0000000000000018, 0.9820603470219929
0.9999999999999996, 0.965375639534701
0.9999999999999988, 0.9661280846258511
1.000000000000002, 1.00785669205205
0.9999999999999992, 0.9897331915221989
1.0000000000000024, 1.0616493488584924
1.0000000000000009, 1.0220813882674527
1.0000000000000018, 0.9729880412276605
0.9999999999999953, 0.9787076371335028
1.0000000000000002, 0.983378337038172
0.9999999999999963, 1.0183375119463884
0.9999999999999977, 0.9597623174304782
0.9999999999999976, 1.014134656836067
1.000000000000002, 0.9380072243766753
0.9999999999999988, 1.0041799827657607
0.9999999999999999, 1.0352476770646482
0.9999999999999981, 0.9735176449810432
0.9999999999999983, 0.9892365283851553
1.000000000000001, 1.0153978394499623
0.9999999999999989, 1.051347671228997
1.0000000000000044, 1.0036669779573049
0.9999999999999997, 0.9761705260012018
1.0000000000000007, 0.991188302087969
0.999999999999998, 0.9829277004702113
0.9999999999999993, 1.0316986362762592
0.9999999999999968, 1.0401870827293702
0.9999999999999991, 1.0106417040704132
1.0000000000000024, 1.0520319763299033
0.9999999999999946, 1.0012711831830994
1.0000000000000013, 1.0268812556425178
0.9999999999999993, 1.0058419888636911
0.9999999999999977, 0.9685036657102639
1.0000000000000029, 1.0125383842150624
1.000000000000004, 1.048270848254113
0.9999999999999973, 1.0079473777953885
1.0000000000000007, 1.0071368986221187
0.9999999999999988, 1.0210534078309228
0.9999999999999999, 0.9578056369746881
1.0, 0.9612454469103063
0.9999999999999986, 1.068004064298852
1.0000000000000007, 1.0268116779241718
0.9999999999999972, 1.1207952545558673
0.9999999999999991, 0.9336170887865824
0.9999999999999993, 1.0220040662508003
1.0000000000000018, 1.0449388831512394
0.9999999999999993, 1.0639103969549326
0.9999999999999988, 0.9397489247950221
1.0000000000000002, 0.9857152806644461
0.9999999999999969, 1.057505918240124
1.0000000000000009, 0.930765290935749
0.9999999999999958, 0.9995031777240286
1.0000000000000013, 0.9979301241113849
1.0000000000000007, 0.9427985194340026
1.000000000000001, 0.9258307199495311
1.0000000000000024, 0.9934184142474738
0.9999999999999997, 1.0098773156659875
0.9999999999999996, 1.0445394220587132
1.0000000000000002, 0.9847865285994496
1.0000000000000033, 1.0821272204645007
0.9999999999999976, 0.9645111708109539
1.0000000000000002, 0.9430093501944508
1.0000000000000002, 1.068446111028854
0.9999999999999984, 1.0412352295380536
1.0000000000000033, 0.9576497913347757
0.9999999999999992, 1.0508730085038984
1.0000000000000007, 0.9806024809822718
0.9999999999999966, 1.0732483866862237
0.9999999999999988, 0.9809230760486229
0.9999999999999973, 0.9910371052640792
1.0000000000000036, 0.9634880935974058
0.9999999999999932, 1.0127612102793657
0.9999999999999966, 0.9763547903111413
0.9999999999999981, 0.9978589850066054
0.9999999999999996, 0.9813983729013704
0.9999999999999988, 0.9950663393088376
1.000000000000003, 1.020217358886729
0.9999999999999992, 1.0193154816419603
1.0000000000000038, 1.0416937056275262
1.000000000000002, 1.0092757441422466
1.0000000000000002, 0.9903462608361836
0.9999999999999976, 0.931072761666467
0.999999999999998, 1.0153289974751627
0.9999999999999984, 1.0406485144746602
1.0, 0.9685908791605575
1.0000000000000024, 0.9829868949206649
1.0000000000000024, 1.0046457871894403
0.9999999999999969, 0.9621583029445723
0.9999999999999986, 0.9466346854602637
0.9999999999999989, 1.0462466195712217
0.9999999999999999, 0.9606229721606456
1.0000000000000027, 0.9730467358071055
0.999999999999998, 1.0064820524428961
0.9999999999999983, 1.015332130294504
1.0000000000000013, 0.9976044530325442
0.9999999999999981, 0.9886955086454486
1.0000000000000013, 0.9402531550292366
1.0000000000000013, 0.986141823639849
0.999999999999996, 1.0048654671907233
