ATE real, ATE estimado
3.000000000000009, 2.9938039223163058
2.9999999999999933, 3.0026326046739915
3.0000000000000067, 2.9704583380163583
3.0000000000000093, 2.872008976294782
3.000000000000003, 3.028197668541291
3.0000000000000018, 3.0377103886501624
3.0000000000000018, 2.944216703186612
3.000000000000011, 2.9672016871906854
3.000000000000011, 3.016421551698761
3.000000000000005, 2.928025849290009
2.999999999999997, 3.043698852310509
3.0000000000000027, 3.0154051577400343
2.9999999999999987, 2.951708160124922
2.999999999999997, 2.9645629032688836
3.0000000000000027, 3.0349616877084786
3.0, 2.927523407539682
2.9999999999999973, 3.021329344427332
2.9999999999999982, 2.924477599073332
2.9999999999999956, 2.973023509421036
2.9999999999999813, 2.998526486488571
3.0000000000000027, 3.0438818851357796
2.9999999999999925, 3.0283503267245884
3.0000000000000115, 2.987397088415102
2.9999999999999942, 2.9568961783993175
2.9999999999999902, 2.999614208170987
2.999999999999995, 2.978862239581549
2.9999999999999956, 2.9370973175268498
3.0000000000000036, 3.02141312502495
2.9999999999999996, 3.0106175391233436
3.0000000000000013, 2.9458209343584234
3.000000000000005, 2.988877295155475
2.9999999999999956, 2.9989357966024066
2.9999999999999956, 3.027016917423927
2.9999999999999907, 3.101254399218491
3.0000000000000013, 2.971122171239263
3.0000000000000013, 2.968228671214692
3.0000000000000013, 2.988275013241409
3.0000000000000036, 3.0067768382977733
3.0000000000000004, 2.938932405371175
2.9999999999999933, 3.108794663953815
2.9999999999999845, 3.0343754757186154
2.9999999999999902, 3.004626460357007
2.999999999999992, 2.9494164039205093
2.9999999999999964, 2.99292386106694
3.000000000000005, 2.9602597018512524
3.0000000000000067, 2.933660815439218
3.000000000000008, 2.977849342867924
3.0000000000000036, 3.0258179120015214
2.9999999999999987, 2.9926784232631016
2.999999999999992, 3.0169274203618315
3.0000000000000004, 3.022609861305162
2.9999999999999987, 2.9796662472918567
2.9999999999999982, 2.977586982791762
2.9999999999999964, 2.9507365407850545
2.9999999999999973, 3.0451718702841584
2.9999999999999925, 3.0015780704630695
3.000000000000008, 2.971494215801083
3.0000000000000093, 2.948700324182188
3.0000000000000044, 3.01543105759675
2.9999999999999964, 3.0023838544179715
3.0000000000000013, 3.0569080668562485
2.999999999999995, 2.8987620901626654
3.0000000000000004, 3.07370359080549
2.999999999999995, 2.974043721183635
2.9999999999999956, 3.0489803266979107
2.9999999999999996, 2.9809869553223294
3.0000000000000004, 2.948210521897498
2.9999999999999907, 3.055432658957759
2.9999999999999964, 3.0016984098275405
2.9999999999999902, 3.045386466761036
2.9999999999999853, 3.0123831788330047
2.9999999999999964, 3.0127021245625043
3.0000000000000018, 2.916143023594908
2.9999999999999982, 2.9619939396652097
3.000000000000008, 3.0639091125580524
2.9999999999999933, 3.0428413210714518
3.0000000000000075, 2.9205704353519066
3.0000000000000004, 2.9866287003366976
3.0000000000000107, 2.9627191520676437
2.999999999999995, 2.9363922998790004
3.0000000000000036, 2.998889250235383
2.999999999999994, 3.0338715662434286
3.0000000000000075, 3.0916085015473422
2.999999999999992, 3.0710555428363273
2.999999999999997, 2.929446483728847
3.0000000000000004, 3.05005530754623
3.0000000000000058, 2.898490646988706
3.0, 2.9815339043526814
3.0000000000000027, 3.06213094401436
3.000000000000005, 2.9093376718837716
3.0000000000000107, 3.0426082318851244
2.9999999999999973, 3.1226767701607536
2.9999999999999987, 2.9214598688818185
3.0, 2.9670031722235732
3.0000000000000036, 3.0417130183057193
3.000000000000013, 2.9871364585091214
2.9999999999999987, 2.9656624359426798
2.9999999999999964, 2.9810128070842734
3.0000000000000036, 2.9872480274229387
3.0000000000000098, 2.9585862032157975
2.999999999999994, 3.0507432303256166
2.999999999999992, 3.03418327076155
3.0000000000000098, 2.9808486499146665
3.0000000000000044, 3.118506010735769
3.000000000000011, 2.990699723073535
3.0000000000000018, 2.9938826949509374
3.0000000000000036, 3.0031418576685978
3.000000000000005, 2.984194709112177
2.9999999999999987, 3.005800694161821
2.9999999999999987, 2.9278229984774766
3.0000000000000004, 3.0057828255785224
3.000000000000003, 3.0096152366513764
2.999999999999994, 3.053267743218052
3.000000000000006, 2.9691943532967078
3.0000000000000027, 2.9337969822877077
2.9999999999999925, 3.0348835783530625
2.9999999999999933, 2.9404139649599723
3.0000000000000027, 2.9323663355458764
3.0000000000000093, 2.9447688919726263
3.0000000000000044, 2.914570506006758
3.000000000000009, 2.8887347357717417
2.999999999999994, 2.9976316818910846
2.9999999999999942, 3.0402356655926086
3.0000000000000013, 2.9566532283213993
2.999999999999987, 2.940494144683148
3.0000000000000067, 2.9897296009012813
2.999999999999997, 3.0553107792121676
2.9999999999999893, 2.9615888178702265
2.9999999999999987, 2.9365116927179886
2.9999999999999876, 2.9961922487888724
2.9999999999999973, 2.911770246873442
2.9999999999999964, 2.9637607957697907
2.999999999999992, 2.943600836782481
2.9999999999999933, 3.0277171021529
3.000000000000003, 2.9637417229632907
2.999999999999987, 3.0276310506136337
2.9999999999999964, 2.939095738257606
2.999999999999994, 3.007998454971282
3.0000000000000027, 2.9561989337393464
3.0000000000000004, 3.04206793699931
3.0000000000000044, 3.0312423956766295
2.9999999999999996, 2.948404811049848
3.000000000000008, 3.0212671527724675
3.0000000000000058, 2.989103729044407
3.0, 2.9921591845917517
3.0000000000000004, 2.9532722042655175
3.0000000000000093, 3.1121793215032527
2.999999999999995, 2.9839878555315877
3.0000000000000075, 2.967625433471921
3.0000000000000013, 2.9297047989213616
3.0000000000000013, 2.96202946446963
2.9999999999999964, 3.011098162478521
2.9999999999999845, 2.9311281512960354
2.9999999999999925, 3.0639799976015425
3.000000000000011, 3.1128945221639674
3.0000000000000036, 2.9874218835627637
3.0000000000000098, 2.9140641482441794
3.0000000000000013, 2.97820079846975
3.000000000000003, 2.9433826757666677
3.0000000000000036, 2.9765950433428703
3.0000000000000058, 2.9351477673628166
2.9999999999999996, 3.0392714174750677
2.9999999999999987, 3.0434840454685554
2.999999999999997, 3.0402876863075172
3.0000000000000004, 2.977084608584862
2.999999999999997, 2.9743797558291565
3.0000000000000004, 2.9713957836156775
3.0000000000000098, 3.0486406854712182
3.0000000000000018, 2.977271901151672
2.9999999999999982, 3.047089667360059
3.0000000000000044, 3.0233513899222797
3.000000000000009, 2.95589112596089
3.0000000000000018, 3.0230432407047525
3.0000000000000098, 3.0454439337369203
3.0000000000000075, 2.9779108174693523
2.9999999999999964, 3.0163810374740416
3.0000000000000018, 3.0384652239437377
2.9999999999999956, 3.071317584757749
2.9999999999999933, 2.992008958969423
2.9999999999999987, 2.9380854191449117
2.9999999999999893, 3.0840120764026837
3.000000000000009, 2.9694378644948625
2.9999999999999973, 3.0260424222113276
2.999999999999994, 2.9445669089743842
2.999999999999997, 2.9885979092217463
3.0000000000000036, 3.0299776385310406
2.9999999999999885, 3.07630171761509
2.9999999999999925, 2.984890424682342
2.9999999999999902, 3.00080524006202
2.999999999999997, 2.976168941719178
3.0000000000000067, 3.073935109463165
3.0000000000000036, 3.0223328381292
3.000000000000013, 2.920321583655103
2.9999999999999885, 3.0808587259062024
2.9999999999999987, 2.978222229422388
3.0000000000000115, 2.9773849698356245
2.999999999999995, 2.92849377094861
2.999999999999994, 2.879460009375845
3.000000000000005, 2.963594362242776
2.9999999999999987, 2.9817012041670283
3.0000000000000027, 3.0320278473420226
2.999999999999994, 3.005724740326479
3.0000000000000107, 2.917658225321821
3.0000000000000004, 3.0629954465144316
3.0000000000000036, 2.9571244402766066
2.9999999999999982, 3.107256153495578
3.000000000000016, 2.94380926059483
3.0000000000000004, 2.901522576806313
2.999999999999991, 3.0073475291609446
2.9999999999999902, 3.0354539670428795
2.999999999999989, 3.0179076937403977
2.9999999999999987, 3.0228086658054125
2.999999999999986, 2.945742082934276
3.0000000000000093, 2.9435548944985572
3.0000000000000058, 3.0635421729747607
3.0000000000000004, 3.085073426735796
3.0000000000000075, 2.924957585815894
2.9999999999999987, 3.052367031507288
2.9999999999999987, 3.0124561403834655
3.000000000000005, 3.017037517734472
3.0000000000000018, 3.0012787716336953
3.0, 3.0651713801987905
3.0000000000000036, 2.9958015040577948
2.999999999999992, 2.954611231492253
3.000000000000017, 2.9448722657290904
2.9999999999999996, 2.998195929386901
2.9999999999999907, 2.85628501160048
3.0000000000000067, 2.98291235623634
3.0000000000000093, 3.0325247701309515
2.9999999999999987, 2.9722677634818715
2.999999999999997, 2.9704347429059563
3.000000000000005, 2.966087093653096
3.0000000000000058, 3.0507430666332755
3.0000000000000044, 3.03982432154042
2.9999999999999902, 2.931393898418565
3.000000000000006, 3.0125111990017697
3.0000000000000036, 3.0296354859119776
2.9999999999999907, 3.0210164223557463
2.9999999999999982, 3.0081918095064024
3.0000000000000058, 2.998464150602861
2.999999999999994, 3.0039744735906866
3.0000000000000067, 2.973214390171831
3.0000000000000027, 2.9873235588244276
2.9999999999999973, 3.0440013387485134
2.999999999999987, 2.993636151274866
3.000000000000008, 3.007969864303018
2.999999999999994, 2.956900482785424
2.9999999999999982, 3.0958409350824705
3.0000000000000027, 3.0329402563027514
2.9999999999999942, 2.950898728065145
3.0000000000000044, 2.985208293772864
3.000000000000003, 3.0069048789982724
2.999999999999995, 3.051867004050286
2.999999999999997, 2.918893808956624
3.0000000000000036, 3.016259686199607
3.0000000000000058, 3.032669612478975
3.000000000000009, 3.0075097539923994
3.0000000000000027, 2.9121982701438736
2.9999999999999996, 3.0763526991437797
2.9999999999999925, 2.943530583404256
2.9999999999999956, 2.9216537616142033
2.999999999999995, 2.992620903979551
3.000000000000005, 2.93086516046798
2.9999999999999987, 3.014303592733754
3.0, 2.9909089607890675
3.000000000000008, 2.9477507997862724
2.9999999999999987, 3.011913867967796
3.0000000000000067, 3.075222582022432
2.9999999999999996, 3.024161699411378
3.000000000000003, 2.9752877739805905
3.0000000000000018, 3.0416497306378147
3.0000000000000018, 3.0151971853414663
3.0000000000000075, 2.9771128743886144
2.9999999999999956, 2.9404107344354466
3.0000000000000044, 3.017067479205229
2.9999999999999845, 3.0564394835725976
2.999999999999995, 3.087623348424083
2.9999999999999982, 3.007454575652755
3.0, 3.0072675723684443
2.9999999999999956, 2.9556280131183486
3.0000000000000058, 2.993734843149021
3.000000000000006, 3.036031349777444
2.999999999999994, 3.014926915805836
3.000000000000005, 2.9871562571983374
2.9999999999999996, 2.9061092767353434
3.000000000000003, 3.045919796552226
3.000000000000011, 3.0491404951742562
3.0000000000000036, 2.9973734198919595
2.9999999999999982, 3.0474135920418286
3.0000000000000075, 3.048602196852613
2.9999999999999996, 2.990762678925878
3.0000000000000075, 2.9705861859489016
3.000000000000006, 3.002305904192643
2.9999999999999982, 2.91563706846288
3.0000000000000107, 3.002707989471705
2.9999999999999987, 2.962236655452919
2.9999999999999987, 2.9383531135931986
2.999999999999992, 3.0697310380677942
3.0000000000000013, 3.021306658969224
2.9999999999999902, 2.8994387698609287
2.9999999999999902, 2.986443865689251
3.0000000000000036, 3.0343959876233986
2.9999999999999996, 3.0120379144607092
3.000000000000005, 2.9470804416515817
2.9999999999999973, 2.9677463369866346
3.0000000000000018, 2.974485959311366
2.999999999999995, 3.03508725749588
3.0000000000000044, 2.982350927401743
2.999999999999995, 2.9255077652956896
3.0000000000000067, 3.0390427640110445
3.0000000000000027, 3.010725326231094
2.9999999999999982, 2.9816744505322355
3.0000000000000058, 2.999920284581505
2.9999999999999933, 3.043211385476876
2.9999999999999876, 3.087225832627129
3.0000000000000036, 2.9765718874189093
3.0000000000000018, 2.9932487731334354
2.9999999999999982, 2.9643791564457653
2.9999999999999973, 2.9774323355537713
3.000000000000005, 3.0260338310193897
2.9999999999999996, 2.9470008279674134
2.9999999999999987, 3.014376284414912
2.9999999999999893, 2.950960159713727
2.9999999999999885, 3.1069061601250603
2.9999999999999982, 3.007578451706049
3.0000000000000093, 2.9947945434350673
3.000000000000006, 2.923469259488658
3.0000000000000027, 3.008437256537969
3.0000000000000093, 2.933378543609655
3.0000000000000067, 2.961251961660013
3.0000000000000036, 3.018118997908405
3.000000000000005, 2.98436255976154
3.0000000000000093, 2.9961302840243045
3.000000000000003, 2.9965452344146097
2.9999999999999982, 3.0042167273227034
3.000000000000006, 3.0100607485622595
2.9999999999999964, 3.000936411510635
3.000000000000009, 2.8870769671812626
2.9999999999999925, 3.000306779664466
2.9999999999999933, 2.9234726956528427
3.0000000000000178, 2.9213951065866604
3.0000000000000004, 3.036867507576411
3.0000000000000044, 2.9481170560529195
3.000000000000008, 3.023405586010799
2.999999999999997, 2.9119307264555303
3.0000000000000067, 2.936780228575559
3.0, 3.030014936469009
3.000000000000008, 3.061299122523795
3.0000000000000058, 2.8733019306498297
2.9999999999999982, 3.0138112709476568
3.0000000000000044, 3.0089361660358045
2.999999999999991, 3.094280138315965
3.000000000000006, 2.908498319065761
3.0000000000000044, 2.8968200882511685
3.000000000000005, 2.9199865095387576
2.9999999999999893, 2.9901909984847346
3.0000000000000044, 3.060237319181799
3.0000000000000027, 3.031474885342713
2.9999999999999987, 3.0213282710076044
3.0000000000000036, 2.971231935599961
2.9999999999999885, 3.0234178564403935
2.9999999999999893, 2.930275365404321
3.0000000000000147, 2.991102803864961
3.0000000000000107, 2.8714586981737944
3.0000000000000044, 3.024617183916927
2.9999999999999973, 3.0119588797932306
3.0000000000000093, 3.0589449245271765
3.000000000000011, 3.023779269562355
3.000000000000008, 2.983730034869726
2.999999999999992, 2.9896075007571685
3.000000000000006, 3.0500108367709844
3.0000000000000058, 3.023074945247019
3.000000000000009, 3.0490477484581375
2.999999999999997, 2.9756948905140574
2.9999999999999885, 3.0296663169427696
2.999999999999995, 3.010867861370212
2.9999999999999956, 3.039115199897194
2.999999999999997, 2.896245902791416
2.9999999999999933, 2.9598271326284835
2.999999999999992, 2.944711001991272
2.999999999999997, 2.9731158462746516
2.9999999999999964, 2.96755752895819
2.9999999999999885, 2.9220474738094446
2.9999999999999996, 3.082053342622857
3.0000000000000058, 3.0311951816027185
2.9999999999999982, 3.0302100653046473
2.999999999999995, 2.96781647391884
2.999999999999987, 3.0207114832979443
2.9999999999999987, 2.9573698691635233
3.000000000000003, 2.9730821723868917
2.999999999999994, 2.9628426913746786
2.999999999999992, 2.991184952778838
3.000000000000014, 3.0084677479962005
2.999999999999995, 3.033008286162582
3.000000000000003, 3.032783521483396
3.000000000000008, 2.9796088750236045
2.999999999999995, 2.9892254144630237
3.000000000000003, 2.9407592487711405
3.0000000000000018, 3.055392911452997
2.9999999999999925, 2.9038184515333807
3.0000000000000178, 3.0274414798007845
2.9999999999999933, 2.915968703713716
3.000000000000005, 2.9612197255604884
2.9999999999999902, 3.0058692288621396
3.000000000000011, 2.983546810048004
2.9999999999999973, 3.0521651079548486
2.9999999999999987, 2.946651202790148
3.0, 3.0268118682421443
3.000000000000005, 3.017773396332343
2.9999999999999964, 3.0728884660624516
3.0, 2.9293127325237887
3.0, 3.0444294358854798
3.0000000000000027, 2.946097915577908
3.0000000000000098, 2.9828960785028293
3.0000000000000075, 3.0474433946161077
2.9999999999999893, 3.0369006361779824
2.9999999999999982, 3.0707437262818362
3.0, 3.0280348774644965
3.0000000000000004, 2.930399035707795
2.999999999999989, 3.027121168135139
2.9999999999999996, 3.0448337749621057
3.000000000000003, 2.9487082714877095
2.9999999999999973, 3.0245003676061146
3.0000000000000075, 2.970818889436305
3.000000000000003, 2.982514964034324
3.0000000000000036, 3.098043360357401
2.9999999999999973, 3.002089658539679
2.9999999999999973, 2.98906918336557
2.999999999999995, 3.0330848667330015
3.0000000000000067, 3.0750211557528218
3.0000000000000067, 2.997083262999018
3.000000000000005, 2.964614957332637
2.9999999999999982, 2.9107454521669522
3.0000000000000044, 2.9066725837564102
3.0000000000000036, 2.9682276358603015
3.000000000000006, 3.086731719959679
3.000000000000005, 3.053116886450667
3.0000000000000124, 2.9957222152604146
3.0000000000000044, 2.941748504776365
2.9999999999999902, 2.9444642768556406
2.9999999999999973, 2.969873652386541
3.0000000000000098, 3.017054742826872
2.9999999999999902, 2.9438268705097594
3.000000000000003, 3.047342921173553
3.0000000000000018, 2.97328833674102
2.999999999999995, 2.95803762800891
3.0, 3.041603171257929
2.9999999999999942, 2.9695580923168223
2.9999999999999996, 3.0200551157866826
3.000000000000008, 3.0278423360304716
2.999999999999995, 2.9493363685992566
2.9999999999999987, 2.952950499711991
3.0000000000000093, 2.978007464376135
3.0000000000000098, 3.04325313018167
2.9999999999999996, 2.9810462764637298
2.9999999999999996, 3.0492131649396614
2.999999999999992, 3.0158436737253176
2.9999999999999987, 3.0120643890228056
2.9999999999999982, 2.9850446465617244
2.9999999999999942, 2.9570666967389454
2.9999999999999973, 3.023347651393216
2.999999999999992, 2.961012729436036
2.9999999999999996, 3.0100429329429024
2.9999999999999942, 2.9486726905972547
3.0000000000000098, 2.962734209383325
3.0000000000000044, 2.992936580312455
3.0000000000000107, 2.9231409991191
3.000000000000005, 2.9523789055164946
2.9999999999999964, 2.996020093477644
3.0000000000000107, 3.026893909177077
3.000000000000006, 2.945357675300551
3.0, 3.0105081255155888
3.0, 2.996472714115565
3.0000000000000013, 3.018541539272531
3.000000000000003, 2.909117558727849
2.999999999999997, 3.0209711513862407
3.000000000000006, 3.0251291108715983
3.0000000000000004, 2.9860299279062836
3.0000000000000004, 3.1303519983071846
3.0000000000000018, 3.0935355664273985
3.0000000000000107, 3.0193338793007256
2.9999999999999933, 3.00001055757793
3.0, 2.948557778787153
3.0000000000000124, 2.9199797683029325
2.999999999999995, 2.9947097007838703
3.0, 2.9790455913795992
3.0000000000000058, 3.0160794466978884
2.9999999999999893, 2.921152880636447
2.9999999999999973, 2.946658851041365
3.0000000000000036, 3.1143969021575195
3.000000000000003, 3.0402345204408308
3.000000000000003, 3.0193038720253753
3.0000000000000075, 2.960200661417546
3.0000000000000027, 3.070843403500793
2.9999999999999982, 3.005925426534293
3.0000000000000004, 2.97093883621247
2.9999999999999933, 3.000278845898059
3.000000000000011, 2.9659500821012563
3.0000000000000018, 3.0063450083388505
3.0000000000000036, 2.971426485668316
3.000000000000009, 2.990976498808191
3.0000000000000036, 2.958821857227733
3.0000000000000044, 3.017008947613482
3.0000000000000058, 3.093227783306857
2.9999999999999942, 2.9420951801878896
2.9999999999999996, 2.9762127067803306
3.0000000000000075, 2.9159569823355502
3.000000000000017, 2.9599759816484386
2.999999999999991, 3.086523947841075
3.0000000000000058, 2.986749392338003
2.9999999999999964, 3.006213086266024
3.0, 3.0439741459252043
3.0000000000000036, 2.9960398800661285
3.0000000000000067, 2.9305805774771128
3.0000000000000004, 2.9507572458792573
3.0000000000000013, 3.021754717220976
3.0000000000000044, 3.0338075741396096
3.0000000000000093, 2.974883644761525
3.0000000000000147, 2.9322379799849303
3.0000000000000044, 2.9046086589478666
3.0000000000000018, 3.0058491703412358
2.9999999999999933, 3.060805165994277
3.0000000000000044, 3.023388584776777
3.0000000000000036, 2.9864163021502974
2.9999999999999933, 3.020109539802363
2.9999999999999964, 3.006698740045123
3.000000000000011, 2.9031487318494795
2.9999999999999956, 3.0374085928508063
3.0000000000000013, 2.8756585414024
3.000000000000006, 2.9613298843610076
3.000000000000006, 2.9740677336906933
3.0000000000000058, 2.9600851061359537
2.9999999999999933, 3.0155614646246827
2.999999999999994, 2.927932127584856
2.999999999999989, 3.0215240798110146
3.0000000000000004, 2.9715965558210464
2.9999999999999996, 3.039086265632768
2.9999999999999982, 3.0546345356048907
2.9999999999999973, 2.971552825724252
3.0000000000000027, 3.013598717251844
2.9999999999999982, 3.029090144378091
3.0000000000000004, 2.9862823727661483
3.0000000000000036, 2.9615777509571175
3.000000000000003, 2.962872055148405
2.9999999999999956, 2.9907100616311424
3.0000000000000058, 2.931198516187262
3.0000000000000018, 3.0276422894670576
2.9999999999999853, 2.9113988206711117
3.0000000000000036, 3.0570197903530345
2.999999999999994, 2.951994047088925
2.9999999999999853, 3.0478131618336004
3.0000000000000027, 3.0307402194619315
2.9999999999999996, 2.9786367241641374
2.999999999999984, 3.0220531544632614
2.999999999999992, 3.0496166032450303
3.000000000000003, 2.9454706837976943
3.0000000000000044, 2.96149736493987
3.0000000000000107, 2.948911087918409
2.999999999999997, 2.926082788759908
3.000000000000006, 2.9843295414743505
3.0000000000000058, 2.920957949998538
2.9999999999999964, 2.9461689789446206
2.9999999999999933, 3.0504731998183376
3.0000000000000018, 3.021673371935147
3.0, 2.935243345842897
2.9999999999999925, 2.965120952664689
3.0, 2.9674932776755285
2.9999999999999987, 2.9739456933190467
2.9999999999999893, 3.0086957148972475
3.0000000000000058, 2.954903899747239
3.0000000000000036, 2.95264120577167
2.999999999999991, 2.9614518756581925
3.0, 3.027504217960023
3.0000000000000018, 3.035526125551549
2.9999999999999956, 3.00231199757842
2.9999999999999987, 2.9490839513414833
3.0000000000000027, 2.924377407674068
2.9999999999999987, 3.0692289874678775
3.0000000000000004, 3.0412642799461804
2.9999999999999964, 3.0187542524470388
3.0000000000000058, 2.9621347313016027
3.000000000000006, 2.9748717956614565
2.9999999999999907, 3.048143439669544
2.9999999999999996, 3.049803017173924
2.9999999999999973, 2.9822420486790153
2.9999999999999933, 2.919533575817848
3.0000000000000027, 2.954202899210788
3.000000000000003, 2.9460357101015475
3.000000000000009, 2.9957235815246226
2.9999999999999964, 2.9850598738754197
2.9999999999999996, 3.039317116718837
2.9999999999999987, 2.9682840938111466
3.0000000000000044, 3.0560929875810783
2.999999999999994, 2.948565599230293
2.9999999999999956, 3.0547976098291243
3.0000000000000058, 2.975235085244457
3.0000000000000027, 2.9775904263654316
2.9999999999999982, 3.0070758322212026
2.999999999999991, 3.054839322431509
2.999999999999997, 3.0045373287322885
3.0000000000000036, 2.9975757815719692
2.9999999999999885, 2.9380103807023885
2.9999999999999996, 2.988628430249374
2.999999999999997, 3.0315841970385193
2.999999999999994, 2.966712937865022
3.000000000000013, 3.048606871735787
3.0000000000000044, 3.0009247708491675
3.000000000000006, 2.952260577084693
2.9999999999999845, 2.947712960821009
3.000000000000005, 3.039447127145262
2.9999999999999996, 3.041891492880831
2.9999999999999973, 3.0228163971959665
2.9999999999999907, 2.9698572357097115
2.9999999999999996, 3.0657824455637916
3.0000000000000093, 2.922561484745698
3.000000000000005, 3.0673439203536064
2.9999999999999933, 2.8597040596666545
3.0000000000000107, 3.043552476332599
2.999999999999994, 2.89239427335633
2.9999999999999964, 2.9975232125340043
2.999999999999995, 2.9893008496711895
2.9999999999999942, 3.0268984842757174
3.0, 2.9436840297324007
2.9999999999999956, 2.9797622115322295
2.9999999999999925, 3.0168369114749627
3.0000000000000044, 2.917348558632124
3.000000000000003, 2.9702746631265606
3.000000000000005, 2.995081686048954
2.999999999999997, 2.9668093061434426
2.999999999999997, 3.052528038593043
3.0000000000000027, 3.029085083999711
2.9999999999999902, 2.984616899941853
2.9999999999999942, 2.9508326502523854
2.999999999999997, 2.8695022468996902
3.0000000000000036, 2.954582087394012
2.999999999999997, 2.98825913411826
3.000000000000006, 3.033756079044243
2.9999999999999996, 2.9854150252546017
2.9999999999999902, 2.94596898611232
3.000000000000008, 2.9292469297838175
2.999999999999994, 3.04923108846329
3.0000000000000036, 2.999928570331063
2.9999999999999996, 3.0152345296661567
3.000000000000011, 3.000006624613772
2.999999999999995, 2.984421576642241
3.0000000000000067, 3.038728277906466
3.0000000000000013, 3.062355518818195
3.0000000000000004, 3.050921069936872
2.9999999999999987, 3.003427482320523
2.9999999999999925, 3.0183708948461474
2.999999999999989, 2.9792049488659877
2.999999999999994, 2.9446556072914487
2.9999999999999973, 2.9915194061218218
2.999999999999989, 3.0980307323751903
2.9999999999999996, 2.9688349309340087
3.0000000000000058, 2.93240782068773
2.9999999999999987, 2.994035412573816
2.9999999999999902, 3.0997952872402443
2.999999999999987, 2.918602858924247
3.0000000000000067, 3.0694227740782893
3.0000000000000075, 3.0664106196818985
2.9999999999999925, 3.0164093329205395
2.9999999999999982, 3.0557796510291504
3.0000000000000138, 2.9779764565313855
2.9999999999999987, 2.9952062787485647
3.0, 2.987379216695177
3.0000000000000058, 2.957385056907436
2.999999999999991, 3.0512247484522708
2.9999999999999982, 3.02405951993689
2.9999999999999973, 2.9580107053476725
2.9999999999999956, 2.97136168272708
2.999999999999997, 3.061875310393307
2.9999999999999982, 2.9554058233156595
2.9999999999999973, 2.9588743073748023
2.999999999999997, 3.0188328093084325
3.000000000000009, 3.09229937810744
2.9999999999999987, 3.030305677055874
2.9999999999999907, 3.0502675577553156
3.0000000000000013, 3.022528045954783
2.9999999999999973, 2.9893645224852747
3.0000000000000058, 2.993345051570165
2.9999999999999982, 3.0380535502826844
2.9999999999999982, 2.9849408665503816
2.999999999999997, 2.998834986621788
2.999999999999995, 2.9443146700578513
3.000000000000009, 2.9772500921043137
3.000000000000009, 3.0505583294363503
3.0000000000000036, 2.9993408601953337
2.9999999999999973, 2.9452684664807203
3.0000000000000044, 3.015468223835473
3.0000000000000155, 3.0382558811826335
3.0000000000000044, 2.982460312546766
3.0000000000000036, 2.975952024106444
3.000000000000009, 3.149110755284058
3.0000000000000036, 2.9919398376522075
3.0000000000000013, 2.987640905763775
2.999999999999995, 3.0352150540584075
3.0000000000000004, 3.017078671483525
2.9999999999999982, 3.0751567793382404
3.0000000000000027, 3.1064346098948943
2.9999999999999925, 3.0019172210753613
3.0000000000000027, 2.9699435650382027
2.999999999999994, 2.984810501567584
2.9999999999999982, 2.9826580838694254
3.0000000000000018, 3.0086297174991365
3.000000000000003, 3.1047923473326327
3.0000000000000027, 3.01765709939391
3.0000000000000075, 3.0093554879301965
2.9999999999999925, 3.057935515369113
3.0000000000000004, 3.1043195849066905
2.9999999999999796, 3.0808026139992992
3.0000000000000058, 2.9687893157818475
2.9999999999999973, 3.0149469098462793
3.000000000000005, 3.005414776875734
2.9999999999999925, 3.018421913376523
2.9999999999999956, 3.034261932299187
2.999999999999994, 2.9977413037690193
2.9999999999999876, 3.0237043748042947
3.0000000000000018, 2.9392498213914777
3.000000000000013, 2.849552918374105
2.999999999999994, 3.0291821276078617
2.9999999999999996, 2.9546206117572207
3.0000000000000004, 2.9447381242355894
3.000000000000006, 2.957201065390159
3.0000000000000004, 3.019774437855306
3.000000000000006, 2.9769127224655265
2.999999999999994, 3.003558160671417
2.9999999999999987, 2.962772610153545
2.9999999999999996, 3.040040219684414
3.0000000000000036, 3.0316575405131627
3.0000000000000013, 3.006031963290821
3.0000000000000093, 3.0125246587692747
3.0000000000000004, 3.05625921076305
3.0000000000000098, 3.004628124064303
3.0, 2.9687324397380475
3.0000000000000018, 3.0104832534270245
2.9999999999999942, 3.00457840197
2.9999999999999942, 3.0344383750011654
2.9999999999999956, 3.066086326891745
2.9999999999999982, 2.986733384279494
2.9999999999999925, 2.9127633981071543
3.0000000000000027, 2.8358037321112124
3.0, 2.9827266061135127
3.000000000000013, 3.0661828873252377
2.999999999999991, 2.968435274215985
3.0000000000000027, 3.0564962605228105
3.0000000000000004, 3.0096055322150397
2.999999999999992, 2.9167494567432817
3.0000000000000013, 2.9630556014893146
3.0000000000000036, 2.9693890613315426
3.000000000000008, 3.0149610566404754
3.0000000000000067, 2.9989107817128446
2.9999999999999987, 2.971615033869403
3.0, 2.970106450967477
2.999999999999995, 2.9918111918823893
3.0, 2.974188088518928
3.0000000000000004, 3.0066302316412594
2.9999999999999996, 3.0046863338181344
3.0000000000000058, 2.990776835138488
3.000000000000003, 2.9552694894304277
2.9999999999999982, 3.0009817945733253
2.9999999999999933, 2.951619510987436
3.000000000000003, 2.920379735480147
3.0, 3.0574212668618888
3.0000000000000013, 2.994806855520825
2.999999999999995, 2.8797609062209215
3.0000000000000027, 3.0625734485633025
2.9999999999999982, 3.0379034923729353
3.000000000000013, 2.9754803956795826
2.999999999999994, 3.0671536128881125
3.0, 2.9939787895662557
2.999999999999989, 2.9339746966136135
2.9999999999999973, 3.0012987541136518
3.0000000000000098, 2.9642901423309294
3.0000000000000018, 2.9432133114497936
3.0, 3.0138830186703145
2.999999999999997, 2.974270034045299
3.0000000000000058, 3.0213109996879433
3.0000000000000036, 2.9760358408949203
2.9999999999999956, 3.0712124056582524
2.9999999999999933, 2.847638089998974
3.000000000000005, 3.0496516594644465
3.0000000000000075, 2.9060373168899174
3.0000000000000027, 3.0465468885965463
2.9999999999999996, 2.8937680596251556
2.999999999999995, 3.0330610327399046
3.0000000000000098, 2.9905460772795873
2.9999999999999964, 3.018807686295719
2.9999999999999885, 2.979336238769769
3.0000000000000013, 2.915961018524218
3.000000000000003, 3.0132774421558226
3.0000000000000004, 3.0169784465034026
2.999999999999989, 2.9311792544095727
3.0000000000000027, 2.9770399535002974
3.000000000000014, 3.074580971088537
2.999999999999991, 2.9442047020174944
2.9999999999999907, 3.0138467700254963
3.000000000000013, 3.0658682946326747
2.9999999999999996, 2.969968642468569
3.000000000000009, 3.034732635352782
3.0000000000000044, 2.9569444452115126
2.9999999999999982, 2.961579274613419
3.0, 2.9479805687324028
2.999999999999997, 3.0464824540504027
3.0000000000000058, 2.9322962506457313
2.9999999999999942, 2.9987129350419277
2.9999999999999964, 3.0914819877364486
3.0000000000000075, 2.944438516434431
3.000000000000011, 3.028320295495347
3.000000000000008, 3.0332815874848404
2.9999999999999933, 3.004242469102101
3.0000000000000067, 3.065313676710656
3.0000000000000075, 2.9423454765676356
2.9999999999999987, 3.022142673680211
3.000000000000003, 2.9952935420738114
3.0000000000000115, 3.0523123530327307
2.9999999999999907, 3.028046156985939
2.999999999999991, 2.9728573114114716
3.0000000000000075, 2.969571339451984
2.9999999999999964, 2.9805175777657418
2.9999999999999973, 2.967504925848804
2.999999999999992, 3.0143548787802583
2.999999999999991, 3.049143631191457
2.9999999999999996, 3.073685436056367
3.0, 2.960381159250443
3.0000000000000044, 3.0274556832400967
2.9999999999999987, 2.9150132561303845
3.0000000000000027, 3.0422782767592005
3.000000000000003, 2.9886258881148615
2.9999999999999853, 2.9062745880021437
3.0000000000000044, 3.0140121326935043
2.9999999999999982, 3.0134134732728275
3.0000000000000115, 2.972696657589752
3.0000000000000036, 2.9613211618688373
2.9999999999999942, 3.0329092585094277
3.0000000000000098, 2.897942652859377
3.0000000000000027, 2.8213897854446954
3.0000000000000013, 3.0286684605150103
2.9999999999999987, 2.920214059157126
3.0, 2.8956319082257655
2.999999999999984, 2.974986143277022
2.9999999999999973, 2.8831346915647784
3.0000000000000013, 3.0901676007182037
2.999999999999995, 3.0257839946621714
2.9999999999999964, 2.971447852440483
2.999999999999997, 3.1097162613062608
2.999999999999992, 2.969597234399229
3.000000000000014, 3.0659253707711107
2.9999999999999893, 3.0091041855117298
2.9999999999999827, 3.0072839441619448
3.000000000000008, 3.0049741261293597
2.9999999999999996, 2.967487518558265
3.0000000000000067, 2.9624424127782243
3.0000000000000044, 2.993731944525461
3.0, 2.920033420652092
2.9999999999999973, 3.043554144216271
2.9999999999999933, 3.0554340711642594
3.0000000000000013, 3.0328098730050908
3.0000000000000027, 2.957287185743999
3.000000000000009, 2.987217898286592
2.999999999999992, 2.9853860857421224
2.999999999999992, 3.106632026623672
2.999999999999995, 3.013568162146095
2.9999999999999987, 3.0160163037222754
3.0000000000000044, 3.024510291962848
2.9999999999999902, 3.0165789386952806
3.0000000000000027, 3.0146357285692336
3.0000000000000058, 2.9268188077350246
3.0, 3.016541093994824
2.9999999999999964, 2.9339374663146414
2.999999999999994, 2.9929799093236897
2.9999999999999982, 2.991839039181938
3.0000000000000018, 2.970659645296481
3.0000000000000044, 2.944727024245637
3.0000000000000044, 2.9896538977000593
3.0, 2.9562710597172313
3.0000000000000018, 2.915971179134322
3.0000000000000013, 2.9915092845036644
2.999999999999995, 2.96335516851921
3.0000000000000058, 2.9177954619721223
2.999999999999997, 2.962240255831187
2.9999999999999973, 3.029570492536138
2.999999999999995, 3.036497538902941
3.0000000000000044, 2.9527933905883295
2.9999999999999956, 2.9933400857427537
3.0000000000000075, 2.947619207441671
3.000000000000006, 3.0398106078099385
2.9999999999999982, 2.9991474031915257
3.0000000000000036, 3.016416863647857
3.0000000000000018, 3.0172617918580045
3.0000000000000013, 2.955188306220811
3.0000000000000018, 3.0830469730081047
2.9999999999999902, 3.032109665839184
3.000000000000005, 2.991403188558184
2.9999999999999933, 2.9997059263893657
2.9999999999999956, 2.9592774827998163
3.000000000000014, 2.9835269005652987
2.9999999999999964, 3.014184649438849
2.999999999999994, 2.9752105988921844
3.000000000000006, 3.021199713020011
2.9999999999999907, 2.9932784924926277
3.0000000000000044, 3.0771833659755212
2.9999999999999964, 3.0514126141044295
2.9999999999999964, 2.999252633363863
2.9999999999999982, 3.0593160224671068
2.9999999999999964, 3.008029298137636
3.000000000000005, 2.9627891413572334
2.999999999999986, 3.0778430102795307
2.999999999999995, 2.9616469894124893
3.000000000000006, 2.9942582668293927
3.0000000000000018, 2.997139668679018
3.0000000000000013, 3.0259639158756313
3.0000000000000013, 2.9655945114204405
2.9999999999999942, 2.9061188119449053
2.9999999999999987, 3.026088707617395
3.0000000000000075, 2.965285588713589
2.9999999999999996, 3.034736843001605
2.999999999999995, 2.9120948273419547
3.0000000000000036, 2.9829313259640986
2.9999999999999987, 2.9849848674288446
2.999999999999994, 2.900433064814705
2.9999999999999956, 3.014464387840402
2.9999999999999964, 2.9798763573886755
2.9999999999999942, 2.9675714966137607
2.9999999999999973, 3.0197436798001083
2.9999999999999973, 2.9755010967111724
2.999999999999992, 3.050998375398512
2.9999999999999902, 3.0403209462638565
3.0, 2.9976383170396184
3.0000000000000004, 2.9965841985343533
3.000000000000008, 2.9757790706490646
3.000000000000006, 2.9609915410115693
2.999999999999991, 2.969321170455314
2.9999999999999973, 2.924442822490921
2.999999999999991, 2.9665029883256206
2.9999999999999876, 2.9477121551890355
3.000000000000011, 2.933242231502498
2.9999999999999933, 2.9648844202433167
2.9999999999999973, 3.0833674963084845
2.9999999999999987, 3.0241496234336704
3.0, 2.950600913704106
2.9999999999999982, 2.991746322986371
2.9999999999999956, 2.9732885359650365
2.9999999999999956, 3.072894961052239
3.000000000000008, 2.9895465723362555
2.9999999999999987, 3.0268022760736537
3.0000000000000013, 2.9734219153859276
3.0000000000000013, 2.9599364267498403
2.9999999999999956, 3.0077294360836677
2.9999999999999964, 3.0861453377667103
2.999999999999991, 2.9999959506936915
3.000000000000005, 3.030322681142352
2.9999999999999902, 3.035411612355381
3.0000000000000004, 2.975336233314425
3.000000000000009, 3.047299196166652
3.0000000000000093, 3.03773238077344
2.999999999999997, 3.0516400553079697
3.000000000000008, 2.989679828653904
2.999999999999995, 2.9996527688650922
2.9999999999999973, 3.0389635290526424
3.000000000000003, 2.973224776417138
2.9999999999999925, 3.0250654963954005
2.9999999999999996, 2.9280494335868035
3.000000000000006, 2.885057845117948
2.9999999999999827, 2.979921665494086
2.999999999999994, 3.021295500108366
2.9999999999999982, 3.0017651184513214
2.9999999999999973, 3.0313970209178795
3.0000000000000036, 3.0913719553592847
3.0000000000000044, 2.9196312993904465
3.0000000000000004, 2.9736459254826557
3.000000000000009, 2.886957959319767
3.0, 3.018331277171134
2.9999999999999964, 3.035256431251871
2.999999999999995, 2.95363087766586
3.0000000000000067, 3.022332409801542
2.9999999999999964, 2.9822208366544696
3.0000000000000093, 3.139790226576908
2.9999999999999973, 2.930939649292713
2.9999999999999973, 2.9594393296964903
3.0000000000000107, 3.024353880596356
2.9999999999999885, 2.976972149964049
3.000000000000003, 3.057695110994155
2.999999999999992, 3.006680288490958
3.0000000000000027, 3.052151283745032
3.0000000000000147, 2.9905475510016744
2.9999999999999996, 2.89150257511615
3.0000000000000107, 3.018905892934084
3.0000000000000036, 3.04761586221555
3.000000000000009, 2.9774232909310188
3.0, 3.0011290813023024
3.000000000000008, 2.8759427009699334
2.9999999999999964, 3.0218338494878147
2.9999999999999987, 2.949699811812671
2.999999999999997, 3.0299569887632196
2.9999999999999964, 2.9493893266677915
3.0000000000000093, 2.926781884337659
2.9999999999999982, 2.94528908763562
2.9999999999999982, 2.829947007810597
3.0000000000000018, 2.95309076766467
