ATE real, ATE estimado
1.0000000000000013, 1.0134468978595836
1.0000000000000016, 1.0046508563385692
1.0000000000000016, 0.9885598619623862
0.9999999999999992, 0.9956488877683233
0.9999999999999977, 0.9815402854946956
0.9999999999999993, 0.9936021340049483
0.9999999999999976, 1.0470597848490535
0.9999999999999984, 0.9704364282539861
1.000000000000002, 1.0314048415885653
1.0000000000000022, 0.9670834719144656
1.0000000000000049, 0.9893768362725616
1.0000000000000013, 0.9764299368129598
1.0000000000000007, 1.0112082344664957
0.9999999999999992, 1.0189123731348748
0.9999999999999977, 0.9758645779359527
0.9999999999999952, 0.9730839166887679
1.0000000000000013, 1.0075143262428077
1.0000000000000038, 1.0638769255875233
0.9999999999999988, 1.0394531454166502
0.9999999999999991, 0.9885494879342082
0.9999999999999991, 0.9749237765252478
0.9999999999999963, 1.0194530332773322
1.0000000000000038, 1.0346055552841016
1.0000000000000053, 0.994384526110862
1.0000000000000033, 1.0212355271937323
1.0000000000000049, 0.9989072420452535
1.0000000000000018, 1.0009751808054097
1.0, 0.9559778937848461
0.9999999999999991, 0.9926272064044911
0.9999999999999997, 0.9676006197820898
1.0000000000000002, 1.0070918216026112
0.9999999999999996, 1.01338063738215
1.0000000000000024, 1.0117815129581431
0.9999999999999988, 1.044044924134736
0.9999999999999991, 0.9794267032323309
1.0000000000000016, 1.029516281954585
1.0000000000000038, 1.0182622819692102
1.000000000000001, 1.0052188693500967
1.0000000000000004, 0.983866736580522
1.0000000000000013, 0.998985964535901
0.9999999999999976, 1.0075606395904388
1.0, 1.010627546212585
0.9999999999999999, 1.077216826563722
1.0000000000000013, 1.0033123601967513
1.0000000000000007, 1.024656172343473
0.9999999999999999, 0.9648280496705837
1.0000000000000022, 0.9720701134886942
0.9999999999999986, 1.0321600004035119
0.9999999999999957, 1.063246003167553
1.0000000000000036, 1.0311474019625264
0.9999999999999981, 0.9795723750609777
1.0, 1.004600522637587
0.9999999999999989, 1.004833328178674
0.9999999999999986, 1.0238840198252324
1.0000000000000007, 1.0196012133908425
0.9999999999999996, 1.0214725976310164
1.0000000000000007, 1.0093314191976048
0.9999999999999991, 1.0138968789070322
0.9999999999999977, 0.9740930402504483
1.0000000000000029, 0.9921844492583822
1.0000000000000013, 1.0075039741374694
0.9999999999999988, 0.9810954018729232
0.9999999999999986, 1.0016861042579384
1.000000000000003, 1.0101481016606975
1.0000000000000042, 0.9617880834068698
1.0000000000000022, 0.9682326078105183
1.000000000000001, 1.0265133395903316
1.0000000000000022, 1.0199268298766855
1.0000000000000013, 0.9846908469896344
0.9999999999999977, 1.052597916055464
1.0000000000000027, 1.0321634363816194
1.0000000000000007, 1.0213891712281824
1.0000000000000002, 0.971084731186356
0.9999999999999966, 1.0466617016786408
0.9999999999999984, 1.0133878412785653
1.0000000000000018, 0.9576749463035158
0.9999999999999969, 0.9555202826566602
0.9999999999999996, 0.9644593820916124
1.0000000000000007, 0.9925427073971259
1.0000000000000009, 0.9809135017495622
0.9999999999999991, 0.9719254449898591
0.9999999999999971, 0.986836949744075
1.000000000000002, 0.9794919668953788
1.0000000000000002, 1.0155211025171118
1.0000000000000018, 1.0077710194054545
0.999999999999998, 1.0175249493188625
1.000000000000004, 1.0260089741490344
1.0000000000000024, 1.036755591723481
0.9999999999999984, 0.985300220428219
1.0000000000000018, 0.9738403958963491
1.0000000000000047, 0.9724451137510669
1.000000000000001, 0.9966417356082612
0.9999999999999986, 0.9808026662128054
1.0000000000000009, 0.9915084581968614
1.000000000000002, 0.9816790738553869
0.9999999999999978, 0.9893301986790849
1.0000000000000002, 0.9882266927765938
0.9999999999999966, 0.9878937087455018
0.999999999999994, 0.9957607995175822
0.9999999999999961, 1.0425893871102547
