ATE real, ATE estimado
0.337406760831614, 0.1689863204606301
0.3451833042374226, 0.17371519814032743
0.34661164894461194, 0.15459173166291662
0.3394699254086653, 0.1649096218630821
0.342009204888113, 0.1546480530142098
0.3404221552134582, 0.15150413271768748
0.3453420092048881, 0.15783529742711166
0.341691794953182, 0.1562373428090228
0.3481986986192668, 0.14754340169677393
0.34010474527852724, 0.14854983099564467
0.3415330899857166, 0.1386381799518558
0.33455007141723536, 0.16096188807708223
0.32772575781621965, 0.15148680307113582
0.34264402475797495, 0.14948694170830823
0.34756387874940486, 0.1473711127688463
0.342009204888113, 0.15400453875533648
0.342009204888113, 0.14792797879496078
0.34010474527852724, 0.15561549060833912
0.341691794953182, 0.1501174587322679
0.3481986986192668, 0.15588742500393948
0.3393112204411998, 0.14893007568219363
0.35359466751309315, 0.16189899878974578
0.3297889223932709, 0.14712517284307358
0.34677035391207744, 0.16068562126984398
0.3348674813521663, 0.1465889613375585
0.34867481352166324, 0.1632856727751656
0.3437549595302333, 0.15078263504933098
0.34677035391207744, 0.16424011313438092
0.346294239009681, 0.14802329185099572
0.3481986986192668, 0.1581202290576259
0.34073956514838916, 0.14863647922840362
0.34073956514838916, 0.14753906928513594
0.3289953975559435, 0.16545349065428283
0.33391525154737345, 0.1474144368852257
0.3383589906364069, 0.15310208733577635
0.3472464688144739, 0.15513993286575534
0.33708935089668307, 0.15818954764383308
0.33137597206792574, 0.15236759243250608
0.34248531979050945, 0.14283618607526627
0.35105538803364544, 0.14832122071642373
0.34327884462783687, 0.1616487264523352
0.3477225837168703, 0.157507041680218
0.35534042215521344, 0.16235722688577792
0.3534359625456277, 0.16348395617292077
0.337724170766545, 0.15300244186810363
0.3350261863196318, 0.15038506071623026
0.3305824472305983, 0.15123653073372512
0.33645453102682116, 0.1582328717602125
0.3421679098555785, 0.1479756353229783
0.34423107443262974, 0.1464469992910966
0.3445484843675607, 0.14607975183946142
0.34915092842405965, 0.1567942088351374
0.33312172671004603, 0.14519463006645306
0.3445484843675607, 0.14738844241539817
0.354546897317886, 0.1546567178374858
0.3332804316775115, 0.1460927490743752
0.341691794953182, 0.15488099570506875
0.34565941913981907, 0.14965590576218812
0.34565941913981907, 0.1599467939549356
0.3447071893350262, 0.1615924051010419
0.3305824472305983, 0.14787598985530548
0.3367719409617521, 0.14441247863516538
0.35629265196000637, 0.16764730300322772
0.3402634502459927, 0.1514478113663943
0.3404221552134582, 0.15140015483837677
0.3383589906364069, 0.14789331950185736
0.34232661482304394, 0.16096622048872022
0.3351848912870973, 0.14438648416533773
0.3415330899857166, 0.16101820942837564
0.34010474527852724, 0.16508191079100965
0.3378828757340105, 0.15657426337919245
0.35470560228535153, 0.15844848480451956
0.33804158070147594, 0.14758672581315335
0.34248531979050945, 0.15012612355554378
0.3428027297254404, 0.1552699052148937
0.3415330899857166, 0.15583976847592207
0.34248531979050945, 0.15081729434243463
0.34312013966037136, 0.14192506983243047
0.3391525154737343, 0.14325542246655676
0.33883510553880336, 0.15755036579659754
0.33439136644976986, 0.14514697353843575
0.3497857482939216, 0.14826489936513043
0.3434375495953023, 0.15298511222155187
0.34930963339152515, 0.1651598942004927
0.3515315029360419, 0.16732771207960995
0.34486589430249165, 0.15489399293998263
0.34264402475797495, 0.16254684546025722
0.341691794953182, 0.15789161877840507
0.3342326614823044, 0.15364162371533918
0.3308998571655293, 0.15146514101294606
0.3472464688144739, 0.1532700438520661
0.33629582605935565, 0.15062767576795522
0.34137438501825107, 0.15811156423435002
0.34058086018092365, 0.1686797267719261
0.33693064592921756, 0.15051936547700662
0.3359784161244247, 0.14666261233540367
0.3477225837168703, 0.15590908706212914
0.33470877638470087, 0.14768637128082618
0.3367719409617521, 0.1683774654948602
0.3383589906364069, 0.14729312935936334
0.341691794953182, 0.1546047288978305
0.3391525154737343, 0.1548983253516205
0.33756546579907953, 0.16762997335667595
0.34502459926995716, 0.15050636824209274
0.3451833042374226, 0.14636035105833756
0.34058086018092365, 0.18767322090019856
0.3366132359942866, 0.14790631673677113
0.3361371210918902, 0.15209132562526773
0.33756546579907953, 0.1377790526486753
0.3305824472305983, 0.131750149216317
0.3335978416124425, 0.15024743108140615
0.34486589430249165, 0.15720911281479
0.3348674813521663, 0.15278682882379657
0.34232661482304394, 0.15313674662888
0.3428027297254404, 0.14528027076162187
0.3358197111569592, 0.13593515810481382
0.33994604031106174, 0.15118020938243182
0.350261863196318, 0.16223158694827744
0.3478812886843358, 0.14571250438782624
0.3308998571655293, 0.14352302445051923
0.34502459926995716, 0.15358530236404588
0.33280431677511507, 0.15935526863571758
0.33693064592921756, 0.14766037681099842
0.341691794953182, 0.15146080860130817
0.3383589906364069, 0.15744638791728682
0.3383589906364069, 0.15396987946223284
0.3458181241072846, 0.15020843937666473
0.34423107443262974, 0.16536684242152389
0.3348674813521663, 0.15273917229577927
0.3439136644976988, 0.13244132000320796
0.3481986986192668, 0.1359438229280897
0.33645453102682116, 0.15631099380686797
0.3366132359942866, 0.155624155431615
0.33391525154737345, 0.16124681970759647
0.342009204888113, 0.1482822290116822
0.32836057768608157, 0.15056268959338603
0.3353435962545628, 0.14633435658851002
0.34740517378193936, 0.14952593341304965
0.3523250277733693, 0.15702715152599633
0.34851610855419773, 0.1588417267259825
0.329154102523409, 0.1304284614054666
0.32931280749087444, 0.14272787578431767
0.3297889223932709, 0.15999011807131513
0.3434375495953023, 0.14350136239232958
0.3453420092048881, 0.15843981998124368
0.33899381050626887, 0.1597051864408009
0.3472464688144739, 0.15937693069390724
0.33708935089668307, 0.15462205854438227
0.3286779876210125, 0.14125122869209128
0.3396286303761308, 0.13075238474072226
0.34438977940009524, 0.15014778561373343
0.34137438501825107, 0.14829089383495808
0.3559752420250754, 0.16331599965663124
0.3532772575781622, 0.15808990217616037
0.3359784161244247, 0.14958225476434306
0.3415330899857166, 0.1584744792743472
0.3332804316775115, 0.13900109499185298
0.3481986986192668, 0.1568981867144481
0.34946833835899066, 0.15593941394359478
0.3483574035867323, 0.14635168623506167
0.3366132359942866, 0.1492539990174494
0.34867481352166324, 0.14978053816209835
0.3453420092048881, 0.1552049190403244
0.33629582605935565, 0.158794070197965
0.3439136644976988, 0.14927566107563917
0.34677035391207744, 0.1536936126549946
0.3262974131090303, 0.14289250742655957
0.34613553404221553, 0.16259016957663674
0.3440723694651643, 0.1622575814181051
0.34994445326138707, 0.14769070369246406
0.3421679098555785, 0.1491500211381387
0.34486589430249165, 0.15970951885243878
0.33994604031106174, 0.15366761818516694
0.346294239009681, 0.16415779731325997
0.33899381050626887, 0.15593941394359478
0.3564513569274718, 0.15749837685694212
0.33883510553880336, 0.14391626637198207
0.34185049992064753, 0.15079996469588286
0.3439136644976988, 0.14755206652004982
0.3367719409617521, 0.14160981132045058
0.3280431677511506, 0.13743779966686775
0.33804158070147594, 0.14829522624659608
0.3429614346929059, 0.14832122071642373
0.34073956514838916, 0.1428795101916458
0.34851610855419773, 0.153434675494308
0.3408982701158546, 0.15051503306536862
0.3429614346929059, 0.1548983253516205
0.34740517378193936, 0.1655314740637659
0.3408982701158546, 0.15967485955933536
0.33899381050626887, 0.1558744277690256
0.3470877638470084, 0.1577703112525426
0.33994604031106174, 0.15741172862418318
0.3408982701158546, 0.14352302445051923
0.3353435962545628, 0.1494999389432221
0.3358197111569592, 0.12668001855481226
0.33820028566894145, 0.16768629470796925
0.35470560228535153, 0.1686234054206328
0.35089668306618, 0.14480138814499033
0.3286779876210125, 0.1272672114623924
0.33804158070147594, 0.1568981867144481
0.34486589430249165, 0.1470601866685044
0.3282018727186161, 0.15396121463895696
0.3340739565148389, 0.15403486563680202
0.3353435962545628, 0.14508198736386657
0.34486589430249165, 0.1409922915314047
0.33978733534359623, 0.1501694476719232
0.3359784161244247, 0.15488099570506875
0.34740517378193936, 0.15149113548277382
0.34486589430249165, 0.16446872341360186
0.33899381050626887, 0.15978750226192195
0.34010474527852724, 0.15367195059680483
0.34661164894461194, 0.1682734876155495
0.3367719409617521, 0.14554454787153648
0.3396286303761308, 0.15883739431434452
0.33994604031106174, 0.14102261841287034
0.341691794953182, 0.15793393535719424
0.3481986986192668, 0.15814189111581567
0.337406760831614, 0.14316010941052204
0.35089668306618, 0.15932927416588982
0.33899381050626887, 0.15965752991278348
0.3272496429138232, 0.1569545080657414
0.3415330899857166, 0.15971385126407678
0.3396286303761308, 0.14280585919380062
0.3540707824154896, 0.17399579735920367
0.3404221552134582, 0.16578607881281437
0.3394699254086653, 0.1542894703858506
0.3483574035867323, 0.15783962983874966
0.34565941913981907, 0.15150846512932548
0.33455007141723536, 0.15203933668561231
0.35613394699254086, 0.15802491600159108
0.3437549595302333, 0.15616369181117773
0.35105538803364544, 0.16029671176001903
0.33185208697032215, 0.14034011244925537
0.3415330899857166, 0.14612740836747884
0.3348674813521663, 0.14631702694195825
0.354546897317886, 0.15084328881226228
0.33708935089668307, 0.1485931551120241
0.34677035391207744, 0.1529677825750001
0.34185049992064753, 0.1515994457737223
0.3310585621329948, 0.14474506679369703
0.33804158070147594, 0.13171115751157558
0.3393112204411998, 0.1544964186068818
0.3393112204411998, 0.14478405849843845
0.355181717187748, 0.1649995949698887
0.34121568005078556, 0.1511368852660524
0.3458181241072846, 0.15055835718174804
0.333439136644977, 0.155321894154549
0.3286779876210125, 0.15112388803113852
0.33645453102682116, 0.14946527965011847
0.3521663228059038, 0.15614202975298797
0.33978733534359623, 0.16487496256997847
0.34438977940009524, 0.15328304108698
0.342009204888113, 0.14762571751789488
0.34327884462783687, 0.14585114156024048
0.3410569750833201, 0.18195957597982015
0.3437549595302333, 0.14576016091584365
0.33470877638470087, 0.15720911281479
0.33899381050626887, 0.13641404072144525
0.33978733534359623, 0.14022746974666878
0.35105538803364544, 0.1605643137439815
0.3304237422631328, 0.16610133732479415
0.33455007141723536, 0.14352735686215712
0.35422948738295507, 0.16167472092216295
0.33550230122202823, 0.15524824315670394
0.33708935089668307, 0.1394116665598677
0.34185049992064753, 0.13872049577297674
0.337724170766545, 0.1672930527865064
0.33629582605935565, 0.16227924347629485
0.3472464688144739, 0.15242824619543738
0.342009204888113, 0.15980049949683572
0.34867481352166324, 0.14601043325325425
0.33693064592921756, 0.1647493226324781
0.3353435962545628, 0.14550122375515717
0.3455007141723536, 0.15406086010662967
0.341691794953182, 0.15907466941684123
0.333439136644977, 0.1498585215715813
0.34692905887954295, 0.1485801578771102
0.3440723694651643, 0.15400453875533648
0.34867481352166324, 0.14127289075028104
0.350579273131249, 0.16148409481009318
0.34486589430249165, 0.13251063858941514
0.34740517378193936, 0.1562936641603162
0.33010633232820186, 0.16610133732479415
0.33470877638470087, 0.16227924347629485
0.33756546579907953, 0.15563715266652878
0.33708935089668307, 0.14673193092161074
0.3489922234565942, 0.16287943361878887
0.3447071893350262, 0.1635316127009383
0.33708935089668307, 0.14801895943935772
0.33629582605935565, 0.1524195813721615
0.34058086018092365, 0.15395254981568107
0.3410569750833201, 0.16637760413203262
0.34613553404221553, 0.16027071729019138
0.34327884462783687, 0.13720052456437104
0.3404221552134582, 0.1530717604543107
0.3335978416124425, 0.1459801063717886
0.3497857482939216, 0.147919313971685
0.34423107443262974, 0.1540521952833538
0.34677035391207744, 0.15973984573390454
0.34677035391207744, 0.15075230816786545
0.3429614346929059, 0.15423314903455732
0.3472464688144739, 0.16412747043179432
0.346294239009681, 0.1641361352550702
0.34565941913981907, 0.16824316073408385
0.3396286303761308, 0.15814189111581567
0.3340739565148389, 0.13803798980936188
0.3447071893350262, 0.15329170591025576
0.3385176956038724, 0.1498541891599433
0.34486589430249165, 0.14568650991799859
0.341691794953182, 0.13830992420496213
0.3478812886843358, 0.14824756971857855
0.3367719409617521, 0.15683753295151692
0.3472464688144739, 0.15308475768922458
0.3515315029360419, 0.15082162675407262
0.33121726710046023, 0.14916301837305246
0.33629582605935565, 0.14107460735252575
0.3439136644976988, 0.1485888227003861
0.3455007141723536, 0.1466409502772139
0.346294239009681, 0.15809856699943625
0.35105538803364544, 0.15493731705636204
0.3342326614823044, 0.14541024311076012
0.33455007141723536, 0.15358530236404588
0.33264561180764957, 0.15304576598448316
0.337724170766545, 0.1502690931395959
0.3237581336295826, 0.13943332861805735
0.3367719409617521, 0.15881139984451687
0.33978733534359623, 0.14490536602430093
0.3315346770353912, 0.16228357588793285
0.34232661482304394, 0.15363729130370118
0.3483574035867323, 0.16045267857898504
0.33899381050626887, 0.1496125816458086
0.3440723694651643, 0.1491500211381387
0.35613394699254086, 0.15146080860130817
0.3497857482939216, 0.15905733977028957
0.34232661482304394, 0.16374722574524536
0.34867481352166324, 0.13785703605815824
0.33312172671004603, 0.1463430214117859
0.3440723694651643, 0.15753303615004577
0.3353435962545628, 0.14218833940475484
0.33375654657990794, 0.1524195813721615
0.3394699254086653, 0.14941329071046305
0.33121726710046023, 0.16379921468490066
0.34597682907475, 0.15767066578486977
0.33264561180764957, 0.1524065841372476
0.3359784161244247, 0.14988018362977107
0.3386764005713379, 0.14699520049393522
0.3361371210918902, 0.1469995329055731
0.3410569750833201, 0.15785262707366354
0.3393112204411998, 0.15081296193079663
0.3348674813521663, 0.1558137740060943
0.33978733534359623, 0.14249060068182084
0.33899381050626887, 0.16849776548313244
0.34502459926995716, 0.16074627503277517
0.3308998571655293, 0.1379730036347926
0.3316933820028567, 0.16782825675443125
0.3458181241072846, 0.1622012600668119
0.3455007141723536, 0.16073761020949928
0.3402634502459927, 0.14260324338440744
0.3378828757340105, 0.16126414935414835
0.34740517378193936, 0.15363729130370118
0.34058086018092365, 0.15391355811093965
0.3464529439771465, 0.15688085706789634
0.3458181241072846, 0.16905997145847507
0.3305824472305983, 0.15018244490683708
0.32836057768608157, 0.1527738315888827
0.3316933820028567, 0.1453149300547254
0.3410569750833201, 0.13682027987782197
0.35089668306618, 0.15523524592179005
0.3383589906364069, 0.1425209275632865
0.3558165370576099, 0.1406813654310628
0.34740517378193936, 0.15238058966741985
0.3513727979685764, 0.15504562734731075
0.3453420092048881, 0.15140448725001476
0.33550230122202823, 0.13549859206697146
0.33566100618949374, 0.14387727466724054
0.33804158070147594, 0.15045437930243732
0.33645453102682116, 0.15433712691386803
0.34692905887954295, 0.1761809448848728
0.34232661482304394, 0.14404956359516807
0.3396286303761308, 0.16152308651483482
0.34915092842405965, 0.14826056695349243
0.33121726710046023, 0.1389447736405598
0.33391525154737345, 0.15749837685694212
0.34264402475797495, 0.1525278916631101
0.34232661482304394, 0.1648619653350647
0.3361371210918902, 0.15815488835072944
0.34438977940009524, 0.14632135935359614
0.3385176956038724, 0.1372221866225607
0.33883510553880336, 0.1523589276092301
0.34137438501825107, 0.15220396832785432
0.34327884462783687, 0.1619509877294012
0.3285192826535471, 0.14065103854959726
0.3410569750833201, 0.13970526301365782
0.34661164894461194, 0.13590483122334807
0.333439136644977, 0.15228628414897538
0.3385176956038724, 0.14446879998645867
0.33391525154737345, 0.141355206571402
0.34058086018092365, 0.15112388803113852
0.35089668306618, 0.15181072640639148
0.34930963339152515, 0.159096331475031
0.34423107443262974, 0.16167905333380084
0.32931280749087444, 0.15243691101871326
0.3404221552134582, 0.15212165250673337
0.33629582605935565, 0.14920634248943188
0.3410569750833201, 0.16039202481605386
0.33550230122202823, 0.15273050747250327
0.3308998571655293, 0.1581852152321951
0.3361371210918902, 0.141648803025192
0.3445484843675607, 0.1477210305739296
0.3437549595302333, 0.14922367213598375
0.3402634502459927, 0.16186000708500436
0.3453420092048881, 0.14868413575642092
0.34994445326138707, 0.1431861038803497
0.3367719409617521, 0.16191199602465967
0.3332804316775115, 0.15466538266076169
0.35359466751309315, 0.1540478628717159
0.32836057768608157, 0.1384398965541006
0.34565941913981907, 0.14884775986107268
0.34058086018092365, 0.14227932004915167
0.3488335184891287, 0.14256425167966602
0.33883510553880336, 0.16219259524353602
0.33439136644976986, 0.15656993096755445
0.33693064592921756, 0.1502820903745098
0.34312013966037136, 0.15726976657772118
0.3332804316775115, 0.14800162979280596
0.3415330899857166, 0.15505429217058664
0.33994604031106174, 0.1458381443253266
0.33216949690525316, 0.15913965559141052
0.33804158070147594, 0.1587897377863271
0.3429614346929059, 0.13640970830980736
0.34010474527852724, 0.14629969729540637
0.33629582605935565, 0.14856716064219633
0.3342326614823044, 0.152834485351814
0.3447071893350262, 0.1549069901748964
0.34613553404221553, 0.15589175741557748
0.33883510553880336, 0.15242391378379938
0.34597682907475, 0.16232690000431227
0.3464529439771465, 0.15613769734135008
0.3383589906364069, 0.16265515575120593
0.3439136644976988, 0.15720911281479
0.3340739565148389, 0.145427572757312
0.3478812886843358, 0.15886772119581005
0.3455007141723536, 0.1581202290576259
0.3415330899857166, 0.1546480530142098
0.33010633232820186, 0.14600610084161636
0.3408982701158546, 0.15181505881802937
0.3489922234565942, 0.14865814128659316
0.3489922234565942, 0.14472340473550727
0.3391525154737343, 0.15172841058527053
0.34661164894461194, 0.1611775011213893
0.3361371210918902, 0.14911536184503504
0.33264561180764957, 0.15875074608158546
0.34930963339152515, 0.16026638487855338
0.34692905887954295, 0.15237625725578197
0.33455007141723536, 0.15202633945069854
0.33693064592921756, 0.15301543910301751
0.3439136644976988, 0.16318602730749276
0.35295984764323124, 0.17781355879606509
0.34423107443262974, 0.1492973231338287
0.33804158070147594, 0.14543190516894988
0.34010474527852724, 0.15723943969625565
0.34010474527852724, 0.13470878334999803
0.33629582605935565, 0.15723077487297976
0.3428027297254404, 0.15150846512932548
0.34946833835899066, 0.15533055897782488
0.3396286303761308, 0.14981952986683977
0.3447071893350262, 0.14065537096123526
0.3342326614823044, 0.15308042527758658
0.3408982701158546, 0.15882872949106863
0.33804158070147594, 0.16015474971355703
0.33804158070147594, 0.13027682699813847
0.34597682907475, 0.1583705013950365
0.3472464688144739, 0.13483341574990815
0.3488335184891287, 0.15496764393782758
0.3350261863196318, 0.15459173166291662
0.3348674813521663, 0.14989751327632284
0.34867481352166324, 0.14918468043124222
0.3428027297254404, 0.1581245614692638
0.3393112204411998, 0.15457440201636485
0.33455007141723536, 0.14179942989493
0.33550230122202823, 0.15504562734731075
0.33756546579907953, 0.1542981352091265
0.34502459926995716, 0.1451166466569701
0.34185049992064753, 0.1603746951695021
0.34565941913981907, 0.16677951087677134
0.337406760831614, 0.15147380583622194
0.3393112204411998, 0.15139582242673888
0.3531185526106967, 0.15269151576776174
0.32947151245833994, 0.15979183467355973
0.3429614346929059, 0.13745946172505752
0.34740517378193936, 0.1618946663781079
0.34867481352166324, 0.15825453381840227
0.34232661482304394, 0.15118020938243182
0.3451833042374226, 0.14127722316191893
0.350579273131249, 0.15670322819074056
0.3532772575781622, 0.15584410088755996
0.3434375495953023, 0.13470878334999803
0.33455007141723536, 0.14601909807653013
0.34010474527852724, 0.16508624320264764
0.3396286303761308, 0.14799296496953007
0.34327884462783687, 0.1349243963943051
0.33026503729566736, 0.1491933452545181
0.3358197111569592, 0.1398309029511582
0.33470877638470087, 0.13535663002050946
0.3507379780987145, 0.16799288839667315
0.3415330899857166, 0.14602343048816813
0.354546897317886, 0.16587272704557343
0.32645611807649577, 0.14127289075028104
0.3383589906364069, 0.14444280551663102
0.346294239009681, 0.14922367213598375
0.3577209966671957, 0.15008279943916425
0.3307411521980638, 0.15596107600178455
0.33708935089668307, 0.13875948747771838
0.34565941913981907, 0.14984119192502954
0.3361371210918902, 0.1488347626261588
0.3367719409617521, 0.15686352742134457
0.35042056816378353, 0.15876807572813734
0.3358197111569592, 0.14795397326478854
0.3386764005713379, 0.15999011807131513
0.33375654657990794, 0.15019110973011296
0.3307411521980638, 0.15078696746096898
0.35280114267576573, 0.16163572921742142
0.3408982701158546, 0.16166172368724907
0.34185049992064753, 0.15270884541431362
0.33439136644976986, 0.150108793908992
0.3445484843675607, 0.1514348141314804
0.3434375495953023, 0.16645125512987768
0.33978733534359623, 0.16224458418319132
0.34137438501825107, 0.1437949588461196
0.33693064592921756, 0.13643570277963502
0.33804158070147594, 0.15885039154925829
0.3396286303761308, 0.15528290244980747
0.32947151245833994, 0.15463072336765815
0.33899381050626887, 0.14391626637198207
0.33264561180764957, 0.1574680499754766
0.34137438501825107, 0.15881139984451687
0.3367719409617521, 0.14504299565912504
0.3445484843675607, 0.15794794012969826
0.35534042215521344, 0.16573408987315907
0.33201079193778765, 0.1409879591197668
0.34185049992064753, 0.155317561742911
0.34137438501825107, 0.15438911585352344
0.3428027297254404, 0.16064662956510245
0.3497857482939216, 0.15819388005547097
0.3348674813521663, 0.14956925752942918
0.34565941913981907, 0.1507263136980378
0.32947151245833994, 0.1445121241028382
0.3351848912870973, 0.13804665463263777
0.3351848912870973, 0.15025609590468203
0.3402634502459927, 0.15526124039161782
0.34185049992064753, 0.14637768070488943
0.3435962545627678, 0.15004380773442272
0.33708935089668307, 0.14698653567065934
0.3393112204411998, 0.1389967625802152
0.3488335184891287, 0.1673493741377997
0.34264402475797495, 0.13968360095546806
0.3410569750833201, 0.15201334221578477
0.341691794953182, 0.1626074992231885
0.3393112204411998, 0.1552655728032558
0.34930963339152515, 0.15136116313363535
0.3367719409617521, 0.15435878897205768
0.33010633232820186, 0.1520523339205262
0.3481986986192668, 0.1437992912577576
0.34692905887954295, 0.15342601067103212
0.3396286303761308, 0.1431774390570738
0.3329630217425805, 0.14698653567065934
0.3428027297254404, 0.1620029766690565
0.342009204888113, 0.14954759547123941
0.3342326614823044, 0.14798863255789207
0.34073956514838916, 0.14065970337287315
0.34264402475797495, 0.15957088168002465
0.34248531979050945, 0.1561290325180742
0.3472464688144739, 0.15463505577929615
0.341691794953182, 0.14678391986126604
0.33820028566894145, 0.1642531103692948
0.3367719409617521, 0.1568505301864308
0.3440723694651643, 0.14351435962724324
0.3435962545627678, 0.1569025191260861
0.3280431677511506, 0.13610311462110336
0.34121568005078556, 0.153732604359736
0.33280431677511507, 0.15602606217635373
0.33978733534359623, 0.15622001316247114
0.33804158070147594, 0.1530284363379314
0.33978733534359623, 0.15215197938819902
0.3396286303761308, 0.14127722316191893
0.3429614346929059, 0.14455544821921762
0.34010474527852724, 0.16921493073985094
0.3429614346929059, 0.15308475768922458
0.34121568005078556, 0.14667127715867945
0.33629582605935565, 0.1550153004658451
0.3455007141723536, 0.1654664878891966
0.3348674813521663, 0.14233130898880708
0.3415330899857166, 0.16290976050025452
0.34930963339152515, 0.1613378003519934
0.3372480558641485, 0.15330470314516964
0.3477225837168703, 0.15780497054564602
0.34867481352166324, 0.1561810214577296
0.341691794953182, 0.1335897113485407
0.3402634502459927, 0.1486408116400415
0.3453420092048881, 0.1659756973872939
0.34264402475797495, 0.15686352742134457
0.3453420092048881, 0.16422278348782915
0.32598000317409936, 0.13712254115488787
0.3394699254086653, 0.14764304716444665
0.34502459926995716, 0.1358875015767963
0.33883510553880336, 0.14417520353266855
0.3348674813521663, 0.1577703112525426
0.3367719409617521, 0.12655437861731178
0.33883510553880336, 0.15325271420551434
0.3332804316775115, 0.143838282962499
0.33566100618949374, 0.15402186840188814
0.34502459926995716, 0.15106323426820734
0.33629582605935565, 0.15712246458203105
0.33994604031106174, 0.1520480015088883
0.337724170766545, 0.15870742196520615
0.3478812886843358, 0.14284918331018015
0.34327884462783687, 0.15470437436550322
0.34327884462783687, 0.16656289029487403
0.3429614346929059, 0.1497588761039086
0.3410569750833201, 0.13365902993474776
0.33391525154737345, 0.15054969235847215
0.3404221552134582, 0.143238092820005
0.3501031582288526, 0.14829955865823397
0.33312172671004603, 0.14347970033413981
0.34438977940009524, 0.1520480015088883
0.3404221552134582, 0.15110222597294876
0.3396286303761308, 0.1552699052148937
0.3402634502459927, 0.15007846702752636
0.3372480558641485, 0.13295486191294315
0.33820028566894145, 0.1460970814860132
0.34327884462783687, 0.16246019722749838
0.3534359625456277, 0.14795830567642643
0.3394699254086653, 0.1616400616290593
0.34438977940009524, 0.1465932937491965
0.33470877638470087, 0.13914406457590522
0.3421679098555785, 0.15237625725578197
0.33439136644976986, 0.1599034698385563
0.3429614346929059, 0.13834891590970366
0.3451833042374226, 0.15883306190270652
0.34185049992064753, 0.1447537316169729
0.34058086018092365, 0.16292709014680629
0.34137438501825107, 0.14867980334478292
0.342009204888113, 0.14952593341304965
0.33708935089668307, 0.14084498953571456
0.3285192826535471, 0.15370227747827037
0.3310585621329948, 0.16075927226768905
0.3464529439771465, 0.15148680307113582
0.3445484843675607, 0.15989047260364242
0.3410569750833201, 0.14574283126929177
0.3539120774480241, 0.1544064455000752
0.341691794953182, 0.14917601560796634
0.3351848912870973, 0.14163147337864024
0.3329630217425805, 0.13559823753464417
0.3437549595302333, 0.14915868596141457
0.3404221552134582, 0.1561853538693675
0.34661164894461194, 0.15495031429127593
0.3272496429138232, 0.15378459329939143
0.33566100618949374, 0.14200738565355142
0.35121409300111095, 0.15278249641215857
0.34740517378193936, 0.16381654433145243
0.3402634502459927, 0.1485931551120241
0.33820028566894145, 0.1527738315888827
0.3521663228059038, 0.14832122071642373
0.3445484843675607, 0.1567985412467754
0.34438977940009524, 0.14462809167947244
0.35042056816378353, 0.15406519251826767
0.33470877638470087, 0.14697787084738345
0.3415330899857166, 0.14055139308192455
0.34502459926995716, 0.17743764652115412
0.3447071893350262, 0.17402612424066932
0.33629582605935565, 0.14917168319632845
0.3350261863196318, 0.16190766361302167
0.33264561180764957, 0.15079996469588286
0.33439136644976986, 0.14064670613795938
0.341691794953182, 0.1529634501633622
0.34740517378193936, 0.15943758445683853
0.34930963339152515, 0.14131621486666046
0.34232661482304394, 0.15936393345899347
0.3451833042374226, 0.151391490015101
0.33566100618949374, 0.14977620575046036
0.34486589430249165, 0.16417079454817385
0.34740517378193936, 0.16479264674885752
0.34137438501825107, 0.1520523339205262
0.34327884462783687, 0.13169382786502382
0.34058086018092365, 0.13974858713003724
0.3383589906364069, 0.1619553201410392
0.33391525154737345, 0.14441681104680337
0.33645453102682116, 0.13672929923342514
0.3521663228059038, 0.15594807876687067
0.3439136644976988, 0.16697779427452653
0.3408982701158546, 0.1511932066173457
0.3515315029360419, 0.16326401071697583
0.33693064592921756, 0.14607541942782343
0.33994604031106174, 0.14061204684485573
0.33708935089668307, 0.1624428675809465
0.350261863196318, 0.15663058473048574
0.3434375495953023, 0.16259450198827474
0.33978733534359623, 0.15497197634946558
0.3445484843675607, 0.15262219718155468
0.3335978416124425, 0.14535825417110493
0.3402634502459927, 0.1527218426492274
0.35422948738295507, 0.16712076385857888
0.34915092842405965, 0.15125819279191488
0.3372480558641485, 0.1412945528084708
0.34597682907475, 0.1693535679122652
0.33978733534359623, 0.16005510424588432
0.3447071893350262, 0.14732345624082888
0.3480399936518013, 0.147314791417553
0.3335978416124425, 0.14943495276865282
0.3361371210918902, 0.14402790153697853
0.3421679098555785, 0.1520523339205262
0.3415330899857166, 0.139761584364951
0.34756387874940486, 0.15722211004970388
0.34438977940009524, 0.16453804199980893
0.3489922234565942, 0.16737103619598936
0.341691794953182, 0.15309342251250047
0.34438977940009524, 0.14811427249539255
0.3521663228059038, 0.1372698431505781
0.34851610855419773, 0.16326401071697583
0.3366132359942866, 0.15941592239864877
0.34423107443262974, 0.14003351876055148
0.3447071893350262, 0.14957358994106718
0.34915092842405965, 0.1581288938809018
0.3464529439771465, 0.15739006656599341
0.3410569750833201, 0.15835317174848473
0.34010474527852724, 0.13349873070414386
0.3421679098555785, 0.1521173200950955
0.3507379780987145, 0.16125548453087235
0.3569274718298683, 0.15524391074506605
0.3393112204411998, 0.14604942495799567
0.33216949690525316, 0.15564148507816677
0.3316933820028567, 0.1544541020280925
0.34312013966037136, 0.16013742006700526
0.33566100618949374, 0.14291416948474933
0.34930963339152515, 0.14227498763751378
0.3437549595302333, 0.15452241307670955
0.33566100618949374, 0.13969226577874394
0.342009204888113, 0.17105016046043653
0.34327884462783687, 0.151253860380277
0.3523250277733693, 0.1641404676667082
0.3378828757340105, 0.15025609590468203
0.3632756705284875, 0.15269584817939974
0.3455007141723536, 0.14316877423379792
0.346294239009681, 0.1645033827067054
0.33121726710046023, 0.14503866324748715
0.3359784161244247, 0.14421419523741008
0.3445484843675607, 0.15738140174271764
0.34565941913981907, 0.1645077151183434
0.3372480558641485, 0.16130747347052765
0.34232661482304394, 0.1527218426492274
0.3437549595302333, 0.15335235967318706
0.3521663228059038, 0.14984119192502954
0.34661164894461194, 0.15713112940530705
0.34010474527852724, 0.1568505301864308
0.342009204888113, 0.15014778561373343
0.3367719409617521, 0.14543623758058788
0.3483574035867323, 0.14976320851554648
0.3305824472305983, 0.14541457552239812
0.33883510553880336, 0.16099654737018587
0.3434375495953023, 0.15206099874380208
0.33756546579907953, 0.15116287973588005
0.3350261863196318, 0.155028297700759
0.337724170766545, 0.1502214366115786
0.341691794953182, 0.16026638487855338
0.34565941913981907, 0.1498585215715813
0.33899381050626887, 0.15881573225615475
0.3472464688144739, 0.15617235663445372
0.337724170766545, 0.14854983099564467
0.3477225837168703, 0.1456778450947227
0.3458181241072846, 0.1543544565604198
0.3404221552134582, 0.15753303615004577
0.34692905887954295, 0.13793068705600342
0.35184891287097286, 0.15364595612697718
0.3415330899857166, 0.16580774087100414
0.3447071893350262, 0.16331599965663124
0.3307411521980638, 0.14316877423379792
0.3472464688144739, 0.13810297598393095
0.34185049992064753, 0.16457703370455046
0.3335978416124425, 0.15597840564833632
0.34010474527852724, 0.14382095331594735
0.33994604031106174, 0.15689385430281022
0.3350261863196318, 0.1539915415204226
0.3428027297254404, 0.17391348153808273
0.3447071893350262, 0.15962287061967995
0.34661164894461194, 0.15176740229001207
0.3402634502459927, 0.16988010705691414
0.33645453102682116, 0.14338871968974298
0.346294239009681, 0.14984985674830542
0.333439136644977, 0.15652227443953715
0.35121409300111095, 0.15932927416588982
0.3408982701158546, 0.1521043228601816
0.32756705284875415, 0.15275216953069304
0.3523250277733693, 0.1637439008711976
0.3429614346929059, 0.14927132866400117
0.3435962545627678, 0.15880273502124087
0.34248531979050945, 0.16091423154906492
0.34058086018092365, 0.15395254981568107
0.34661164894461194, 0.16392052221076314
0.3367719409617521, 0.15175440505509818
0.34327884462783687, 0.15245424066526492
0.3393112204411998, 0.15650494479298527
0.34264402475797495, 0.16803188010141468
0.3299476273607364, 0.14615773524894438
0.3434375495953023, 0.14224032834441025
0.3439136644976988, 0.15346933478741165
0.3394699254086653, 0.16060330544872303
0.34438977940009524, 0.15320072526585893
0.33439136644976986, 0.15727843140099707
0.3402634502459927, 0.16757365200538266
0.3361371210918902, 0.15687219224462046
0.34851610855419773, 0.16828215243882538
0.3434375495953023, 0.1392513673292637
0.33994604031106174, 0.13852654478685944
0.32026662434534203, 0.13235033935881113
0.34058086018092365, 0.1663342800156531
0.3394699254086653, 0.160983550135272
0.34423107443262974, 0.1534433403175839
0.34312013966037136, 0.17274776054619823
0.350261863196318, 0.1492583314290873
0.35613394699254086, 0.15181072640639148
0.342009204888113, 0.16104853630984128
0.34073956514838916, 0.15584843329919795
0.34327884462783687, 0.15493298464472416
0.3350261863196318, 0.15365462095025306
0.337724170766545, 0.15330903555680753
0.3348674813521663, 0.15268285094448586
0.3350261863196318, 0.1504717089489892
0.3396286303761308, 0.151698083703805
0.3439136644976988, 0.16726272590504077
0.33566100618949374, 0.14598877119506448
0.3445484843675607, 0.15184971811113301
0.3470877638470084, 0.15755903061987342
0.3428027297254404, 0.15728276381263506
0.3451833042374226, 0.1651598942004927
0.3383589906364069, 0.14443847310499314
0.34121568005078556, 0.14000319187908583
0.35534042215521344, 0.15933360657752782
0.33994604031106174, 0.15064399787691685
0.3421679098555785, 0.14230098210734143
0.33470877638470087, 0.15073931093295168
0.3501031582288526, 0.15121053626389747
0.33391525154737345, 0.15906600459356535
0.3458181241072846, 0.15555483684540783
0.3458181241072846, 0.1587420812583097
0.3429614346929059, 0.1486928005796968
0.33121726710046023, 0.15330903555680753
0.34502459926995716, 0.16197264978759096
0.3335978416124425, 0.1371095439199741
0.34232661482304394, 0.16039635722769185
0.35089668306618, 0.1594592465150283
0.34423107443262974, 0.1682691552039115
0.33375654657990794, 0.15079563228424486
0.3394699254086653, 0.1570401487609101
0.33708935089668307, 0.14963424370399836
0.33550230122202823, 0.15339568378956647
0.350579273131249, 0.1657167602266073
0.34613553404221553, 0.13493306121758097
0.33201079193778765, 0.1467016040401451
0.3383589906364069, 0.1459801063717886
0.3434375495953023, 0.1573087582824627
0.34565941913981907, 0.15431979726731626
0.3455007141723536, 0.1664339254833258
0.342009204888113, 0.15530023209635924
0.34010474527852724, 0.14951293617813588
0.34121568005078556, 0.15560682578506313
0.34692905887954295, 0.14163580579027824
0.33185208697032215, 0.14358367821345053
0.34264402475797495, 0.15323105214732458
0.3447071893350262, 0.16654556064832216
0.3472464688144739, 0.15999011807131513
0.3421679098555785, 0.14272888332190792
0.3391525154737343, 0.1463950103514412
0.33566100618949374, 0.15885039154925829
0.3439136644976988, 0.16160540233595577
0.337724170766545, 0.14636901588161344
0.3329630217425805, 0.1400161891139997
0.3507379780987145, 0.13332210936457833
0.34010474527852724, 0.15680720607005127
0.34264402475797495, 0.14826056695349243
0.3539120774480241, 0.15520058662868652
0.3408982701158546, 0.14701253014048699
0.33708935089668307, 0.15381925259249496
0.34185049992064753, 0.1559870704716123
0.3408982701158546, 0.1613897892916486
0.3480399936518013, 0.1514998003060496
0.33629582605935565, 0.14008550770020678
0.3440723694651643, 0.1453755838176567
0.32931280749087444, 0.13622008973532795
0.34915092842405965, 0.15363729130370118
0.3429614346929059, 0.15043271724424767
0.34946833835899066, 0.14126855833864305
0.3342326614823044, 0.17687644808340153
0.34946833835899066, 0.15744205550564883
0.3458181241072846, 0.15082162675407262
0.3332804316775115, 0.136137773914207
0.3351848912870973, 0.14559986168523964
0.34740517378193936, 0.1448187177915421
0.3497857482939216, 0.15650061238134738
0.3455007141723536, 0.14888241915417622
0.3372480558641485, 0.15234159796267832
0.3451833042374226, 0.16135946241018306
0.3435962545627678, 0.1613897892916486
0.3340739565148389, 0.1645640364696367
0.3358197111569592, 0.15524391074506605
0.3285192826535471, 0.14666261233540367
0.3437549595302333, 0.1701607062757905
0.34565941913981907, 0.1491500211381387
0.3393112204411998, 0.1445034592795622
0.3524837327408348, 0.15816788558564332
0.3429614346929059, 0.15470004195386522
0.33994604031106174, 0.14997982909744378
0.342009204888113, 0.14923233695925964
0.3470877638470084, 0.15650927720462326
0.34312013966037136, 0.1473711127688463
0.3247103634343755, 0.14976754092718447
0.3393112204411998, 0.161285811412338
0.3324869068401841, 0.14828656142332008
0.3394699254086653, 0.14157948443898494
0.33391525154737345, 0.1497502112806326
0.3310585621329948, 0.13698823639411162
0.34327884462783687, 0.15112822044277652
0.3429614346929059, 0.15181072640639148
0.3323282018727186, 0.1456735126830847
0.33645453102682116, 0.1505756868282998
0.3342326614823044, 0.15111955561950063
0.3434375495953023, 0.14065537096123526
0.333439136644977, 0.13540761142257463
0.3477225837168703, 0.1462910324721305
0.3453420092048881, 0.16064229715346445
0.34010474527852724, 0.1597528429688183
0.3428027297254404, 0.14480572055662821
0.3539120774480241, 0.14867113852150704
0.3507379780987145, 0.17244983168077022
0.3385176956038724, 0.16009409595062585
0.3383589906364069, 0.14474073438205903
0.3386764005713379, 0.1431774390570738
0.3458181241072846, 0.1536936126549946
0.33391525154737345, 0.13240232829846643
0.3435962545627678, 0.14286218054509403
0.34137438501825107, 0.14642966964454485
0.333439136644977, 0.14159248167389882
0.34502459926995716, 0.16826482279227362
0.34915092842405965, 0.1582285393485745
0.33264561180764957, 0.14194673189062001
0.3483574035867323, 0.12979794438150694
0.3393112204411998, 0.15547685343592488
0.32931280749087444, 0.14704718943359063
0.3394699254086653, 0.16089690190251305
0.3359784161244247, 0.14277553231233509
0.35105538803364544, 0.16385553603619396
0.3404221552134582, 0.15458739925127862
0.33629582605935565, 0.16124248729595858
0.3361371210918902, 0.14860181993529997
0.3366132359942866, 0.14259024614949356
0.3353435962545628, 0.15523091351015217
0.3297889223932709, 0.14187308089277506
0.3408982701158546, 0.15153879201079112
0.3396286303761308, 0.13967926854383006
0.34010474527852724, 0.14156215479243317
0.3477225837168703, 0.14092297294519762
0.3453420092048881, 0.16229224071120874
0.34692905887954295, 0.16188600155483202
0.3404221552134582, 0.1663299476040151
0.3439136644976988, 0.15750270926858012
0.3488335184891287, 0.14641667240963097
0.3451833042374226, 0.15720911281479
0.34010474527852724, 0.1708692067092331
0.3435962545627678, 0.15522224868687629
0.34232661482304394, 0.1610398714865653
0.33693064592921756, 0.14220133663966872
0.34915092842405965, 0.15464372060257203
0.33883510553880336, 0.143838282962499
0.3323282018727186, 0.15213464974164714
0.3489922234565942, 0.1549026577632585
0.34264402475797495, 0.15773998437107684
0.337724170766545, 0.15279549364707246
0.33693064592921756, 0.15367628300844283
0.33899381050626887, 0.15554183961049406
0.3408982701158546, 0.14791064914840912
0.3386764005713379, 0.1378223767650547
0.33899381050626887, 0.14604076013471978
0.3342326614823044, 0.14107027494088775
0.34661164894461194, 0.15020843937666473
0.34232661482304394, 0.15028642278614768
0.33883510553880336, 0.1492453341941734
0.33883510553880336, 0.1545440751348992
0.3445484843675607, 0.14289250742655957
0.34058086018092365, 0.15518325698213464
0.3297889223932709, 0.14643833446782073
0.3367719409617521, 0.14794530844151266
0.3315346770353912, 0.13684627434764962
0.34264402475797495, 0.16131180588216565
0.35375337248055866, 0.17460465232497369
0.33883510553880336, 0.1393510127969364
0.33645453102682116, 0.15720911281479
0.33645453102682116, 0.15808990217616037
0.34185049992064753, 0.16545782306592083
0.3439136644976988, 0.15403053322516402
0.3385176956038724, 0.15912665835649664
0.33994604031106174, 0.14034011244925537
