ATE real, ATE estimado
1.0000000000000013, 0.9630414425134658
0.9999999999999978, 1.0614147358920387
0.9999999999999953, 1.0387775815256297
0.9999999999999992, 1.0118899625601632
1.0000000000000002, 1.0207862544209332
0.9999999999999983, 1.0115114448980307
1.0000000000000029, 1.0287390041650233
1.0000000000000029, 1.0286736255789195
0.9999999999999989, 1.014305800553919
1.0000000000000004, 1.0094634301956986
0.9999999999999968, 0.9626502132915974
1.0000000000000018, 0.9650132194384271
0.9999999999999983, 1.02282268003667
0.999999999999998, 1.096552065141733
0.9999999999999988, 0.985038605054763
1.0000000000000002, 0.9964412706238228
1.0000000000000053, 0.962663536851662
1.0000000000000004, 0.9971763065132764
0.9999999999999956, 1.033848629800667
0.999999999999998, 1.0956782124258142
1.0000000000000004, 1.0378920291805984
0.9999999999999991, 1.0555309608499264
0.9999999999999984, 0.9689198680506432
1.000000000000001, 1.0283287636816738
0.9999999999999997, 0.9227089400442522
1.0000000000000007, 1.0870107344381486
0.9999999999999993, 0.9614668226308933
0.9999999999999984, 1.0197810184768368
0.9999999999999999, 1.001554291191699
0.9999999999999989, 0.9487682556512976
1.0000000000000013, 0.9217734386505354
1.000000000000002, 1.0241546338761678
1.0000000000000009, 1.076413527919198
1.0000000000000033, 0.9116996419008891
0.9999999999999999, 1.0617516700481626
1.0000000000000022, 0.9310715309962662
1.0000000000000016, 0.9671921075456458
1.0000000000000013, 1.0414130875068333
0.9999999999999984, 0.9687616491401957
0.9999999999999993, 1.010908336690842
1.0000000000000013, 0.9868215483194248
1.0000000000000007, 0.9882119245777224
0.9999999999999997, 0.9570980629855232
1.0000000000000018, 0.9631098754112437
0.9999999999999983, 0.916776473057154
1.0000000000000027, 1.0170807925263885
0.9999999999999973, 1.0522972942720217
0.9999999999999978, 1.0189840990428993
1.0, 1.0778329496117056
0.9999999999999999, 1.021247397873704
0.9999999999999989, 1.0084918909674623
1.0, 0.9897824986201753
0.9999999999999993, 1.0522207404017114
1.0000000000000016, 1.0583770214594452
0.9999999999999988, 0.979511519877462
1.0000000000000038, 0.9966470272890198
1.0000000000000007, 1.0277135238356503
1.0000000000000002, 1.014568228631533
0.9999999999999983, 0.9773678253113249
0.9999999999999997, 1.0318036410288776
0.9999999999999992, 1.0346747222980992
1.0000000000000007, 0.9173871966778665
1.0000000000000007, 0.9690732162954621
1.0000000000000007, 0.945791041676172
1.0000000000000024, 1.071735741711522
1.0000000000000053, 1.0791856320745221
0.9999999999999972, 0.990273594372103
0.9999999999999983, 0.9566370836367598
1.000000000000002, 0.9763971015340478
1.0000000000000009, 1.0087708525137273
1.0000000000000016, 1.0491223022156135
1.0000000000000013, 1.0352101051284366
1.0000000000000007, 0.9138268396623387
0.9999999999999983, 0.97538683543694
1.000000000000001, 0.960047266253301
1.0000000000000027, 1.0141718349827822
1.0000000000000018, 1.025057413255946
0.9999999999999969, 0.9853153222268617
1.0000000000000009, 0.9539273245845882
0.9999999999999988, 1.0289708920257932
1.0, 1.059494288916613
0.9999999999999993, 1.0088537048378006
0.9999999999999999, 0.913618794481697
0.9999999999999984, 0.9728925744468617
0.9999999999999988, 1.050792006014428
1.0000000000000022, 0.9272938686181711
0.9999999999999968, 1.043195314208218
0.9999999999999989, 1.0951558405733677
1.0000000000000004, 1.0819046830044154
1.0000000000000024, 0.9479698664999935
1.0000000000000022, 0.9624144190191956
1.0000000000000007, 1.0305697382988819
1.0000000000000013, 0.9715986876976976
0.999999999999998, 1.0289259292925212
1.0000000000000018, 0.9516023237500901
0.9999999999999978, 1.026170771290784
0.9999999999999978, 0.9499514966614142
0.9999999999999986, 0.8778868421299897
0.9999999999999984, 1.0754391583899616
0.9999999999999952, 0.9779919380922774
0.9999999999999991, 1.0055773618126276
0.9999999999999992, 1.055881297337531
1.0000000000000013, 0.8689892868371201
0.9999999999999984, 1.0072491374392705
1.0000000000000033, 1.079125699408856
1.0000000000000018, 1.013643949358036
1.0000000000000009, 0.9929802654998571
1.0000000000000022, 1.0095013539762134
1.0000000000000007, 0.9188027845795093
1.0000000000000002, 0.9717556424348963
0.9999999999999999, 1.0202026086166691
1.0000000000000002, 0.982642977777501
1.0000000000000029, 0.9642756800205781
1.0000000000000002, 0.9486256549227934
1.0000000000000018, 0.9734709153508578
0.9999999999999968, 1.0490944810245024
1.0000000000000004, 1.1314362726249043
1.0000000000000022, 0.9421098854340735
0.9999999999999999, 0.9983785257831435
1.0000000000000007, 1.0337728808799302
1.0000000000000002, 0.9886672004298068
1.0000000000000009, 0.9346915131338157
1.0000000000000007, 1.0290581287119234
0.9999999999999992, 0.957865224314778
1.0000000000000002, 1.0037101360859253
1.000000000000003, 0.924433268059863
0.9999999999999996, 1.0063517765944872
0.9999999999999986, 0.974059876771379
0.999999999999998, 0.9862248648592323
0.9999999999999993, 0.9849045804897115
1.0000000000000018, 0.948009603387254
0.9999999999999968, 1.0300154408738555
1.0000000000000022, 1.101642661009119
0.9999999999999983, 0.9827533925494202
0.9999999999999971, 1.0522462493909008
1.000000000000001, 0.9278630250405185
1.0000000000000016, 0.880474567517153
1.0000000000000002, 0.9932364877347565
1.000000000000003, 0.9491662973663789
1.0000000000000027, 0.9789536790354754
1.0000000000000033, 1.0166409611262768
0.9999999999999988, 1.0786335179455324
0.9999999999999973, 0.9700849090722895
1.0000000000000002, 1.0952164647213365
1.0, 1.0880495854632253
0.9999999999999999, 0.9471683171210108
1.0000000000000007, 0.9619640009860447
0.9999999999999986, 0.9851399639483153
1.000000000000002, 0.944391812308035
0.9999999999999948, 1.044617113210827
0.9999999999999977, 1.0795669836184776
0.9999999999999996, 0.9030474028537221
0.9999999999999972, 1.048908568309542
0.9999999999999968, 1.0801707582721438
0.9999999999999948, 0.9331598694489914
0.999999999999998, 0.9374026721629106
1.0, 1.0215875979286255
1.0000000000000016, 1.0124595955999363
1.0000000000000002, 0.9626826415560946
1.0000000000000027, 0.9796259767674245
1.0000000000000016, 1.0794192400867038
1.0000000000000002, 1.060356449898137
0.9999999999999989, 1.0005446748142541
0.9999999999999973, 0.9822997932367185
1.0000000000000009, 1.005410069889249
0.9999999999999963, 1.0835743025614193
1.0000000000000033, 0.8711348259492633
0.999999999999998, 1.1108820933244112
0.9999999999999984, 0.9059088954288379
1.0000000000000004, 1.0603705480668835
0.9999999999999953, 0.9676165727725428
0.9999999999999971, 0.9774608292079058
1.0000000000000007, 1.0905529620412513
1.0, 0.9633027934905917
0.9999999999999957, 0.9453118414690838
1.0000000000000002, 1.0095973282388133
1.000000000000001, 1.0697796275649119
0.9999999999999997, 0.8736497995671368
1.0000000000000002, 0.9714107884580732
1.0000000000000002, 1.001343570481471
1.0000000000000007, 0.9508959865454616
0.9999999999999973, 0.9929887968176736
0.9999999999999989, 1.0303729471402119
0.9999999999999997, 1.0436892266192237
0.9999999999999997, 0.9579501179307266
1.0000000000000018, 1.007973399073992
1.0000000000000013, 0.9356235843262121
0.9999999999999997, 0.8909390000676933
1.0000000000000004, 0.933366384785025
0.999999999999998, 0.9565028507439093
0.9999999999999988, 1.010030618791573
1.000000000000004, 1.007937078096574
0.9999999999999989, 1.0341352762426144
0.999999999999996, 1.007608565308131
1.0000000000000013, 1.0357746318148524
1.0000000000000013, 0.9997161712448843
1.0000000000000018, 0.8978608329323381
0.999999999999998, 0.9174753569411802
0.999999999999995, 1.064484045533386
1.0000000000000009, 1.0344515401712975
1.0000000000000029, 1.0403907610178182
0.9999999999999973, 0.9675993275591109
0.9999999999999999, 1.0881031073084262
1.0000000000000022, 1.028656735176464
0.9999999999999993, 0.9401939258749409
1.0000000000000029, 0.9786726886195882
0.9999999999999981, 1.0111111779414552
0.9999999999999966, 1.0820174520538866
0.9999999999999976, 1.0022799889996383
1.0000000000000004, 1.045314759039465
1.0000000000000002, 0.9555184114328779
0.9999999999999978, 0.994346821843148
1.0000000000000016, 1.0564872692266267
1.000000000000001, 0.9557468943777697
0.9999999999999993, 1.1645163121024242
0.9999999999999999, 1.0427806553969394
0.999999999999996, 0.9809408759475389
0.9999999999999988, 0.9648820356096117
0.9999999999999996, 0.977352907847108
1.0000000000000058, 0.9409500181060301
0.9999999999999981, 0.9376878801188353
0.9999999999999964, 1.048077479440493
1.0000000000000004, 1.068040775861802
1.0000000000000022, 1.0208398944110522
1.0000000000000009, 0.9637401761094606
1.000000000000002, 1.0164700034152825
1.0000000000000007, 1.0966428884002888
0.9999999999999993, 0.9858082195959363
1.0000000000000013, 1.0984502371749192
0.9999999999999968, 1.093544728412647
0.9999999999999978, 0.9871231782171628
1.0000000000000024, 1.0325415681052321
0.9999999999999984, 0.9961669775769885
1.0000000000000013, 0.9586057904746512
0.9999999999999969, 1.0463948075721226
1.000000000000004, 0.9793208482516406
0.9999999999999981, 1.0099153820032656
1.0, 1.0042414739110477
1.0, 1.071574378648671
1.0000000000000036, 1.0826646368744828
0.9999999999999996, 1.043982380530531
1.0000000000000009, 1.1062266029394707
1.0000000000000007, 1.0090719426609112
0.9999999999999977, 1.007203336308468
0.9999999999999981, 0.9183360862249136
0.9999999999999986, 0.9941193050116592
0.9999999999999997, 1.0253181363351254
0.9999999999999996, 1.050940459526215
1.0000000000000002, 1.0574911944918928
1.0, 1.007974316481606
0.999999999999998, 1.0009991274168117
1.0000000000000013, 0.9988580336092194
1.000000000000002, 1.05728801975819
1.0000000000000018, 1.0000382091540512
0.9999999999999999, 0.9952498771899836
1.0000000000000002, 0.9866981914672304
1.0000000000000018, 1.0706607070472756
0.9999999999999999, 0.9655431330887677
0.9999999999999986, 0.9698822221757035
1.0000000000000016, 1.0791170126711747
0.9999999999999973, 0.9878727238472513
0.9999999999999968, 0.9713216767881079
1.0000000000000007, 0.9677651988836666
0.9999999999999991, 1.0224375968135053
1.0000000000000027, 1.0286590908078201
1.0000000000000018, 1.0551981834708444
1.0, 1.0135089157759571
0.9999999999999969, 0.9563980771158157
0.9999999999999956, 0.9878514863541343
0.9999999999999983, 0.9990601211748232
1.0000000000000002, 0.9337521655228076
1.0000000000000018, 0.8854347041953662
0.9999999999999997, 1.0565600772978794
1.000000000000003, 0.9825463046065119
1.0000000000000009, 1.1362144934526806
1.0000000000000024, 1.0905054533203504
1.0000000000000029, 0.9745812369361405
0.9999999999999981, 1.006953905411654
0.9999999999999999, 1.0074629234687376
0.9999999999999957, 0.9866560343236321
1.0000000000000024, 0.9878157546541025
0.9999999999999973, 1.0127507758430587
1.0, 0.9742211593481139
1.0000000000000018, 0.992542186862504
0.9999999999999993, 0.9792271457882445
1.0000000000000018, 0.9443041235652857
0.9999999999999956, 0.9679817566917482
0.9999999999999958, 1.0754162153251126
1.0000000000000044, 0.9969988517755048
0.9999999999999991, 0.9771342649160055
0.9999999999999983, 1.02749110137814
0.9999999999999988, 1.0030613859796564
0.9999999999999991, 0.8956622852371899
1.0000000000000007, 0.9980114687747044
0.9999999999999977, 0.9851628202130318
0.9999999999999993, 0.9382583089509857
0.9999999999999957, 0.9654532071972597
0.9999999999999997, 0.9713221598246856
1.0000000000000013, 1.030396458174012
1.0000000000000002, 1.0078395055333953
1.0000000000000029, 0.8872168162712875
0.9999999999999988, 0.9459045726231289
1.0000000000000022, 0.9037984939614652
1.0000000000000033, 1.0400747056073218
1.0000000000000018, 0.9147007363593308
1.0000000000000047, 1.0413975360988301
1.0000000000000013, 0.9103732929652768
0.9999999999999963, 0.9256696317614919
1.0000000000000053, 1.076803578113313
0.9999999999999997, 0.9439023619601278
0.9999999999999971, 0.9939207868450315
1.0000000000000002, 1.0633727854794803
1.0000000000000018, 0.953826505515812
0.9999999999999992, 1.0431488991659374
1.0000000000000024, 1.0186843764597469
1.0000000000000022, 0.9813959103704379
1.000000000000005, 1.000141839097259
0.9999999999999993, 1.0397233692644718
0.9999999999999996, 0.9980679366409003
1.0000000000000007, 1.0268527999299584
1.0000000000000013, 0.9894471874024934
0.9999999999999968, 0.9847990363053952
0.9999999999999988, 0.9742885699362178
1.0000000000000002, 1.0077200264997606
0.9999999999999988, 0.9034037372617435
0.9999999999999992, 1.0407892183946323
1.0000000000000013, 0.9607122226524527
1.0000000000000013, 1.0311620690749193
1.000000000000001, 1.1110201231520305
1.0000000000000033, 0.9503984037112743
0.9999999999999957, 1.1155970999543687
1.0000000000000018, 0.9682244399688008
1.0000000000000022, 1.148424158944064
0.9999999999999973, 1.0282915119533134
1.000000000000002, 1.058891179266907
1.0000000000000013, 0.9967759682404239
1.0000000000000022, 1.0437356733694023
0.9999999999999999, 1.0622156624379917
0.9999999999999993, 1.0657082734043517
1.0000000000000027, 0.9752508030195874
0.9999999999999964, 0.8832585916851311
1.0000000000000022, 1.014735045050453
1.000000000000001, 1.0568848037714056
1.0000000000000016, 1.0244337547178197
0.9999999999999973, 1.0766627957713062
1.0000000000000024, 0.9578057233280827
1.0000000000000033, 0.9554602966849086
0.999999999999996, 1.0349514071728414
1.0000000000000022, 1.0247487987998198
0.9999999999999991, 0.9747783859896367
0.9999999999999976, 0.9855827442548384
0.9999999999999999, 0.9522609681723586
0.9999999999999981, 1.0156258994557423
0.9999999999999981, 0.902929503359806
1.0000000000000029, 1.039208937412652
1.0000000000000018, 0.9553862197432532
0.9999999999999992, 0.9665084626535442
0.9999999999999991, 1.0001736534799368
0.9999999999999992, 0.9188872217065727
1.000000000000002, 0.9973406725670653
0.9999999999999981, 0.8858896600525487
1.0000000000000009, 1.0869651196017562
1.0000000000000013, 0.9653240489934889
1.000000000000003, 1.0642487744222038
0.9999999999999978, 0.9499792358298456
0.9999999999999997, 1.0300341775353785
0.9999999999999977, 0.9205497899323924
1.0000000000000009, 0.9900532567108321
0.9999999999999972, 1.0805088078602745
1.000000000000002, 0.9918048208275427
1.0000000000000002, 0.991167321679233
1.000000000000002, 1.0120120444266123
1.0000000000000022, 0.8658280258323905
0.9999999999999978, 0.9942407845425699
1.0000000000000022, 0.9568403880332582
1.0000000000000009, 1.006182441698411
0.9999999999999988, 1.0366389562436056
1.000000000000001, 1.0379013906247092
0.9999999999999981, 1.0528082976100643
1.0000000000000007, 0.962860040811526
0.9999999999999976, 1.0573765898108127
1.0000000000000007, 1.049207066196498
1.000000000000001, 1.0513936431502962
0.9999999999999986, 0.9989757948046566
1.0, 0.980443825785851
0.9999999999999993, 0.9646564410856988
1.0000000000000007, 0.9202460037199226
1.0000000000000004, 0.9681804849882122
0.9999999999999968, 1.102023750000309
0.9999999999999981, 0.9578388957860812
1.0000000000000013, 1.0053758788289844
1.0000000000000009, 0.9498359338104148
1.000000000000004, 0.8719801557825887
1.0000000000000016, 1.012626005700579
0.9999999999999986, 0.9913033571712264
1.0000000000000007, 0.9809620629686143
0.9999999999999989, 0.9702120327926831
0.9999999999999984, 1.0377718067662227
0.9999999999999977, 0.9723069129894625
1.0000000000000002, 1.0295007644654954
1.0000000000000002, 1.028007836986405
1.000000000000002, 0.9057024231930202
1.000000000000002, 1.0544916589217566
1.000000000000003, 1.02114516864179
0.9999999999999958, 1.0399773224060513
0.9999999999999989, 1.0218728527089724
0.9999999999999999, 1.0540302071572292
1.0000000000000038, 1.0333969305428845
0.9999999999999997, 0.9839708557781446
1.0000000000000002, 1.0549802613102706
1.0000000000000002, 0.9659022722860079
0.9999999999999988, 1.0321544192381127
0.9999999999999989, 1.1169959334589865
0.9999999999999999, 1.0265830410806474
1.0000000000000024, 1.0485163055523254
1.0000000000000009, 1.002528895720973
0.9999999999999997, 0.9985718144267096
0.9999999999999997, 1.0582950510298632
0.9999999999999986, 0.9622068770981155
1.0000000000000009, 0.9795594999598655
1.0000000000000018, 0.9477537273788845
0.9999999999999993, 1.018674891922099
1.0000000000000024, 1.0485452683825847
0.9999999999999981, 1.0914340427901639
1.0000000000000002, 1.0322827394584113
1.0000000000000007, 1.0524470819505123
1.0000000000000029, 0.95491260783171
1.0000000000000004, 0.9542679251899483
1.0000000000000002, 1.0604716599109196
0.9999999999999984, 1.116422062054132
1.0000000000000022, 0.9569290533855664
1.0000000000000018, 0.990912753505667
1.0000000000000004, 0.9476121222023886
1.0, 0.933723008233298
1.0, 1.0294557364565267
0.9999999999999993, 1.0968006300243893
1.0000000000000009, 0.9859724747332391
0.9999999999999978, 1.0710637643921792
0.9999999999999976, 1.0072119540089144
0.9999999999999993, 0.9639586171304433
1.0000000000000002, 1.0532894701841038
1.000000000000002, 1.0411521515785824
1.0000000000000007, 0.9035078463811135
0.9999999999999981, 1.0400156474302424
1.000000000000002, 0.9712592677759528
0.9999999999999992, 1.0647853209317977
1.0000000000000056, 0.9871599575732967
1.0000000000000018, 1.032754969612614
1.0000000000000018, 1.0358954365857476
1.0000000000000013, 1.0067038256705978
0.9999999999999981, 0.9367701264538708
1.0000000000000016, 1.0033535165225194
0.9999999999999989, 0.9950822838497038
1.0000000000000013, 1.0527865175345144
1.000000000000004, 1.0325812161180368
1.0000000000000029, 0.9670452783084785
0.9999999999999988, 0.9611517170755567
1.0000000000000013, 1.0283294438595179
1.0, 1.023750162903977
0.9999999999999997, 0.9723904665957479
0.9999999999999973, 1.001222746068823
1.0000000000000029, 1.0109117902861784
0.9999999999999976, 1.035912696939182
0.9999999999999996, 0.9872022899555608
1.0, 0.9979049743134896
0.9999999999999981, 0.9653774574472404
1.0000000000000022, 1.1114894625995655
1.0000000000000033, 1.0815292138099541
0.9999999999999986, 1.0785379169487446
1.0000000000000009, 0.9365545668667594
0.9999999999999996, 1.0584232731941405
1.0000000000000013, 0.9925555934947201
1.0000000000000004, 0.9966847202451977
0.9999999999999997, 0.9751550991662757
1.0000000000000013, 1.0347534141982229
0.9999999999999971, 0.9239908647967932
0.9999999999999934, 0.9361379574193316
0.9999999999999989, 1.0507845168599168
1.0000000000000038, 1.0459476317531493
1.0000000000000002, 0.8950571392365857
0.9999999999999973, 1.007256745108678
0.9999999999999946, 0.9749881744005875
0.9999999999999978, 0.9774456936137584
1.0000000000000018, 1.0956222994482008
1.0000000000000047, 0.9033570109387513
0.9999999999999964, 1.0327291256420668
0.9999999999999999, 1.0301174291682125
1.0000000000000002, 1.074093755707844
0.9999999999999993, 1.1089168080700438
0.9999999999999978, 1.0585104572321455
0.9999999999999988, 0.9628044350119381
0.9999999999999997, 0.987439844002237
1.0000000000000029, 0.9906133068233318
1.0000000000000013, 0.9351083518288356
1.0, 0.9809168075437236
0.9999999999999977, 0.9437682045192701
1.0000000000000018, 1.0483915400446089
0.9999999999999989, 1.0308245079026417
0.9999999999999989, 0.9342569292151034
1.0000000000000033, 0.9615851610228853
0.9999999999999999, 1.1155218693921496
1.0000000000000013, 0.9661519769467498
0.9999999999999984, 0.9862153478299656
0.9999999999999999, 1.01308869427037
1.0000000000000018, 0.9705005763000877
1.0000000000000022, 0.9597348287769119
1.0000000000000018, 0.9584159578621094
1.0, 0.976349550628397
0.9999999999999991, 1.0688845453655378
1.0, 1.1561122181176473
1.000000000000002, 0.9703140596224067
1.0000000000000009, 0.9341705241489168
1.0000000000000013, 0.9157763979697942
0.9999999999999961, 1.0575914964647724
0.9999999999999972, 0.9714416429478274
0.9999999999999992, 1.008437880681768
1.0000000000000053, 0.9607064394320334
1.0000000000000016, 0.9672461017894716
1.0000000000000013, 0.9581660339559821
0.9999999999999989, 1.0167301936934499
1.0000000000000009, 0.9878870741392506
1.0000000000000044, 1.0439196653619183
0.9999999999999996, 1.1799974004512888
1.0000000000000013, 0.9574085599646245
1.0000000000000002, 1.0406990316305693
1.0000000000000013, 1.0013006016811048
1.0000000000000038, 1.0891732670965009
1.0000000000000009, 1.005347508841638
1.0000000000000022, 1.0199895328902984
1.0000000000000002, 0.9581361384329212
0.9999999999999993, 0.93917050543634
1.000000000000003, 0.9931756095021075
0.9999999999999956, 0.9953738986770464
1.0000000000000022, 1.0751887867952779
0.9999999999999989, 0.936031345348493
1.000000000000001, 0.9919755340514853
1.0000000000000024, 0.9504363129176161
1.0000000000000027, 1.0437436796416815
0.9999999999999976, 1.0711969881609906
1.0, 1.070528815704175
1.000000000000002, 0.9182535830166072
1.000000000000002, 1.036136622734923
1.0000000000000018, 1.0363734256755048
1.0000000000000027, 1.0373993489768476
0.9999999999999989, 0.989062350292743
1.0000000000000009, 1.03766533246438
1.0000000000000024, 1.0329172462394054
0.9999999999999968, 1.000666633925613
1.0000000000000029, 0.9927707080364765
1.0000000000000002, 1.0202011098517934
0.9999999999999999, 0.9651202640379443
0.9999999999999981, 0.9430010560805786
0.9999999999999993, 1.0757652623644234
1.0000000000000018, 1.0929347111564085
1.0000000000000022, 1.0442549552663
1.0000000000000038, 0.9983385145210145
0.9999999999999983, 1.0589855443865885
0.9999999999999968, 0.9221986337392188
0.9999999999999993, 0.9918114637175525
1.000000000000001, 0.9568144728763016
0.9999999999999992, 1.0215312780078811
1.0000000000000029, 1.0366478647889823
0.9999999999999993, 0.9593673872969025
0.9999999999999984, 0.987423314456473
1.0000000000000007, 0.9948680101616093
0.9999999999999999, 0.8928665469061364
0.9999999999999997, 0.9930242056240004
1.0000000000000024, 0.9727145240016632
0.9999999999999977, 0.958566679247131
0.9999999999999952, 0.9509379031526901
0.9999999999999981, 1.0857590539976854
0.9999999999999999, 1.0428836055142032
1.0000000000000007, 1.1168761485466034
0.9999999999999961, 0.9094913081542033
1.0000000000000007, 0.9503930842750931
0.999999999999998, 0.9581308739959248
0.9999999999999981, 1.0898083108525294
1.0000000000000038, 1.0186711464032947
0.9999999999999997, 1.1167418323060048
0.9999999999999976, 1.048355874243765
0.9999999999999981, 0.9290441694761682
0.9999999999999997, 0.9583634686451643
1.0000000000000022, 1.1663912246513088
0.999999999999998, 0.9815579240759512
1.0000000000000016, 0.922357401549724
0.9999999999999976, 1.0149122089011315
1.0000000000000033, 0.9164129924811508
0.9999999999999952, 0.9922165663444709
1.0000000000000022, 0.9821115062217136
0.999999999999998, 1.0962616968513985
1.0000000000000013, 0.9357589875777534
0.9999999999999992, 1.020404230593429
0.9999999999999999, 1.0466810739088774
0.9999999999999992, 0.9751878070960637
1.0000000000000009, 0.9300283478478336
1.0000000000000002, 0.9874401797615812
1.000000000000001, 0.9732498416992009
1.0000000000000002, 1.0119089031883721
0.9999999999999983, 1.0440188641870058
1.000000000000006, 0.9913835735440704
1.0000000000000033, 1.0278679038190746
1.0000000000000022, 0.9529831049558476
1.0000000000000009, 1.0130261150073119
1.0, 1.0566335741758177
1.000000000000001, 0.9844083486414652
0.9999999999999963, 1.018985997534338
0.9999999999999989, 1.0617817522614095
1.000000000000001, 1.0787826005349148
0.9999999999999991, 0.9726409838913505
0.9999999999999981, 1.1023096426242731
1.0000000000000038, 1.0794108982486752
1.0000000000000027, 1.002690842729266
1.0000000000000007, 0.9777288266150945
0.9999999999999996, 1.0159525703124967
1.0, 0.9568497924612367
0.9999999999999986, 0.9546950118330108
0.9999999999999983, 1.0295713493368757
1.0000000000000033, 1.020031330247701
1.0000000000000013, 1.0480812043772705
1.0000000000000022, 0.974201149298446
0.999999999999998, 1.0077145808589443
0.9999999999999971, 0.9830885847725589
1.0000000000000016, 0.954077031100365
1.0000000000000018, 0.8666623585149293
0.9999999999999989, 1.0247467372205474
1.0000000000000007, 0.9774922228702041
1.000000000000003, 0.8662255143277118
0.9999999999999993, 1.0369261039856523
0.9999999999999978, 0.9184773073280217
0.9999999999999999, 0.9427893387474249
1.0000000000000004, 1.0123583755375598
1.000000000000002, 1.047332973286667
0.9999999999999989, 0.9985275469925098
0.9999999999999984, 0.9656868064070077
0.9999999999999999, 1.0139923688163448
1.000000000000001, 0.9835073320885632
1.0000000000000027, 1.0197294649613302
0.9999999999999976, 1.0280132645576505
1.000000000000002, 1.009887876200777
0.9999999999999992, 1.1010674237657492
0.9999999999999999, 0.8627459478041555
0.9999999999999996, 0.9977655977384287
1.0000000000000029, 1.0584200207624412
0.9999999999999981, 0.933565928034869
0.9999999999999972, 0.9610609779085835
0.9999999999999983, 1.0576981832832413
0.9999999999999989, 0.9935087973765023
1.0, 1.0386651768433155
0.9999999999999971, 1.0830911499899623
0.9999999999999992, 1.068841565341884
0.9999999999999999, 0.9324408015806138
0.9999999999999999, 1.08502744533817
1.000000000000004, 0.980469344612513
1.0000000000000024, 0.9511760044503749
1.0000000000000007, 1.0031822981628957
0.9999999999999973, 0.9311639417667165
0.9999999999999991, 1.0183040308402616
1.0000000000000007, 0.9788318661692202
1.0000000000000038, 0.9765145330346735
0.9999999999999989, 0.9722129029073296
1.0000000000000016, 1.0280929148409719
1.0000000000000044, 1.1507435683366312
0.9999999999999992, 1.0198072872674584
0.9999999999999999, 1.0171516089235504
0.9999999999999997, 0.9929835093598387
0.9999999999999999, 1.0082120207396987
1.0000000000000016, 0.963664708165397
0.9999999999999991, 0.9066165726234183
1.0000000000000024, 0.928439241087404
0.9999999999999978, 1.020134523218192
0.9999999999999992, 1.014519276197645
0.999999999999996, 1.031005242102441
1.0000000000000022, 1.0343886691004385
0.9999999999999984, 0.9462928150380797
1.0000000000000007, 1.0283903159131016
1.0000000000000013, 1.0627810381785243
0.9999999999999988, 0.962207801679068
1.0, 1.0065186479188823
0.9999999999999993, 1.0684119325807373
0.9999999999999996, 0.9875135580525035
0.9999999999999996, 1.0477659269263682
0.9999999999999973, 0.9637319915439716
1.0000000000000024, 0.9784137256883347
0.9999999999999986, 1.0292611155709745
0.9999999999999983, 1.0030968564518783
1.0000000000000029, 1.032706087366898
0.9999999999999973, 0.9836395793208889
0.999999999999998, 1.0395267858437431
1.0000000000000022, 1.0541095092957093
1.0000000000000029, 0.9315124033499521
1.0000000000000029, 1.0729481388541142
0.9999999999999964, 0.958674026973803
0.9999999999999983, 1.0760488044714478
1.0, 0.9884893113956015
0.9999999999999977, 1.0455732332662602
1.000000000000001, 0.9642704477147934
0.9999999999999988, 1.0045327396545034
0.9999999999999964, 1.042498761239954
1.0000000000000007, 1.069092285821022
0.9999999999999978, 0.8662766903601966
0.9999999999999972, 1.042160600208311
1.0000000000000013, 0.9931339597934494
1.0000000000000033, 0.9495208884289689
0.999999999999998, 0.9889067043781912
0.999999999999998, 1.0614502870111509
1.0000000000000009, 0.9763228723796252
0.9999999999999992, 1.0616084190831423
1.0000000000000009, 0.9897716717930554
1.0000000000000018, 0.9317016206962457
1.0000000000000024, 1.088595220918554
0.9999999999999991, 1.018473166751659
0.9999999999999992, 0.9456160393578961
1.0000000000000007, 1.0154214252721512
0.9999999999999971, 0.8800233765542403
0.9999999999999973, 1.0141009829641672
0.9999999999999952, 0.9828005807947795
1.0000000000000018, 1.0046241561492708
0.9999999999999992, 0.9902871446052626
1.0000000000000004, 1.0617978778852455
1.0000000000000004, 1.0115732431945768
1.0000000000000049, 1.0216057228651492
1.0000000000000029, 1.0200521751769633
0.9999999999999984, 1.0097360876079278
1.0000000000000013, 1.0139699985761363
0.9999999999999992, 0.978546044874511
1.0000000000000007, 0.9967328528701271
0.9999999999999984, 0.9548530702714324
0.9999999999999997, 1.012965236244243
1.0000000000000029, 1.1207442079105319
0.9999999999999991, 1.0450350447073433
0.9999999999999986, 0.8883685176890338
1.0000000000000007, 0.9889379354734135
0.9999999999999991, 0.9610118505104698
1.0000000000000029, 1.0632684925999016
1.0000000000000002, 1.1187356834252185
1.0000000000000016, 0.9757357053047867
0.9999999999999934, 0.9400864499487516
0.9999999999999999, 1.0027115206718173
1.0000000000000007, 0.9803376711944329
0.9999999999999999, 1.0001786821188292
1.0000000000000029, 0.9155509007913967
1.0000000000000013, 0.9639982681493745
0.9999999999999968, 1.0403861781021069
1.0000000000000009, 1.070295389282185
1.0000000000000024, 1.0694003866748123
0.9999999999999989, 1.0397922643967377
1.0000000000000009, 0.9841805117813364
1.0000000000000007, 1.003036739083434
1.0000000000000016, 0.9962555053521657
1.0000000000000029, 1.0378449704180206
0.9999999999999983, 1.0462505723991713
1.0000000000000004, 1.0639925312724898
1.0000000000000004, 1.055388048539555
0.9999999999999977, 1.0235691294803453
0.999999999999996, 0.996498637919438
0.9999999999999976, 1.0132124626568857
0.9999999999999963, 0.9529169126238848
1.000000000000003, 0.9881191558104978
1.0000000000000013, 0.9594199415445595
1.0000000000000002, 1.00932882844564
0.9999999999999981, 1.1185922922034581
0.9999999999999978, 1.0112980951483688
1.0000000000000002, 1.070706636352248
0.9999999999999946, 1.0300833868183228
1.0000000000000002, 1.033243777320253
0.9999999999999986, 1.0531047058226652
0.9999999999999993, 0.9592471992933218
1.0000000000000007, 1.0655071577875557
1.0, 0.8786400837138932
0.999999999999998, 1.0058140443699708
0.9999999999999992, 1.0721333436395117
0.9999999999999999, 1.062654754263035
1.0000000000000007, 1.0046113799725052
1.0, 1.0242340930873277
1.0000000000000016, 1.0521272982651935
0.9999999999999977, 1.0107311343728098
0.9999999999999956, 0.912974785256161
0.9999999999999938, 1.0627880892555666
1.0000000000000027, 1.0088067748292318
1.0000000000000016, 1.0237564371146268
0.9999999999999996, 0.9110386890227855
0.999999999999998, 1.0739777836069604
0.9999999999999999, 0.9619890469801589
1.0000000000000013, 1.03282568714802
1.0000000000000009, 0.9558468817379322
1.0000000000000004, 0.9616549241858132
0.9999999999999993, 1.0538172619722668
0.9999999999999993, 0.9750978270156851
1.0000000000000007, 1.0332556926372207
0.9999999999999977, 0.9787676655481855
1.0000000000000027, 0.9922803668338971
1.0000000000000033, 0.9479257530752343
0.999999999999998, 1.04060935280423
1.0, 0.9827225468384486
0.9999999999999946, 0.9622022149675015
0.9999999999999991, 1.075997162155644
1.0000000000000033, 1.0220009589312589
1.000000000000001, 1.010162661432853
1.000000000000001, 0.9448704416075011
0.9999999999999981, 0.9344913553542353
1.0000000000000002, 0.9434256355253071
0.9999999999999992, 1.034930696077917
1.0000000000000038, 1.0153688569185066
0.9999999999999949, 1.016390209358756
1.0000000000000007, 0.9862038075184754
0.9999999999999973, 1.0069703231044667
1.0000000000000009, 0.9872924732936116
1.0000000000000033, 0.9324958521623218
1.0000000000000018, 0.9181708783525315
0.9999999999999991, 1.0700773980953537
1.0000000000000056, 1.02906562124451
1.0000000000000007, 0.9977159489337488
1.0000000000000002, 1.0128200768569282
1.0000000000000009, 1.1070315200396086
1.000000000000002, 1.0243298335140443
0.9999999999999981, 1.0683332385843634
1.0000000000000007, 1.0465005111824126
0.9999999999999997, 1.0102614119701026
0.9999999999999993, 0.9932016415725129
0.9999999999999978, 0.9798626142551392
0.9999999999999991, 1.033641624803583
1.0000000000000007, 1.1095142950299017
0.999999999999998, 0.9305343361495179
0.9999999999999997, 1.0654690880414994
0.9999999999999988, 0.9990698132088761
0.999999999999998, 1.1233265862238342
1.0, 0.9493783824177948
0.9999999999999984, 1.0831736162332912
1.0000000000000013, 1.0030329699470983
1.0000000000000022, 0.979458586968637
0.9999999999999957, 0.9491018488457242
1.0000000000000022, 0.9101213583213631
1.0000000000000029, 1.0546215060187956
0.9999999999999953, 0.9389898275928548
1.0000000000000007, 0.9749158812473087
1.0000000000000018, 0.9843144353268067
0.9999999999999997, 1.0038684781074516
1.0, 0.9617830543205835
0.9999999999999971, 1.1164608404992096
1.0000000000000009, 1.0203388789526375
0.9999999999999996, 1.0220133082661025
0.9999999999999999, 1.102329860324797
0.9999999999999992, 0.944714918953623
1.000000000000002, 0.9668907375120271
0.9999999999999986, 0.98697268837057
0.9999999999999968, 1.0521305895693887
1.0000000000000002, 0.9402105219812114
1.0000000000000038, 1.0308712661955766
1.0000000000000013, 0.9762138424565895
1.0000000000000038, 1.0806648601385997
0.9999999999999986, 0.9852247335807669
0.9999999999999984, 1.0223763342688834
1.0000000000000007, 0.9642190869435849
0.9999999999999997, 1.0013090431901037
1.0000000000000044, 0.9394002551424764
1.0000000000000033, 0.9846993612388498
0.9999999999999989, 0.9511956318532941
1.0000000000000018, 1.1111466709561342
0.9999999999999993, 0.9705214633796849
0.9999999999999988, 1.0792247967412987
0.9999999999999983, 0.9869860499078356
0.9999999999999992, 1.085909355179167
1.000000000000001, 0.9804425298270035
0.9999999999999997, 0.9853550715444731
0.9999999999999992, 0.9765359961946612
1.0000000000000007, 0.9680667661068989
1.000000000000001, 1.0037918584301484
1.0000000000000049, 1.0197776011385051
0.9999999999999981, 0.9918464709053225
0.9999999999999977, 1.0138988602132926
1.000000000000003, 1.0924269774135988
1.0000000000000016, 1.0055438576918108
0.9999999999999983, 0.9746517552959261
1.0000000000000029, 1.018750241477207
0.999999999999996, 0.9171701369893112
0.9999999999999964, 1.0113217461439687
1.0, 1.011737424255255
0.9999999999999991, 0.9878929572003314
0.9999999999999986, 0.9501399370216154
1.0000000000000013, 0.947559942019609
1.0000000000000022, 0.986931145245615
0.9999999999999996, 0.9746930763065917
1.0000000000000044, 0.9284812254226666
1.0000000000000018, 0.8991555504617573
0.9999999999999977, 1.0002932028103073
0.9999999999999964, 0.9557880849503493
1.0000000000000002, 0.9201867313045975
0.9999999999999981, 0.8732154693555979
0.9999999999999996, 0.9321937291774243
0.9999999999999984, 1.060546296770601
0.9999999999999981, 1.0189269746348744
1.0000000000000007, 1.0379880470606007
1.0000000000000009, 1.0920914911229826
1.0000000000000002, 0.9460690247051757
0.9999999999999991, 1.0071921122572896
0.9999999999999984, 1.003607244167816
0.9999999999999988, 1.0108307502636897
1.0000000000000007, 1.0265672180486367
1.0000000000000022, 1.052506044711367
0.9999999999999952, 0.9233402471754095
1.0000000000000007, 0.9157882788685507
0.9999999999999978, 0.9782125814027464
0.9999999999999986, 0.9973557251828401
0.9999999999999992, 0.9443160911965361
0.9999999999999984, 1.0568700762709813
1.0000000000000022, 0.9965262740716421
0.9999999999999981, 0.9818356627922452
0.9999999999999993, 0.9888119839478329
0.9999999999999993, 0.9490641108163292
1.0000000000000024, 0.9079565848874648
0.9999999999999978, 0.9634835820350469
0.9999999999999989, 0.9980712323506546
1.0000000000000022, 1.0720174621820528
0.9999999999999999, 1.0430320558006896
1.0000000000000024, 0.9651100469967165
1.000000000000003, 0.9908326840791052
1.0000000000000016, 1.0552431306199155
0.9999999999999988, 0.9565838340544991
1.000000000000003, 1.0696211164108695
0.9999999999999997, 0.9841299724002924
1.0000000000000027, 1.0180017166052562
0.9999999999999961, 1.0529415151486377
1.0000000000000004, 0.8359953450469749
1.0, 1.040536680741232
0.9999999999999996, 0.9783343127036628
0.9999999999999978, 1.049345535820681
1.000000000000002, 0.9601942275037662
0.9999999999999976, 0.9739473141478139
1.0000000000000002, 0.9678336451525892
1.0000000000000002, 1.0347349196722158
0.9999999999999989, 1.058939164713886
1.0000000000000022, 1.001698245687893
1.0, 1.0051185346209357
1.0000000000000016, 1.0851568946581673
1.0000000000000016, 0.9852730804124914
1.0000000000000018, 1.0719181316205462
1.000000000000003, 1.037727756978514
0.9999999999999989, 1.0260692420497066
1.0000000000000024, 1.0252239477025442
0.9999999999999996, 0.9048508792020898
0.9999999999999976, 0.9939008829341769
0.9999999999999984, 0.9525375632078728
0.9999999999999992, 1.0320404981504328
0.9999999999999966, 1.0656963989871833
1.0000000000000002, 1.0181042052203946
1.0000000000000002, 1.0369330779214712
1.0000000000000022, 1.0092832794076938
0.9999999999999966, 0.9824107320120585
1.0000000000000022, 0.9825541709962298
0.9999999999999992, 0.9888425031358735
0.9999999999999978, 1.0061357238557973
1.0000000000000018, 0.9839155525892258
1.0000000000000038, 1.0440553831716697
1.0000000000000029, 1.0072655374553299
1.0000000000000038, 1.0322350925395218
1.0000000000000027, 1.0690671133913603
1.0000000000000007, 1.0296354342320098
1.0000000000000033, 1.025482009200944
0.9999999999999989, 1.0070037903802358
1.0, 1.0368477939878369
1.0000000000000033, 0.9678138337960684
1.0000000000000007, 0.9723192704189609
1.0000000000000002, 0.9328064899176445
1.0000000000000002, 0.9373995255097185
0.9999999999999977, 1.015458824259332
0.9999999999999968, 1.066187571038034
0.9999999999999984, 1.0410847809622792
1.0000000000000029, 1.1080364091495754
1.0000000000000004, 0.9665893452386444
1.0000000000000002, 1.1148222145184108
0.9999999999999989, 1.0494795076851808
1.0000000000000018, 1.0154249690689525
0.9999999999999996, 0.9254191931361496
1.0000000000000009, 1.0084298282852902
1.0000000000000004, 1.0351223456982208
1.0, 0.8650641242296709
0.9999999999999992, 1.0463316094396098
1.0000000000000002, 1.0111062703931726
0.9999999999999944, 1.0659684053182246
0.999999999999998, 0.9801120824283808
1.0000000000000029, 1.0521597524044388
1.0000000000000007, 0.9708622627836546
0.9999999999999981, 1.0069980850967872
1.0000000000000022, 1.0016098908980404
0.9999999999999984, 0.9849835960373342
0.9999999999999991, 1.0256706689144648
0.9999999999999956, 1.0811416346568958
1.0000000000000029, 1.0043090230803688
0.9999999999999996, 1.0457595998682938
0.9999999999999938, 1.0825487893640202
1.0000000000000007, 0.9902103095689344
0.9999999999999993, 0.9783300714565508
0.9999999999999964, 0.9527864742089903
1.0000000000000013, 1.0224464508916333
0.9999999999999964, 0.9936981627706544
1.000000000000003, 0.9914952244054068
1.0000000000000002, 0.983470951609561
1.0000000000000042, 0.9278498794581885
0.9999999999999989, 0.8224085287943994
1.0000000000000009, 0.9368587041129213
