ATE real, ATE estimado
0.3426288046250638, 0.3582234610071943
0.3315762625403843, 0.35125545364516003
0.3395681006631525, 0.37746659201914723
0.34432919571501447, 0.3261593540484831
0.3341268491753103, 0.3372541935074747
0.3463696650229553, 0.33875626668664455
0.3438190783880292, 0.35502459900615857
0.34228872640707364, 0.33930431979836106
0.338207787791192, 0.3581741817370871
0.3439891174970243, 0.3333094910649654
0.3348070056112906, 0.3495177740057677
0.33361673184832513, 0.30933037867207075
0.3331066145213399, 0.31162126582164174
0.3475599387859208, 0.3138505373208762
0.34347900017003913, 0.33740038742917255
0.3400782179901377, 0.3474231749884209
0.33786770957320184, 0.3541089652950659
0.328345519469478, 0.35295818266594275
0.35419146403672847, 0.3161553411516772
0.33718755313722154, 0.32606993387617134
0.33990817888114266, 0.3248554792006389
0.33361673184832513, 0.33801842426024464
0.3429688828430539, 0.351511489399246
0.33786770957320184, 0.3464195345047798
0.3429688828430539, 0.356840697795235
0.3528311511647679, 0.3699361432210272
0.3429688828430539, 0.3472976152458706
0.3516408774018024, 0.34403706872133
0.33939806155415747, 0.3504919146882495
0.3388879442271722, 0.346078562897292
0.33990817888114266, 0.3398033801742696
0.33548716204727086, 0.3308749837637741
0.3439891174970243, 0.3458374994343428
0.34211868729807854, 0.33894841009761706
0.34279884373405883, 0.3536985041015164
0.35266111205577283, 0.34407513315986077
0.34279884373405883, 0.3455566835818964
0.35419146403672847, 0.36708757723852337
0.33718755313722154, 0.3135569598260626
0.3479000170039109, 0.35692441945158543
0.34347900017003913, 0.3351662207830365
0.345689508586975, 0.3343178413361847
0.338207787791192, 0.3263199955678513
0.34041829620812786, 0.3259247740553443
0.33225641897636454, 0.34703841118275003
0.3325964971943547, 0.31407811176029354
0.33344669273933003, 0.3377236359686637
0.3365073967012413, 0.355323708551329
0.3513007991838123, 0.3207201218010914
0.338207787791192, 0.32066581488213974
0.3475599387859208, 0.369509007843269
0.3499404863118517, 0.36097387868219427
0.33667743581023635, 0.3427021959769381
0.34772997789491583, 0.3910942734028871
0.3450093521509947, 0.35897352012726863
0.3400782179901377, 0.3449403688598689
0.3436490392790342, 0.34985480955119563
0.3388879442271722, 0.35041554843465933
0.3414385308620983, 0.3723276049580296
0.34177860908008845, 0.3353655880174697
0.3489202516578813, 0.36121162145013164
0.35198095561979253, 0.3700923880667986
0.3436490392790342, 0.37418255612980766
0.33837782690018703, 0.35705070593878263
0.3363373575922462, 0.3782975717816444
0.34585954769597005, 0.35638667077575525
0.35045060363883695, 0.3370227546182248
0.34279884373405883, 0.3072026345948654
0.3414385308620983, 0.3609482538898098
0.340758374426118, 0.3803708138360658
0.3351470838292807, 0.2976393644401179
0.3424587655160687, 0.3559005262524429
0.33616731848325115, 0.29236548876313134
0.33191634075837445, 0.3589325312797209
0.34721986056793064, 0.3473796974338455
0.35045060363883695, 0.3510307786466341
0.34772997789491583, 0.3416189349991625
0.33361673184832513, 0.2921234516252377
0.3438190783880292, 0.3298970560865925
0.34585954769597005, 0.36851933106923473
0.34721986056793064, 0.3170358322790651
0.3450093521509947, 0.3326464745600791
0.3351470838292807, 0.33490721821226743
0.3446692739330046, 0.33377397348502824
0.33565720115626596, 0.325645765221216
0.3494303689848665, 0.287642354463869
0.3341268491753103, 0.3065950137340201
0.335827240265261, 0.35209620222135096
0.33854786600918213, 0.32020181818372345
0.3348070056112906, 0.3249167957484989
0.34602958680496515, 0.34542020401677664
0.34551946947797996, 0.32930044740916964
0.345689508586975, 0.3569095866081468
0.34109845264410815, 0.3777970929154455
0.33854786600918213, 0.35693993426452736
0.33293657541234484, 0.35266776135803096
0.3351470838292807, 0.3430127363755841
0.3436490392790342, 0.37060348073563515
0.34704982145893554, 0.3564490943779679
0.34432919571501447, 0.34763641699896486
0.35266111205577283, 0.3471343796396587
0.3337867709573202, 0.3085598380385048
0.34177860908008845, 0.3533026905290643
0.3351470838292807, 0.3319178579605522
0.33922802244516237, 0.29725340127408817
0.33718755313722154, 0.32413573526894074
0.34585954769597005, 0.36030164628157463
0.34092841353511305, 0.36220102753980027
0.3388879442271722, 0.33190279731783645
0.3426288046250638, 0.3396416380745304
0.34058833531712296, 0.3939339299690154
0.3339568100663153, 0.33094649292826267
0.3387179051181772, 0.34442521134811055
0.33344669273933003, 0.34865794248602
0.33735759224621664, 0.3255880797230998
0.33667743581023635, 0.33771367246645073
0.3363373575922462, 0.37468591995688355
0.340758374426118, 0.3432839752672312
0.3376976704642068, 0.3341658266931074
0.33293657541234484, 0.34350392249949285
0.3424587655160687, 0.33689359636476673
0.33072606699540896, 0.33823352706029713
0.3390579833361673, 0.3067086272454402
0.3436490392790342, 0.33135124310516434
0.32800544125148784, 0.33504055039252845
0.3419486481890835, 0.3470924583137994
0.34670974324094544, 0.3503211826535636
0.34670974324094544, 0.34070733644710105
0.34160856997109335, 0.35268570419737805
0.3375276313552117, 0.3326418666162994
0.3397381397721476, 0.3048895249973181
0.3375276313552117, 0.3722431457330366
0.34092841353511305, 0.32300203520285564
0.3429688828430539, 0.3501117530226635
0.3344669273933005, 0.3452292621810331
0.33854786600918213, 0.363337711575505
0.33429688828430537, 0.32372166854552187
0.33242645808535964, 0.32793377171715543
0.3426288046250638, 0.3519400400985678
0.34534943036898486, 0.35745313587413574
0.33684747491923145, 0.3486134239393249
0.3412684917531032, 0.33165948094233727
0.33429688828430537, 0.32665578121793093
0.345689508586975, 0.36342484923959184
0.3376976704642068, 0.34897955768317135
0.3424587655160687, 0.3502809684284807
0.3484101343308961, 0.31523736502471494
0.34041829620812786, 0.31150228192739216
0.34347900017003913, 0.33168607595109467
0.335827240265261, 0.34635299692836186
0.33837782690018703, 0.3296172680417115
0.33735759224621664, 0.32834091985154534
0.34160856997109335, 0.3416924546648695
0.3376976704642068, 0.34960757795738684
0.35538173779969395, 0.3605014609117241
0.3501105254208468, 0.3804640262772021
0.34483931304199966, 0.3454290486607618
0.3380377486821969, 0.34729424078401255
0.3438190783880292, 0.3482661935854746
0.33293657541234484, 0.3079893107726268
0.3402482570991328, 0.30075403327071526
0.3414385308620983, 0.3600632107093621
0.3450093521509947, 0.3107602263988802
0.3380377486821969, 0.3062630276880946
0.34177860908008845, 0.3582069568477161
0.33990817888114266, 0.3424843444786258
0.34177860908008845, 0.31091974495721686
0.34109845264410815, 0.3538215157476398
0.3402482570991328, 0.3754124442754657
0.3390579833361673, 0.35398398290126876
0.3439891174970243, 0.3094198398338888
0.3397381397721476, 0.3514107291021555
0.34160856997109335, 0.32193123499391624
0.3499404863118517, 0.345022271027258
0.34704982145893554, 0.34328764329465494
0.3513007991838123, 0.3417788109505995
0.33718755313722154, 0.34404837213046235
0.3387179051181772, 0.3191335063526605
0.34347900017003913, 0.34569651634046844
0.3387179051181772, 0.3680595923513754
0.3439891174970243, 0.3598486068828061
0.34432919571501447, 0.3381337019266542
0.34058833531712296, 0.3551864555713719
0.34092841353511305, 0.3475635680644001
0.33599727937425605, 0.30612675485377344
0.3320863798673695, 0.32385880948840706
0.33599727937425605, 0.3704222119244125
0.33922802244516237, 0.3168993015857751
0.3429688828430539, 0.3307193983529026
0.3484101343308961, 0.3547403375956357
0.33174630164937935, 0.322098928995728
0.3424587655160687, 0.34501919077104765
0.348070056112906, 0.3303874749490157
0.3370175140282265, 0.29990228126660595
0.3438190783880292, 0.3723323928770591
0.33548716204727086, 0.3111984215960119
0.3592926373065805, 0.34060758127002333
0.33718755313722154, 0.32613435142211555
0.3501105254208468, 0.33825625218892147
0.34432919571501447, 0.33981233960190743
0.3376976704642068, 0.3396731470980236
0.33565720115626596, 0.2935276432004007
0.3388879442271722, 0.3458641861662765
0.3348070056112906, 0.32611476621209584
0.34058833531712296, 0.3460390910369829
0.3429688828430539, 0.3737470061505253
0.33548716204727086, 0.3277200649996984
0.3375276313552117, 0.31675671410877754
0.34160856997109335, 0.34029891186340155
0.34415915660601937, 0.36508809190791663
0.3320863798673695, 0.319071354356909
0.35572181601768404, 0.34299062951805415
0.3475599387859208, 0.33180669747704594
0.3365073967012413, 0.29559293414919807
0.33242645808535964, 0.3214075869732206
0.33548716204727086, 0.31057927165350707
0.3439891174970243, 0.34341063056430887
0.35028056452984185, 0.3896923502897083
0.34347900017003913, 0.3511599803661096
0.35351130760074817, 0.3670922258470726
0.33616731848325115, 0.34076209649841954
0.3402482570991328, 0.3130284241839751
0.3451793912599898, 0.32721203007447963
0.34092841353511305, 0.35723744211389874
0.3518109165107975, 0.32001509094550773
0.34483931304199966, 0.32265606818544945
0.34534943036898486, 0.3249761589761398
0.33837782690018703, 0.37241529612101126
0.3419486481890835, 0.3478227383567909
0.33344669273933003, 0.2905904803202291
0.33225641897636454, 0.3355693463437736
0.34721986056793064, 0.3471014387933347
0.34432919571501447, 0.32395492305989865
0.3439891174970243, 0.34587185727832653
0.34602958680496515, 0.35382680601309263
0.3412684917531032, 0.3233397965738818
0.34109845264410815, 0.36315889152750874
0.3450093521509947, 0.3309870315750504
0.34602958680496515, 0.34191941707361445
0.3348070056112906, 0.3584963294332724
0.34534943036898486, 0.3400774801411545
0.3295357932324435, 0.34066356545908705
0.33837782690018703, 0.3711266204370522
0.33854786600918213, 0.37593811697380286
0.33123618432239416, 0.3467090149254314
0.345689508586975, 0.34248856981869874
0.3475599387859208, 0.3154998350339159
0.3424587655160687, 0.3532897375751092
0.3446692739330046, 0.3718322644044049
0.3429688828430539, 0.3095072601618174
0.34585954769597005, 0.3327372457479553
0.34109845264410815, 0.3277191753599435
0.33939806155415747, 0.3182439345645602
0.33344669273933003, 0.3191999291388767
0.3499404863118517, 0.3313369020505313
0.34534943036898486, 0.32283471088365084
0.3446692739330046, 0.3445125900040246
0.3331066145213399, 0.35754362361788333
0.33684747491923145, 0.34665633457784834
0.3290256759054583, 0.3371505723409702
0.34109845264410815, 0.33677206259269216
0.34228872640707364, 0.3630718028311828
0.3533412684917531, 0.3397065444929482
0.34347900017003913, 0.34395168645710733
0.33667743581023635, 0.33087298107172414
0.34041829620812786, 0.3475701810549705
0.3439891174970243, 0.3621231064418083
0.3387179051181772, 0.37753737083997196
0.33922802244516237, 0.3713359878599723
0.3513007991838123, 0.33572755598092646
0.34279884373405883, 0.3814227517550828
0.34109845264410815, 0.3319472777887603
0.3414385308620983, 0.3352528148614395
0.353171229382758, 0.3409506717106195
0.34092841353511305, 0.3479972817102225
0.3346369665022955, 0.3449925157104858
0.33055602788641386, 0.3161416871294692
0.34670974324094544, 0.3526907777947764
0.3412684917531032, 0.33114992878708127
0.34704982145893554, 0.33858209467346273
0.34858017343989117, 0.35142837021780116
0.343138921952049, 0.35196907792787624
0.33191634075837445, 0.3107267669961075
0.3402482570991328, 0.3451000158176848
0.34041829620812786, 0.33172744889367173
0.3288556367964632, 0.31157179065193347
0.3397381397721476, 0.31055623843657165
0.340758374426118, 0.34727316853367246
0.3444992348240095, 0.3641202234311735
0.34432919571501447, 0.36707190946194734
0.3395681006631525, 0.31685745710837887
0.3400782179901377, 0.32761933765184226
0.3325964971943547, 0.32901799105048624
0.34228872640707364, 0.3837944843039517
0.34177860908008845, 0.3634963677297653
0.3426288046250638, 0.35337766890297023
0.34551946947797996, 0.347822333281124
0.34347900017003913, 0.34637402367836595
0.3499404863118517, 0.3542084683155518
0.338207787791192, 0.3604643797416724
0.3450093521509947, 0.34066621974667144
0.34551946947797996, 0.36533283114888593
0.3419486481890835, 0.3429929243574946
0.33191634075837445, 0.3098893725230634
0.333276653630335, 0.32316360828753987
0.3536813467097432, 0.32535994232923876
0.3516408774018024, 0.3537803358198928
0.33361673184832513, 0.3193929650021111
0.34347900017003913, 0.33643230527759294
0.345689508586975, 0.347797734353041
0.34926032987587147, 0.37051495901238185
0.3388879442271722, 0.33751719109168676
0.33548716204727086, 0.3393753369024921
0.34160856997109335, 0.34776949486675957
0.3348070056112906, 0.32032225131757325
0.33361673184832513, 0.27453791085874624
0.33191634075837445, 0.35048612198429285
0.33837782690018703, 0.35802220595751244
0.33548716204727086, 0.3255877849422394
0.3494303689848665, 0.34212916236596974
0.34211868729807854, 0.3195200800915658
0.34926032987587147, 0.3558746518962221
0.33599727937425605, 0.30869584138397593
0.33429688828430537, 0.31559509732830615
0.35079068185682705, 0.34722792888772835
0.33922802244516237, 0.328173175276299
0.33225641897636454, 0.33365011039640086
0.3429688828430539, 0.3664366484102771
0.34432919571501447, 0.37933183818650085
0.33225641897636454, 0.323438414077627
0.350620642747832, 0.34765280913392316
0.3429688828430539, 0.32982731364740925
0.3496004080938616, 0.3316193319790937
0.348240095221901, 0.37642990299121376
0.3461996259139602, 0.3442695215785769
0.33361673184832513, 0.30461857070119513
0.3325964971943547, 0.3247805496805966
0.33174630164937935, 0.339593391209616
0.34160856997109335, 0.3129225343645138
0.34228872640707364, 0.3361787834249777
0.3414385308620983, 0.3182917319030313
0.3426288046250638, 0.354979227235816
0.3475599387859208, 0.3826029361616038
0.3436490392790342, 0.33838476553296326
0.34585954769597005, 0.3121797690187818
0.35198095561979253, 0.3548188601102308
0.33667743581023635, 0.31429896177800604
0.340758374426118, 0.3741324071873835
0.3550416595817038, 0.35104113818119465
0.33854786600918213, 0.3370271931884643
0.3473898996769257, 0.32212066746357687
0.3439891174970243, 0.3369845040336504
0.3370175140282265, 0.32183422516691346
0.3494303689848665, 0.3757224228608419
0.3341268491753103, 0.35067961434940453
0.33361673184832513, 0.3375404276012045
0.34347900017003913, 0.3456761800662097
0.35470158136371366, 0.3325570671091736
0.34585954769597005, 0.32270829859823824
0.3376976704642068, 0.31692631023800805
0.33616731848325115, 0.3313803537840102
0.33565720115626596, 0.3732212509552733
0.3543615031457235, 0.3653807000216532
0.34909029076687637, 0.32962338458743073
0.3397381397721476, 0.33282870297993233
0.33837782690018703, 0.3336773366476243
0.34653970413195034, 0.35845956377475646
0.34926032987587147, 0.33165970557288804
0.3444992348240095, 0.34073664109075125
0.3331066145213399, 0.3144337170046906
0.33718755313722154, 0.35109408061064074
0.34092841353511305, 0.3331172616064687
0.33072606699540896, 0.358695957819207
0.33990817888114266, 0.3171904166581297
0.3365073967012413, 0.31349496272414645
0.3468797823499405, 0.3494452846156657
0.343138921952049, 0.3602955155438801
0.35215099472878764, 0.3633216561888258
0.34347900017003913, 0.3402150367418373
0.3446692739330046, 0.35830401541517104
0.32681516748852235, 0.33458651136974604
0.3475599387859208, 0.34590946629442154
0.3574222071076348, 0.3485350767764536
0.3351470838292807, 0.34655125534311837
0.33718755313722154, 0.3492935481131693
0.340758374426118, 0.3562094106444078
0.3370175140282265, 0.3637871595121756
0.3438190783880292, 0.34820232805379625
0.340758374426118, 0.35555794198364954
0.3348070056112906, 0.33751032694873545
0.33344669273933003, 0.30321117507325707
0.33990817888114266, 0.33144291420913924
0.3438190783880292, 0.3335664944356315
0.33004591055942867, 0.34812337231458995
0.33990817888114266, 0.34127522662350185
0.3397381397721476, 0.37573983810320205
0.34160856997109335, 0.34588841588493136
0.3414385308620983, 0.32541288066708496
0.35266111205577283, 0.351864119574793
0.33293657541234484, 0.3652830699142863
0.3451793912599898, 0.3125483945653043
0.34160856997109335, 0.3153761095495695
0.3533412684917531, 0.34645147421689015
0.3446692739330046, 0.3837989368447396
0.3479000170039109, 0.3625846364422338
0.34041829620812786, 0.32671317780318415
0.3363373575922462, 0.34159383359705164
0.34670974324094544, 0.36420343273926886
0.3395681006631525, 0.31885808008942634
0.3468797823499405, 0.3183064772001238
0.3363373575922462, 0.34493043331204226
0.338207787791192, 0.33255097180447485
0.33922802244516237, 0.34193346182207923
0.33225641897636454, 0.34068446161053967
0.33004591055942867, 0.3364380304806088
0.34551946947797996, 0.3441091382770244
0.3341268491753103, 0.33542367572894616
0.34977044720285666, 0.37019859434766594
0.33599727937425605, 0.33670263987208904
0.34228872640707364, 0.3342167775177779
0.3494303689848665, 0.34915725149443805
0.33565720115626596, 0.36518038273764714
0.3363373575922462, 0.3299383294854707
0.3327665363033498, 0.33412254289121984
0.33718755313722154, 0.34443830722671875
0.3450093521509947, 0.35032731196823197
0.3424587655160687, 0.337320030471701
0.3419486481890835, 0.3619148012727004
0.340758374426118, 0.36196164695131544
0.3419486481890835, 0.3403187871145697
0.34721986056793064, 0.3644718629568392
0.34926032987587147, 0.35224330063278814
0.34415915660601937, 0.3165836176294858
0.343138921952049, 0.32543300731748537
0.33616731848325115, 0.3267180651811218
0.33786770957320184, 0.3271838310248914
0.3303859887774188, 0.3354894518270125
0.34704982145893554, 0.33615476346371054
0.35793232443462, 0.36113477727484766
0.3363373575922462, 0.3117755547809259
0.343308961061044, 0.3526679484555095
0.3446692739330046, 0.3184457038041761
0.3426288046250638, 0.33592875124688826
0.35895255908859036, 0.3718931365777869
0.34670974324094544, 0.33783321472529987
0.3363373575922462, 0.32853251219024765
0.3380377486821969, 0.34839394968086423
0.34415915660601937, 0.3273198226822687
0.3461996259139602, 0.3523440408245424
0.3424587655160687, 0.3457892729445888
0.34534943036898486, 0.35423334991932404
0.33565720115626596, 0.33729746746755973
0.3436490392790342, 0.32897173951551684
0.343308961061044, 0.34399783718569005
0.33344669273933003, 0.3540221417475334
0.34721986056793064, 0.34745274169274487
0.3341268491753103, 0.34761292439274566
0.33599727937425605, 0.31456889970170837
0.35096072096582215, 0.34222498983527194
0.3424587655160687, 0.3664253502483587
0.3479000170039109, 0.32895448079571077
0.335827240265261, 0.34327659281229517
0.343308961061044, 0.35320471043149715
0.3344669273933005, 0.31836805880590596
0.3397381397721476, 0.33357766082874646
0.3414385308620983, 0.34926884671292124
0.3363373575922462, 0.3075835275227072
0.33735759224621664, 0.3405333583820079
0.343138921952049, 0.3348105414662971
0.3438190783880292, 0.3107458992754877
0.3426288046250638, 0.35871469544750667
0.34858017343989117, 0.3313535781267073
0.3475599387859208, 0.37265450879269113
0.35045060363883695, 0.3289727439657435
0.3429688828430539, 0.31635380240346545
0.338207787791192, 0.3385694792146047
0.3380377486821969, 0.3138875766962028
0.3487502125488862, 0.36340932795676767
0.35147083829280734, 0.3293581782739151
0.34279884373405883, 0.3380692023849987
0.3363373575922462, 0.317914879095471
0.35147083829280734, 0.3500363714485361
0.328345519469478, 0.3509126773220533
0.34228872640707364, 0.3754937151555815
0.34228872640707364, 0.35271507341583236
0.343138921952049, 0.35251387230653164
0.34585954769597005, 0.3630064802030546
0.3344669273933005, 0.33927674664509927
0.340758374426118, 0.31910692980776234
0.33497704472028567, 0.33282018948271624
0.3446692739330046, 0.3145327905604002
0.343308961061044, 0.3203233398770273
0.3297058323414385, 0.32300138366632003
0.34653970413195034, 0.3307313073288783
0.3429688828430539, 0.33110068461815184
0.32681516748852235, 0.3094977586360127
0.3365073967012413, 0.34929834372352087
0.33344669273933003, 0.3447524929396726
0.3446692739330046, 0.36363530090940527
0.34347900017003913, 0.326396093312769
0.3254548546165618, 0.3338050868075266
0.35198095561979253, 0.3388950865324177
0.3402482570991328, 0.3175059655907727
0.33242645808535964, 0.31468638507336816
0.3370175140282265, 0.3312788516906791
0.3400782179901377, 0.36467350499433226
0.3451793912599898, 0.35989546606111583
0.33667743581023635, 0.2978467452422348
0.33837782690018703, 0.3720110691223429
0.35147083829280734, 0.3518944923122483
0.34211868729807854, 0.33553558760938046
0.33497704472028567, 0.33046777620986734
0.345689508586975, 0.33408336473512623
0.34858017343989117, 0.32839727150216186
0.33361673184832513, 0.3358581938373558
0.333276653630335, 0.35187194212310147
0.3475599387859208, 0.3187186862145395
0.3397381397721476, 0.33934293569227075
0.33786770957320184, 0.3582744218273723
0.34534943036898486, 0.392828277713075
0.3320863798673695, 0.360207665127611
0.3439891174970243, 0.3416175915611919
0.33599727937425605, 0.3489962805206055
0.3315762625403843, 0.35778285661045284
0.34279884373405883, 0.3717507094133926
0.3363373575922462, 0.33008284736320637
0.34432919571501447, 0.3294540839641735
0.33616731848325115, 0.32264245539486375
0.3348070056112906, 0.33138581773597975
0.3419486481890835, 0.32346753502215514
0.34670974324094544, 0.3591969571312672
0.3412684917531032, 0.362926409318557
0.34653970413195034, 0.35826045698755243
0.34704982145893554, 0.35523323217195374
0.3438190783880292, 0.3444264554548679
0.34585954769597005, 0.3367313455318675
0.33735759224621664, 0.3163014329941518
0.3387179051181772, 0.32596093273822657
0.3339568100663153, 0.3594728591913118
0.34415915660601937, 0.35032590178748735
0.3390579833361673, 0.3533735334546031
0.3444992348240095, 0.3448571446981264
0.34041829620812786, 0.33924597205496626
0.34704982145893554, 0.32679482843589025
0.3444992348240095, 0.3629355668750212
0.34432919571501447, 0.3600901152145291
0.3388879442271722, 0.3445185617615426
0.3446692739330046, 0.33729592531433494
0.34585954769597005, 0.3471116456055516
0.33004591055942867, 0.3171476682627954
0.33548716204727086, 0.3559972513986186
0.3412684917531032, 0.3632802118994682
0.34858017343989117, 0.3524778451436539
0.3463696650229553, 0.35341466808133054
0.3439891174970243, 0.3386767280893301
0.3473898996769257, 0.34254260484195836
0.3380377486821969, 0.32518149394139373
0.34228872640707364, 0.3372794084463793
0.34347900017003913, 0.3533860067284056
0.33548716204727086, 0.33352892345019264
0.3489202516578813, 0.3455855597553206
0.3414385308620983, 0.3299206022875261
0.3293657541234484, 0.32355053913929105
0.34858017343989117, 0.3679897405055288
0.33055602788641386, 0.36127480443430093
0.33684747491923145, 0.34422083264891795
0.34585954769597005, 0.3557282716787142
0.3380377486821969, 0.3242217757114524
0.34177860908008845, 0.34780828104416256
0.3327665363033498, 0.28460944291064944
0.3419486481890835, 0.33034504316589114
0.34058833531712296, 0.3203058554276605
0.33718755313722154, 0.32385383024111003
0.33616731848325115, 0.33041491588786714
0.34551946947797996, 0.36082358169056844
0.3387179051181772, 0.3279726924504111
0.34109845264410815, 0.35546027664279445
0.33854786600918213, 0.34883966135912586
0.34415915660601937, 0.3275217464937038
0.3363373575922462, 0.3584116454884303
0.34177860908008845, 0.3590449408033841
0.3412684917531032, 0.3415449462888332
0.3266451283795273, 0.32018972798837064
0.3484101343308961, 0.3432393038814036
0.3397381397721476, 0.30480402915751603
0.3390579833361673, 0.3025346703797451
0.3451793912599898, 0.31135006538491883
0.335827240265261, 0.3536230545431831
0.33718755313722154, 0.39572460162748585
0.35028056452984185, 0.3500214731774436
0.3302159496684237, 0.304053578373758
0.33718755313722154, 0.3580208859992483
0.3451793912599898, 0.3408126430054785
0.33004591055942867, 0.3546243946994942
0.34041829620812786, 0.33991809029206876
0.3331066145213399, 0.296205221277974
0.34058833531712296, 0.35591280915714496
0.338207787791192, 0.3524316122665349
0.3291957150144533, 0.3387874130884218
0.3450093521509947, 0.3546487685575937
0.3461996259139602, 0.33259700957013943
0.3390579833361673, 0.3216066146176706
0.3438190783880292, 0.3182371552417511
0.34279884373405883, 0.35041945684962245
0.33667743581023635, 0.33420288698054174
0.353001190273763, 0.3679733092991274
0.3327665363033498, 0.35762326471638406
0.3473898996769257, 0.3781287070002187
0.3376976704642068, 0.3266380209096291
0.3461996259139602, 0.3520402020298514
0.3402482570991328, 0.34389255833324206
0.345689508586975, 0.333894434892088
0.3516408774018024, 0.32495361198118755
0.34551946947797996, 0.34253742194493114
0.3346369665022955, 0.35456396397194057
0.348240095221901, 0.36372864130500027
0.33123618432239416, 0.38446921120798977
0.3402482570991328, 0.36934980501404213
0.3545315422547186, 0.3511765026147246
0.348070056112906, 0.336728874700098
0.3475599387859208, 0.3316419082309056
0.3439891174970243, 0.3383280981469137
0.3397381397721476, 0.3310979900255587
0.3295357932324435, 0.34409982620886637
0.34721986056793064, 0.3021176754918622
0.3375276313552117, 0.36700525068580453
0.33735759224621664, 0.30834151674279486
0.3419486481890835, 0.3244659996915252
0.34704982145893554, 0.3503441262629074
0.33548716204727086, 0.32760101093248767
0.340758374426118, 0.3566570525131094
0.34483931304199966, 0.32761056314002984
0.33990817888114266, 0.3246035277686761
0.3388879442271722, 0.32255223528221527
0.33990817888114266, 0.3522843436906586
0.3395681006631525, 0.31832246998990293
0.33548716204727086, 0.31437961511217555
0.34551946947797996, 0.38054507040398583
0.3489202516578813, 0.3401096876644961
0.3365073967012413, 0.3420557606862767
0.34858017343989117, 0.37862335073488634
0.33599727937425605, 0.33858719519872027
0.3424587655160687, 0.2986117085195039
0.3365073967012413, 0.3510145121211766
0.34279884373405883, 0.36100008345060025
0.34585954769597005, 0.32316307028122204
0.34415915660601937, 0.3365667911515988
0.33548716204727086, 0.31842614764862937
0.34551946947797996, 0.3472209625335705
0.34772997789491583, 0.3566745521836467
0.34228872640707364, 0.3349489676812724
0.33497704472028567, 0.3212234692113532
0.338207787791192, 0.34158787155870646
0.34704982145893554, 0.3515674511669244
0.3351470838292807, 0.36980605779711134
0.35198095561979253, 0.35074158711417175
0.3390579833361673, 0.3286609038747377
0.3513007991838123, 0.36511845234597035
0.34058833531712296, 0.3473364675583412
0.34041829620812786, 0.38777453000961876
0.33242645808535964, 0.3514864603982993
0.3479000170039109, 0.33340166173915087
0.33565720115626596, 0.35476996034933567
0.3429688828430539, 0.3312726371587818
0.34347900017003913, 0.31453999499441276
0.3388879442271722, 0.34085224622808663
0.3484101343308961, 0.35745964431292704
0.3397381397721476, 0.3534681055270448
0.3489202516578813, 0.3486866560031518
0.34279884373405883, 0.3678963855993307
0.34653970413195034, 0.3742008980324567
0.33684747491923145, 0.33459130722666064
0.33497704472028567, 0.3204158526391575
0.3436490392790342, 0.3832806122895734
0.3451793912599898, 0.32458125354950557
0.3496004080938616, 0.3232714767016134
0.33854786600918213, 0.3514923809602248
0.3315762625403843, 0.35288429515220915
0.3314062234313892, 0.3236471499680791
0.3501105254208468, 0.3109346360926252
0.3436490392790342, 0.3197710568660142
0.33565720115626596, 0.32791603167672406
0.33939806155415747, 0.3507102827519164
0.34585954769597005, 0.3707964357663015
0.3429688828430539, 0.3409691327001404
0.3501105254208468, 0.3504704778840658
0.34279884373405883, 0.3215536780452178
0.348240095221901, 0.3666365050217864
0.33616731848325115, 0.3612208346711824
0.3281754803604829, 0.35298927894698856
0.34279884373405883, 0.3411687633869474
0.33718755313722154, 0.30964679550441754
0.34721986056793064, 0.3684494531119556
0.34058833531712296, 0.3605086533475581
0.34909029076687637, 0.332243823084733
0.3426288046250638, 0.358094761481052
0.34109845264410815, 0.3599240266713793
0.3341268491753103, 0.34808853635330983
0.3344669273933005, 0.3273406004178399
0.33429688828430537, 0.319854618219851
0.35079068185682705, 0.335268210155892
0.34926032987587147, 0.35046158988756615
0.33786770957320184, 0.3518233549985174
0.34058833531712296, 0.34805919714560507
0.3337867709573202, 0.34389393504232896
0.34228872640707364, 0.3403354169372613
0.3376976704642068, 0.34748167541666375
0.34347900017003913, 0.36065670278870904
0.34585954769597005, 0.3535594502177006
0.33106614521339905, 0.3283327055040916
0.3397381397721476, 0.3487223148497386
0.3353171229382758, 0.3344984372977513
0.3363373575922462, 0.32912081316195996
0.3365073967012413, 0.35339006403489504
0.3217139942186703, 0.30845494081867336
0.3395681006631525, 0.3489045471759225
0.3487502125488862, 0.35141647361517225
0.3363373575922462, 0.3220392737285893
0.35079068185682705, 0.32751714118883823
0.34772997789491583, 0.32033039069990776
0.3370175140282265, 0.3481158988670993
0.34347900017003913, 0.3508678695400518
0.3353171229382758, 0.33546814145021764
0.34092841353511305, 0.34039348446815915
0.3501105254208468, 0.35630311605308584
0.3475599387859208, 0.3222426865229586
0.33990817888114266, 0.3787872582725134
0.34670974324094544, 0.3431201332180939
0.3339568100663153, 0.34005727757992654
0.35045060363883695, 0.36027214026750937
0.33565720115626596, 0.3416527033960415
0.34534943036898486, 0.32423340044309595
0.3363373575922462, 0.36031445195020956
0.3487502125488862, 0.3461119843703729
0.32800544125148784, 0.33987328174042764
0.3473898996769257, 0.35959403700323245
0.335827240265261, 0.34497602772584124
0.34909029076687637, 0.3497713953194074
0.34092841353511305, 0.3299531242064299
0.34160856997109335, 0.35193167111318396
0.34432919571501447, 0.33199084209931073
0.34211868729807854, 0.3278896745766151
0.3461996259139602, 0.37957082018598776
0.3390579833361673, 0.3214762249822749
0.34585954769597005, 0.31477684749680973
0.34347900017003913, 0.362780244783472
0.3375276313552117, 0.33022598167973616
0.343308961061044, 0.3289642535903525
0.33837782690018703, 0.34174873317738247
0.33429688828430537, 0.3188899710298504
0.3436490392790342, 0.3343805215046444
0.34534943036898486, 0.3267857354681047
0.3484101343308961, 0.3672779097352844
0.3412684917531032, 0.3679700689739351
0.3390579833361673, 0.3507481563029348
0.35147083829280734, 0.3304948697342476
0.3419486481890835, 0.403360256830266
0.34092841353511305, 0.3479074552873363
0.33684747491923145, 0.3320784851669185
0.33361673184832513, 0.31824843674916325
0.3363373575922462, 0.35329066930910374
0.3451793912599898, 0.3653522074846876
0.33429688828430537, 0.3398160740426793
0.3446692739330046, 0.3358290274091429
0.33004591055942867, 0.32274960878518705
0.3387179051181772, 0.33003145339544904
0.3444992348240095, 0.32041702701227687
0.3365073967012413, 0.32665702035673433
0.34602958680496515, 0.3355124979556945
0.34109845264410815, 0.35051380844461905
0.34670974324094544, 0.30385779111178235
0.34909029076687637, 0.3414709105661899
0.3436490392790342, 0.3367681019878915
0.3261350110525421, 0.35112660242561905
0.3387179051181772, 0.3431622747405479
0.34721986056793064, 0.36664575645315045
0.34704982145893554, 0.3221719544801138
0.3337867709573202, 0.3533433603909448
0.3402482570991328, 0.3606675440377907
0.3438190783880292, 0.345760415303833
0.33735759224621664, 0.31556827347832067
0.33922802244516237, 0.3263122730514126
0.3426288046250638, 0.33851690104835985
0.335827240265261, 0.31137173724814826
0.32562489372555686, 0.3144529088878379
0.33344669273933003, 0.32043371324514214
0.3516408774018024, 0.34601145766578334
0.3501105254208468, 0.33013931872368096
0.34160856997109335, 0.3373436787134542
0.343308961061044, 0.3611682742921668
0.350620642747832, 0.3486833462892706
0.3376976704642068, 0.3324114475166949
0.3380377486821969, 0.31960001962141826
0.3450093521509947, 0.37567622175845233
0.3439891174970243, 0.3557966079039694
0.33922802244516237, 0.3317667775946795
0.345689508586975, 0.3452664400473469
0.3473898996769257, 0.3534665879502011
0.33990817888114266, 0.3215449277134424
0.3353171229382758, 0.32204376620520203
0.343308961061044, 0.3762160132467202
0.33191634075837445, 0.30649604329841945
0.3475599387859208, 0.379884001429705
0.34670974324094544, 0.34786484353394687
0.3365073967012413, 0.3399519939061519
0.3429688828430539, 0.34948517668516205
0.3363373575922462, 0.3252014965654642
0.34041829620812786, 0.31326551433315564
0.34058833531712296, 0.31377781816178923
0.34160856997109335, 0.3650246184297439
0.330896106104404, 0.3220943792981333
0.34279884373405883, 0.3579732394801194
0.33616731848325115, 0.34673417372193976
0.35538173779969395, 0.3702174426865026
0.3395681006631525, 0.33808208239182774
0.34041829620812786, 0.3723829160084644
0.3351470838292807, 0.31808655763734195
0.3315762625403843, 0.32379649551605344
0.34279884373405883, 0.35700838066209334
0.34109845264410815, 0.35715921037327764
0.3341268491753103, 0.30450445188139036
0.3402482570991328, 0.33279038473354955
0.3496004080938616, 0.33599417411916704
0.3463696650229553, 0.3546690295113746
0.3429688828430539, 0.3754669634267132
0.3489202516578813, 0.3370656102971057
0.34721986056793064, 0.34061371532683427
0.345689508586975, 0.37335556158416533
0.3344669273933005, 0.3223225869678668
0.33735759224621664, 0.33722387788982494
0.33990817888114266, 0.3466901584089495
0.33429688828430537, 0.36323398253504346
0.3450093521509947, 0.3424958065521526
0.34279884373405883, 0.32547440364572133
0.3446692739330046, 0.3058830453652534
0.3376976704642068, 0.3346722887226615
0.33684747491923145, 0.32652435509491984
0.330896106104404, 0.33872536779607665
0.3475599387859208, 0.37506702716658
0.34704982145893554, 0.3540555143212842
0.3516408774018024, 0.3305939440431239
0.3348070056112906, 0.323441929499214
0.34041829620812786, 0.3328212973960958
0.340758374426118, 0.3648220752244689
0.3463696650229553, 0.3541400494558831
0.3419486481890835, 0.308378696582506
0.34704982145893554, 0.3307505425986342
0.355551776908689, 0.3431555635306493
0.3444992348240095, 0.3070990509540665
0.34211868729807854, 0.3498021731207125
0.34415915660601937, 0.34959623718956834
0.343308961061044, 0.3409139443179397
0.33548716204727086, 0.3399039794763103
0.3341268491753103, 0.33484601099601535
0.3528311511647679, 0.3307877267325228
0.33497704472028567, 0.3200107058740573
0.34228872640707364, 0.32319466325139384
0.34585954769597005, 0.3163570139983466
0.3375276313552117, 0.3245135227517304
0.33548716204727086, 0.3111229171819633
0.33718755313722154, 0.30836384007020495
0.345689508586975, 0.31552276836329846
0.348070056112906, 0.29451770828066565
0.3412684917531032, 0.3530110780625497
0.34585954769597005, 0.34171172328983784
0.33854786600918213, 0.344547615778738
0.32800544125148784, 0.3360595676733429
0.3446692739330046, 0.3729101913030714
0.3419486481890835, 0.32906878786017474
0.3370175140282265, 0.3276047351186857
0.3523210338377827, 0.33504894176923794
0.33242645808535964, 0.349056046780247
0.34415915660601937, 0.35937694094161965
0.3339568100663153, 0.32914020952951106
0.3395681006631525, 0.35154012051407174
0.33922802244516237, 0.3167834488439819
0.33616731848325115, 0.3429703924235905
0.34347900017003913, 0.3387890604414224
0.33786770957320184, 0.3475849098821875
0.3344669273933005, 0.3425142395437911
0.34909029076687637, 0.367820538113712
0.34058833531712296, 0.32076097777745827
0.3344669273933005, 0.3559876821541368
0.3473898996769257, 0.30057556672429925
0.3346369665022955, 0.3425523419394974
0.34721986056793064, 0.364784087892498
0.34092841353511305, 0.35102569056549765
0.3475599387859208, 0.36091408254455126
0.34160856997109335, 0.3786958878169384
0.33786770957320184, 0.32802679363117226
0.3438190783880292, 0.3382442398187004
0.35844244176160517, 0.3571700210948119
0.3438190783880292, 0.35714099705811597
0.3375276313552117, 0.33322640481332066
0.3524910729467778, 0.35711081650348503
0.34432919571501447, 0.3266026137693495
0.33497704472028567, 0.30163043095587944
0.33684747491923145, 0.3576487271474421
0.3419486481890835, 0.2724192829019603
0.340758374426118, 0.364755877906962
0.33004591055942867, 0.33761497277737057
0.34551946947797996, 0.3365080796021967
0.3496004080938616, 0.35944520707843025
0.345689508586975, 0.3678645629479364
0.34432919571501447, 0.36175086515711435
0.3450093521509947, 0.31967337268121365
0.3468797823499405, 0.3086329244253682
0.335827240265261, 0.3526460617629267
0.33684747491923145, 0.3511878158251933
0.3426288046250638, 0.3245748052196161
0.343138921952049, 0.3491574810493821
0.3496004080938616, 0.35833630173747616
0.3475599387859208, 0.3420982548170383
0.35045060363883695, 0.3477357467003792
0.3344669273933005, 0.33636588521229005
0.3463696650229553, 0.35861323902128334
0.33565720115626596, 0.3131574676614683
0.3412684917531032, 0.3598843242497595
0.3475599387859208, 0.3308441059078856
0.3346369665022955, 0.30352062610303615
0.33599727937425605, 0.32578290364146273
0.34228872640707364, 0.3631468502161542
0.34534943036898486, 0.3520798361683326
0.3450093521509947, 0.3505518674083419
0.3429688828430539, 0.3287061228896472
0.3363373575922462, 0.35127178238991574
0.33361673184832513, 0.343379159844177
0.34041829620812786, 0.3316423730494579
0.3376976704642068, 0.330481781885552
0.33718755313722154, 0.3051705874148595
0.3388879442271722, 0.33562652133104753
0.35096072096582215, 0.3323828185284956
0.345689508586975, 0.3415355933597815
0.34653970413195034, 0.3403142605653706
0.34041829620812786, 0.3371744677521843
0.33735759224621664, 0.31171646160487293
0.34704982145893554, 0.3622544600523898
0.3496004080938616, 0.33993886817200014
0.3327665363033498, 0.30825587112409747
0.3426288046250638, 0.3285582838703923
0.3400782179901377, 0.36225115703644556
0.3424587655160687, 0.3653691177972857
0.35045060363883695, 0.3530445788945391
0.32630505016153716, 0.34402712204489416
0.343308961061044, 0.32304613487447664
0.3461996259139602, 0.3492346338225027
0.33599727937425605, 0.3354961826954176
0.3412684917531032, 0.3235489108202975
0.34177860908008845, 0.34547961528892535
0.338207787791192, 0.33733245108231646
0.3473898996769257, 0.3280617247220998
0.3523210338377827, 0.37381699976181554
0.34653970413195034, 0.3546101859470474
0.3565720115626594, 0.3419906634655853
0.33106614521339905, 0.3170319780304376
0.3370175140282265, 0.3365112228623835
0.3438190783880292, 0.3111586990613328
0.3363373575922462, 0.3590411235404323
0.3463696650229553, 0.3543682853107915
0.3390579833361673, 0.3500660549322402
0.33854786600918213, 0.3210149382829474
0.35215099472878764, 0.3789412689246279
0.3337867709573202, 0.3200413697267543
0.3293657541234484, 0.31073028906229
0.3390579833361673, 0.35634572977629814
0.3446692739330046, 0.3318770534740478
0.33616731848325115, 0.33631869063703473
0.3450093521509947, 0.3335581706243488
0.3444992348240095, 0.3445005245938786
0.34721986056793064, 0.34860408848119473
0.348070056112906, 0.33793605281521877
0.33837782690018703, 0.3219221897636144
0.34534943036898486, 0.3452346110573335
0.348070056112906, 0.3334978069768758
0.34909029076687637, 0.3420620688943544
0.3346369665022955, 0.3714601278562857
0.3388879442271722, 0.34415787736693826
0.3395681006631525, 0.3273314357727934
0.33497704472028567, 0.3189768953035793
0.3446692739330046, 0.38012755877090343
0.3545315422547186, 0.3508255652197877
0.3315762625403843, 0.34136880259288954
0.34858017343989117, 0.36251589874877616
0.33055602788641386, 0.3270938771286626
0.3429688828430539, 0.3735859217937665
0.335827240265261, 0.3005744971362456
0.34653970413195034, 0.3759811909464279
0.34279884373405883, 0.3491728829126675
0.33684747491923145, 0.3535842176332342
0.35147083829280734, 0.37024116116108274
0.3402482570991328, 0.3389870088358001
0.3567420506716545, 0.35706238808795526
0.3388879442271722, 0.31381021486809635
0.3463696650229553, 0.3536892955289062
0.3390579833361673, 0.3556884852346372
0.3429688828430539, 0.35702444652030146
0.3419486481890835, 0.3567520678608496
0.353171229382758, 0.35039518683966053
0.34602958680496515, 0.3105579728312548
0.3429688828430539, 0.3516974956927931
