ATE real, ATE estimado
0.3444992348240095, 0.34313957927013755
0.3424587655160687, 0.3366873876294086
0.343308961061044, 0.3560625218061407
0.3429688828430539, 0.36183663426213364
0.3451793912599898, 0.35150471669173067
0.33667743581023635, 0.33071968484918357
0.33616731848325115, 0.3550721532139504
0.3436490392790342, 0.3610742867282027
0.333276653630335, 0.3653000986863463
0.3348070056112906, 0.3355529598695728
0.34177860908008845, 0.3476098092870315
0.3390579833361673, 0.3314755724823523
0.3446692739330046, 0.33100167342086523
0.353001190273763, 0.338411093637903
0.34721986056793064, 0.3330522236015615
0.35521169869069885, 0.37357591113018557
0.348240095221901, 0.3331235397657879
0.34432919571501447, 0.34647155262747265
0.3376976704642068, 0.3782302935583713
0.3380377486821969, 0.3195735713497868
0.3375276313552117, 0.3448480560797438
0.34211868729807854, 0.34940345084461755
0.3523210338377827, 0.35607617219443355
0.34058833531712296, 0.33332418591940716
0.3560618942356742, 0.3534333874143353
0.34160856997109335, 0.328489954986728
0.34858017343989117, 0.3640275529459589
0.3365073967012413, 0.33366832972840366
0.3390579833361673, 0.3361243889907646
0.3351470838292807, 0.34954456995049193
0.33939806155415747, 0.3272824178066485
0.340758374426118, 0.34310242329900104
0.34177860908008845, 0.33363547494774154
0.34058833531712296, 0.37213405178696174
0.3376976704642068, 0.3295970940321307
0.348070056112906, 0.3473955983302783
0.3487502125488862, 0.3269625339483093
0.3438190783880292, 0.34881627844440644
0.3344669273933005, 0.367931124971591
0.353001190273763, 0.3594702394492895
0.3341268491753103, 0.3540876218876011
0.34109845264410815, 0.3193839626429666
0.3446692739330046, 0.342163757313901
0.34177860908008845, 0.3539017347681169
0.34704982145893554, 0.3382517158435523
0.35096072096582215, 0.37028503301050586
0.3487502125488862, 0.35229810011720963
0.3412684917531032, 0.3290013377478922
0.33497704472028567, 0.3054126231945009
0.34228872640707364, 0.36462065369774316
0.34653970413195034, 0.33521857171875596
0.34602958680496515, 0.39050656779112486
0.3380377486821969, 0.370080340430369
0.34177860908008845, 0.34115776079493265
0.348070056112906, 0.33686063192812093
0.34551946947797996, 0.34298919189969485
0.3473898996769257, 0.3412861324164225
0.33684747491923145, 0.3320531932235329
0.34909029076687637, 0.33672810239410134
0.3397381397721476, 0.32243737397953864
0.3375276313552117, 0.3261418002508035
0.3412684917531032, 0.34456159114914675
0.33548716204727086, 0.3299648854114689
0.3390579833361673, 0.3449455584578349
0.3438190783880292, 0.3393486070491345
0.3446692739330046, 0.32989386394495424
0.3496004080938616, 0.37242413863116197
0.3479000170039109, 0.3282988252309376
0.34704982145893554, 0.3351602641355036
0.3446692739330046, 0.3525097285792157
0.33854786600918213, 0.3402034364901014
0.3291957150144533, 0.33293768658944234
0.34228872640707364, 0.3294356406481337
0.35198095561979253, 0.3509679755942225
0.34092841353511305, 0.340783173059324
0.34926032987587147, 0.3467922293659249
0.34415915660601937, 0.3349250451518396
0.34653970413195034, 0.37870398624675544
0.35045060363883695, 0.3662953997134226
0.34670974324094544, 0.3582153587501845
0.3365073967012413, 0.3645753160975126
0.3475599387859208, 0.35927468681575375
0.3436490392790342, 0.3661292260092262
0.3426288046250638, 0.34260167615011483
0.3400782179901377, 0.3427715884972547
0.34585954769597005, 0.33328404541853457
0.34058833531712296, 0.36084010860441196
0.34602958680496515, 0.35859370780227395
0.33106614521339905, 0.3130013935941361
0.35045060363883695, 0.36126777126279036
0.3414385308620983, 0.342586932689834
0.33718755313722154, 0.35345744312060823
0.3513007991838123, 0.34648430767132177
0.34109845264410815, 0.33181063919648884
0.34228872640707364, 0.3515062996772788
0.3475599387859208, 0.31647110310499516
0.338207787791192, 0.3269336904082203
0.3536813467097432, 0.3425896249690196
0.34909029076687637, 0.34468956808385054
0.33837782690018703, 0.33393851093597343
0.34909029076687637, 0.3399602477429007
0.3376976704642068, 0.3096160643178688
0.3302159496684237, 0.3600089282509851
0.34211868729807854, 0.3470793700011567
0.3436490392790342, 0.36061271402459466
0.34415915660601937, 0.3303325818099145
0.3545315422547186, 0.35526760095305215
0.3365073967012413, 0.33900380863703167
0.32800544125148784, 0.3552636772579692
0.34211868729807854, 0.3273420418047383
0.335827240265261, 0.33427024350282497
0.33667743581023635, 0.32503289546732533
0.3348070056112906, 0.3349766232811141
0.3439891174970243, 0.3417395863530686
0.3426288046250638, 0.3379627300721563
0.3496004080938616, 0.3455933715118042
0.34534943036898486, 0.3431682208398828
0.3390579833361673, 0.34392900877940535
0.34058833531712296, 0.33314467753699545
0.34704982145893554, 0.36222774438072275
0.33497704472028567, 0.35983116521476494
0.34534943036898486, 0.35359841771325157
0.3450093521509947, 0.37341170423912917
0.3484101343308961, 0.3373997132418284
0.34602958680496515, 0.32939381190886335
0.34909029076687637, 0.3104785117368077
0.3548716204727087, 0.3715648256119183
0.33854786600918213, 0.33948492816479187
0.34415915660601937, 0.3419732854657778
0.34585954769597005, 0.352114013467007
0.33922802244516237, 0.3291073713551891
0.3365073967012413, 0.3406264150117176
0.32698520659751745, 0.3374300575276027
0.33055602788641386, 0.3209092485012775
0.34602958680496515, 0.35866860333671385
0.3538513858187383, 0.35208220765396686
0.34177860908008845, 0.3167425384226704
0.33191634075837445, 0.34822627542544676
0.3290256759054583, 0.3412623356200537
0.3351470838292807, 0.34139000748794757
0.3395681006631525, 0.34254400658637707
0.34058833531712296, 0.34391694201121903
0.35147083829280734, 0.37615641554204415
0.34177860908008845, 0.30291675308283944
0.34211868729807854, 0.3410854998811867
0.3370175140282265, 0.34181953890933464
0.33361673184832513, 0.29158528028593805
0.34909029076687637, 0.3427535844036521
0.3489202516578813, 0.3626140939849049
0.3426288046250638, 0.3510314921727502
0.35028056452984185, 0.3662578272347186
0.33854786600918213, 0.3159450588821174
0.33548716204727086, 0.33541966854484095
0.33667743581023635, 0.3288036946781786
0.3424587655160687, 0.33864531167344875
0.3380377486821969, 0.3450919832622495
0.3533412684917531, 0.35423894118367477
0.34551946947797996, 0.34559017470395914
0.34483931304199966, 0.3478449693523145
0.330896106104404, 0.33629270629772906
0.343308961061044, 0.35855377416526807
0.35079068185682705, 0.37703883942025845
0.3376976704642068, 0.3260379701961176
0.348240095221901, 0.34407784822183685
0.33548716204727086, 0.36544511960697457
0.3376976704642068, 0.35937524607436433
0.3298758714504336, 0.3116742006818921
0.33429688828430537, 0.3272510479873662
0.34602958680496515, 0.343478102147364
0.3451793912599898, 0.3611891933427628
0.3395681006631525, 0.3719525304269684
0.33123618432239416, 0.36256229630001374
0.34721986056793064, 0.3499825209938198
0.33123618432239416, 0.30056775567597455
0.3281754803604829, 0.31441835920005934
0.3438190783880292, 0.34258931071672755
0.3562319333446693, 0.3701001401369848
0.3446692739330046, 0.38349467453619435
0.3414385308620983, 0.37114266130617135
0.33106614521339905, 0.3276290398573584
0.3451793912599898, 0.323105106947524
0.34551946947797996, 0.3454885924085992
0.34585954769597005, 0.38788021536835987
0.3365073967012413, 0.33997224026490097
0.3388879442271722, 0.3320321385494975
0.34704982145893554, 0.3606443200881966
0.3438190783880292, 0.345168232102118
0.3424587655160687, 0.312894950256087
0.3438190783880292, 0.3690075000942716
0.3424587655160687, 0.36839468322291474
0.33344669273933003, 0.34683395505101433
0.34041829620812786, 0.33481895969101655
0.330896106104404, 0.3444306934688789
0.34670974324094544, 0.3317645936748159
0.34721986056793064, 0.33292547348384893
0.3528311511647679, 0.37214651197787224
0.3461996259139602, 0.29888124873045185
0.34415915660601937, 0.3290991644545746
0.335827240265261, 0.3783548447378098
0.3451793912599898, 0.34835526012567847
0.34347900017003913, 0.34495649995138705
0.3436490392790342, 0.3417326279856532
0.34551946947797996, 0.3388264063337414
0.33225641897636454, 0.3296364904307696
0.34415915660601937, 0.3176579647863081
0.3387179051181772, 0.35763706834355774
0.33837782690018703, 0.349981129851494
0.34160856997109335, 0.3278066832488588
0.33667743581023635, 0.32706583694256125
0.3402482570991328, 0.3728951775067983
0.33922802244516237, 0.3724889620973833
0.33786770957320184, 0.33091923958823405
0.3337867709573202, 0.34383675747246895
0.3353171229382758, 0.3357271228521789
0.3395681006631525, 0.3581211281738914
0.3446692739330046, 0.33122182291215235
0.33497704472028567, 0.32351644270768354
0.34670974324094544, 0.3402763927533445
0.3501105254208468, 0.2995360046301601
0.34483931304199966, 0.3183868134566443
0.33854786600918213, 0.3447639701623929
0.34534943036898486, 0.32704321427016547
0.34534943036898486, 0.331399476143864
0.33599727937425605, 0.339579436930522
0.34177860908008845, 0.32815677420390094
0.3439891174970243, 0.3312772527302922
0.343138921952049, 0.3423207952943246
0.3217139942186703, 0.3058097678063641
0.34347900017003913, 0.35459896887056896
0.3376976704642068, 0.33355190423205694
0.34177860908008845, 0.3423163237021693
0.3419486481890835, 0.32791221460923076
0.34058833531712296, 0.33560806204049154
0.3375276313552117, 0.3477947092417169
0.34177860908008845, 0.3301071625671772
0.33990817888114266, 0.34225950377736164
0.3487502125488862, 0.35451141780184875
0.33429688828430537, 0.3155977750061322
0.3375276313552117, 0.33422848520551446
0.34228872640707364, 0.31227328445625446
0.3353171229382758, 0.332614096618036
0.33429688828430537, 0.33208548951977435
0.3363373575922462, 0.34656219082460815
0.3463696650229553, 0.3470439694591768
0.3438190783880292, 0.3312811650575751
0.3582724026526101, 0.34010385279873223
0.3390579833361673, 0.3345055902811301
0.345689508586975, 0.35444456835409593
0.33191634075837445, 0.34310756876171195
0.3450093521509947, 0.33839765526417326
0.330896106104404, 0.34029939564513495
0.348240095221901, 0.35478475758241945
0.35266111205577283, 0.3646532905225699
0.350620642747832, 0.31902712200776034
0.34432919571501447, 0.31988319533256865
0.338207787791192, 0.33732168736529644
0.3397381397721476, 0.3516743074570314
0.3429688828430539, 0.33599678661880994
0.33191634075837445, 0.33559143293293997
0.3348070056112906, 0.3065244968599442
0.3346369665022955, 0.33456331585390775
0.3484101343308961, 0.33210081419372256
0.3327665363033498, 0.349730093808917
0.3412684917531032, 0.32630980940465687
0.3412684917531032, 0.34487250438618744
0.33684747491923145, 0.34839709548184383
0.335827240265261, 0.3434302290207751
0.34551946947797996, 0.33089142604551003
0.333276653630335, 0.32154178637065134
0.3331066145213399, 0.32844067317203524
0.34415915660601937, 0.3556151531441672
0.34211868729807854, 0.3458636203924157
0.3463696650229553, 0.3129267887603454
0.3426288046250638, 0.32832741466415033
0.3419486481890835, 0.3268993574545592
0.33599727937425605, 0.3123511488016795
0.34909029076687637, 0.3352471959904756
0.3484101343308961, 0.35618367233726844
0.3370175140282265, 0.3792446237971716
0.3501105254208468, 0.3097755023764296
0.33548716204727086, 0.3394081845227383
0.335827240265261, 0.3384869400642474
0.3331066145213399, 0.3268969062148113
0.35079068185682705, 0.3404687524209793
0.34432919571501447, 0.3591266889819245
0.3439891174970243, 0.33563516391190845
0.335827240265261, 0.3519855744849849
0.34092841353511305, 0.34397920089443307
0.34228872640707364, 0.3146584933665325
0.3331066145213399, 0.3536870369567943
0.34534943036898486, 0.34398255588893845
0.3397381397721476, 0.32588682788205653
0.34909029076687637, 0.35275555064781494
0.3370175140282265, 0.3166451608831068
0.34483931304199966, 0.3459627094397887
0.3424587655160687, 0.32997307436327755
0.3254548546165618, 0.3114721786684184
0.34177860908008845, 0.3490832159971886
0.34670974324094544, 0.3286787091060035
0.34160856997109335, 0.3372946854320673
0.3463696650229553, 0.3621186833724045
0.3533412684917531, 0.3469215204377354
0.3395681006631525, 0.3495290767844322
0.3582724026526101, 0.3777643979645806
0.34483931304199966, 0.3612974600800579
0.33837782690018703, 0.3470289448856944
0.34602958680496515, 0.3280254306822454
0.3380377486821969, 0.34400718344730835
0.34585954769597005, 0.3503748706546709
0.3524910729467778, 0.3606427542216475
0.3370175140282265, 0.3665538080333909
0.340758374426118, 0.3421173414027267
0.34058833531712296, 0.346762178286337
0.33667743581023635, 0.3468515821164815
0.34211868729807854, 0.3374724553787572
0.3412684917531032, 0.358877995141766
0.33718755313722154, 0.34084154330407634
0.33599727937425605, 0.3407519485522346
0.34432919571501447, 0.3153608953403033
0.34721986056793064, 0.32998644673884064
0.33174630164937935, 0.3177356135344788
0.3264750892705322, 0.33801768808974186
0.340758374426118, 0.37177090397814794
0.33854786600918213, 0.3335213266866268
0.3363373575922462, 0.33399754467862425
0.34483931304199966, 0.36106154763536885
0.3344669273933005, 0.30914303823052663
0.3487502125488862, 0.32156823908789345
0.34721986056793064, 0.35442132397431453
0.3331066145213399, 0.283750185360483
0.3346369665022955, 0.3656498711560293
0.3439891174970243, 0.32450449909987467
0.3387179051181772, 0.33198957205844803
0.33854786600918213, 0.33817298217858116
0.3414385308620983, 0.32648991217194473
0.3468797823499405, 0.32497564437498994
0.34347900017003913, 0.33689601928066926
0.33123618432239416, 0.3457087121532131
0.33599727937425605, 0.33797961586272235
0.3463696650229553, 0.3321379093153519
0.3395681006631525, 0.325426599905185
0.33837782690018703, 0.3539234498390801
0.3479000170039109, 0.35673402254762904
0.3419486481890835, 0.3378492975758838
0.33922802244516237, 0.3149020127440383
0.33667743581023635, 0.32481363269259916
0.34211868729807854, 0.35734073860128296
0.34653970413195034, 0.3439158845330467
0.33990817888114266, 0.37212849451623187
0.34211868729807854, 0.316548833932847
0.34551946947797996, 0.3639175388152139
0.33854786600918213, 0.3332732084429091
0.335827240265261, 0.36075445090457114
0.3473898996769257, 0.33707363972400983
0.34109845264410815, 0.34807625302616074
0.32426458085359633, 0.3387541898071553
0.34909029076687637, 0.3421538450346009
0.33939806155415747, 0.32768891499944636
0.3400782179901377, 0.34730078175300066
0.3548716204727087, 0.35535903077477515
0.34551946947797996, 0.3339782000686029
0.34211868729807854, 0.3545418273474958
0.34704982145893554, 0.3535029663883463
0.3439891174970243, 0.338372116119056
0.35538173779969395, 0.3713407233899687
0.3461996259139602, 0.33097315780401415
0.3297058323414385, 0.3281167136020484
0.3438190783880292, 0.34903536905966676
0.3426288046250638, 0.33668454403952053
0.33616731848325115, 0.32994227410090116
0.3266451283795273, 0.3232830879169025
0.35589185512667915, 0.3616053892436653
0.34228872640707364, 0.3474005194423788
0.33922802244516237, 0.3838769479909721
0.33361673184832513, 0.3390140894042028
0.33599727937425605, 0.33900645838518817
0.3533412684917531, 0.3442906064696198
0.3412684917531032, 0.3464267191734016
0.34602958680496515, 0.3283599739764448
0.3400782179901377, 0.3363362058305227
0.3380377486821969, 0.3480056162772682
0.33429688828430537, 0.34287025880536837
0.3468797823499405, 0.3107194071333797
0.33718755313722154, 0.3344534012418833
0.3461996259139602, 0.36350557228753555
0.33225641897636454, 0.31276035284996084
0.34058833531712296, 0.33061430657161905
0.34585954769597005, 0.3497528119632376
0.34109845264410815, 0.3602200817841246
0.34977044720285666, 0.33089723895345274
0.3419486481890835, 0.35903086799574135
0.343138921952049, 0.3691780151293925
0.3523210338377827, 0.3484403631072962
0.34704982145893554, 0.3354314287831633
0.33004591055942867, 0.3209074544802166
0.3444992348240095, 0.33987465491845065
0.34092841353511305, 0.30398869835676595
0.33667743581023635, 0.3223370421439339
0.34670974324094544, 0.3324255211649117
0.34670974324094544, 0.3649857991491449
0.3327665363033498, 0.33455712675354476
0.34228872640707364, 0.3363957483502293
0.34177860908008845, 0.3560367090111043
0.3484101343308961, 0.316973303328471
0.3388879442271722, 0.34643361259175504
0.33616731848325115, 0.3459712254753392
0.32749532392450265, 0.327268416216507
0.34177860908008845, 0.32210860000185493
0.34602958680496515, 0.33388122712961055
0.3400782179901377, 0.3343138613418372
0.34926032987587147, 0.34199086967858283
0.33293657541234484, 0.3301264661150869
0.3387179051181772, 0.3468374194344784
0.3314062234313892, 0.3495002625127904
0.33548716204727086, 0.3212789100708218
0.338207787791192, 0.33251041811016746
0.32800544125148784, 0.3312276811456535
0.34415915660601937, 0.37743318844801765
0.3412684917531032, 0.33601368945730486
0.33548716204727086, 0.3198053428632398
0.3479000170039109, 0.31132600383700293
0.34058833531712296, 0.32926285490058
0.33293657541234484, 0.3367279624310346
0.3290256759054583, 0.32070047318727635
0.34058833531712296, 0.32976612468795585
0.3325964971943547, 0.320304463580796
0.3438190783880292, 0.3236749424971159
0.34041829620812786, 0.35818533270992103
0.33174630164937935, 0.33600454930996415
0.3400782179901377, 0.31690450578466134
0.3370175140282265, 0.36704073769233536
0.34551946947797996, 0.350458909362989
0.3419486481890835, 0.3575925543709829
0.328345519469478, 0.32223930451120225
0.35079068185682705, 0.34287826375702085
0.3344669273933005, 0.33641120837197164
0.3419486481890835, 0.29488041599676
0.350620642747832, 0.3293238277955823
0.3451793912599898, 0.34019668787906004
0.3444992348240095, 0.3630916500249326
0.3513007991838123, 0.3221712154324397
0.3436490392790342, 0.3531551064809021
0.343138921952049, 0.32729565824656986
0.3375276313552117, 0.32653008822715984
0.35028056452984185, 0.34093497965962233
0.34653970413195034, 0.3273656202110282
0.33361673184832513, 0.36682265051595625
0.3397381397721476, 0.33541018896357544
0.34279884373405883, 0.33839163859914667
0.3402482570991328, 0.3478788960676463
0.3370175140282265, 0.3231419640658292
0.3429688828430539, 0.32505065189927207
0.3412684917531032, 0.32881693374339005
0.33072606699540896, 0.32923710680771745
0.35028056452984185, 0.3183244894372224
0.3621833021594967, 0.37309664141171034
0.3365073967012413, 0.3606837853765494
0.34704982145893554, 0.3406538295007552
0.345689508586975, 0.3164539049397001
0.33837782690018703, 0.3404862528502398
0.34211868729807854, 0.34173195906447557
0.3353171229382758, 0.3283279835408583
0.33667743581023635, 0.3524741579461134
0.34058833531712296, 0.3655107426843655
0.3365073967012413, 0.3471440825198342
0.33718755313722154, 0.31964798587452464
0.34432919571501447, 0.3363436124007499
0.3439891174970243, 0.3499176937592875
0.3436490392790342, 0.3670144492067725
0.34432919571501447, 0.3343114530663541
0.3426288046250638, 0.32166489146237215
0.3424587655160687, 0.3535304263572687
0.35198095561979253, 0.3577926156961318
0.34585954769597005, 0.3566036953641351
0.3320863798673695, 0.33698873150664654
0.3264750892705322, 0.3206883099424983
0.3376976704642068, 0.3527158044339154
0.3429688828430539, 0.3234926634034187
0.3463696650229553, 0.35542967058678937
0.3424587655160687, 0.3733026773855237
0.33854786600918213, 0.37014821119196983
0.3395681006631525, 0.3288910670872954
0.3375276313552117, 0.3399947895540071
0.34926032987587147, 0.34402540854739966
0.33293657541234484, 0.30927866869964654
0.348070056112906, 0.34655239563220114
0.348070056112906, 0.32585017690293455
0.33123618432239416, 0.3409931716606516
0.33497704472028567, 0.3105126310484216
0.348070056112906, 0.36489731412597065
0.34602958680496515, 0.3269494767217397
0.3468797823499405, 0.3475306579486211
0.34347900017003913, 0.33577018365295686
0.34279884373405883, 0.34703111911523893
0.350620642747832, 0.3346100914392077
0.33990817888114266, 0.3207697101564327
0.3414385308620983, 0.3683687337003415
0.3325964971943547, 0.3330737031970287
0.340758374426118, 0.3398732040157734
0.3468797823499405, 0.3308877804022494
0.33072606699540896, 0.33663833916800673
0.34585954769597005, 0.3324297649240494
0.34347900017003913, 0.35060240909941787
0.345689508586975, 0.33725634840984964
0.3429688828430539, 0.34047698658477865
0.33990817888114266, 0.3345649029562946
0.3337867709573202, 0.34343882228495465
0.3402482570991328, 0.36232082346665356
0.3436490392790342, 0.29527062047543573
0.34347900017003913, 0.34362879641759797
0.3375276313552117, 0.34300151492154274
0.3397381397721476, 0.34606518829848165
0.3444992348240095, 0.34202274754805023
0.34109845264410815, 0.3541854185873798
0.3501105254208468, 0.33267406989271875
0.34279884373405883, 0.3212557567700501
0.3429688828430539, 0.3264603834468671
0.3375276313552117, 0.33300451827545385
0.34432919571501447, 0.35058334520332884
0.34211868729807854, 0.3481797975991211
0.33735759224621664, 0.3417489199503676
0.34177860908008845, 0.33515495878435025
0.34347900017003913, 0.3409206276412521
0.33667743581023635, 0.33511600824480703
0.34092841353511305, 0.3611626348422084
0.340758374426118, 0.36185782132042865
0.3419486481890835, 0.35045499960501936
0.34347900017003913, 0.32831045631748723
0.3397381397721476, 0.3165860262921912
0.3463696650229553, 0.35767262874827827
0.3276653630334977, 0.30648653053154584
0.333276653630335, 0.3424760871226063
0.3463696650229553, 0.35343773932036204
0.33174630164937935, 0.3324954006873828
0.340758374426118, 0.37749739773720237
0.34211868729807854, 0.34062640401914956
0.34534943036898486, 0.33402093517096276
0.3346369665022955, 0.3376808136817438
0.3468797823499405, 0.3422473291653275
0.33361673184832513, 0.3289137453153018
0.34041829620812786, 0.3693502730693532
0.33939806155415747, 0.3378086366615156
0.3461996259139602, 0.35171533002100513
0.34109845264410815, 0.33349513071884423
0.33990817888114266, 0.3331191553872736
0.3473898996769257, 0.34632307948873003
0.35028056452984185, 0.3519057550305861
0.33939806155415747, 0.35998952432229286
0.3363373575922462, 0.30796866395552197
0.34160856997109335, 0.34883242496778955
0.34041829620812786, 0.327295268844506
0.3376976704642068, 0.3707315364804588
0.35691208978064953, 0.36468731089959633
0.3365073967012413, 0.3214077855408525
0.3528311511647679, 0.31958256823841236
0.3414385308620983, 0.33275628026384574
0.348070056112906, 0.3310495674294344
0.34432919571501447, 0.33355456226150143
0.3429688828430539, 0.3663651537861947
0.34534943036898486, 0.3513056697273083
0.34721986056793064, 0.33656709072084035
0.35521169869069885, 0.3621786881144599
0.33667743581023635, 0.3183695158329084
0.3339568100663153, 0.35369513909064443
0.34858017343989117, 0.3569281383971561
0.3475599387859208, 0.3422480686366642
0.3496004080938616, 0.35480386481010007
0.3412684917531032, 0.3267582975706408
0.34653970413195034, 0.336520170132963
0.3419486481890835, 0.33009835992506464
0.35589185512667915, 0.35529232656754833
0.3419486481890835, 0.34843548229213356
0.34670974324094544, 0.3615239053574558
0.3461996259139602, 0.34966215486148705
0.3487502125488862, 0.35135717909813086
0.35402142492773336, 0.3524375860394439
0.3400782179901377, 0.3617149288951395
0.33565720115626596, 0.34290614028381167
0.33565720115626596, 0.36611748245160686
0.340758374426118, 0.37861708765186536
0.348070056112906, 0.3640402415040517
0.34551946947797996, 0.3138398197744049
0.34415915660601937, 0.36853988264237836
0.3400782179901377, 0.3377270158075752
0.3320863798673695, 0.3408367277057481
0.3370175140282265, 0.3307493376411967
0.3429688828430539, 0.33788492758870253
0.328345519469478, 0.3141982448649112
0.35266111205577283, 0.3417055206181424
0.35351130760074817, 0.35825403669259376
0.328345519469478, 0.33750456533147977
0.3444992348240095, 0.3422974270312566
0.3516408774018024, 0.33149468544557165
0.34058833531712296, 0.2952072783833822
0.34585954769597005, 0.3517025243197191
0.34058833531712296, 0.31366826986812757
0.3388879442271722, 0.3462739837017823
0.3484101343308961, 0.3467302348007648
0.34858017343989117, 0.3690212337695319
0.3166128209488182, 0.30757358846011834
0.34092841353511305, 0.3245401141813905
0.34534943036898486, 0.32314070802377937
0.3446692739330046, 0.3061813508922365
0.34977044720285666, 0.3583392712711587
0.34211868729807854, 0.33601621592436004
0.35266111205577283, 0.36202949762558906
0.3516408774018024, 0.3491877090073356
0.33854786600918213, 0.3677443960750657
0.3348070056112906, 0.35169740051901793
0.3479000170039109, 0.35214329773242103
0.34534943036898486, 0.36627748046576764
0.3348070056112906, 0.3431065162913453
0.34909029076687637, 0.35435946604631
0.333276653630335, 0.31248911666762585
0.3375276313552117, 0.34366765823105644
0.33616731848325115, 0.3660102649383295
0.34228872640707364, 0.361054452703216
0.34415915660601937, 0.3400922754170274
0.33072606699540896, 0.3297815614529077
0.3538513858187383, 0.3698388614618824
0.34483931304199966, 0.35364534950078763
0.33990817888114266, 0.33706886965704125
0.34160856997109335, 0.3614996025577249
0.3380377486821969, 0.3649424294587946
0.3446692739330046, 0.33889738550751686
0.328345519469478, 0.336724771945198
0.3444992348240095, 0.3390584625457081
0.33922802244516237, 0.31707331945249617
0.33616731848325115, 0.3473800586700056
0.33123618432239416, 0.3494561332263179
0.34653970413195034, 0.3329863186323849
0.3499404863118517, 0.33576568353169584
0.3451793912599898, 0.3538222204158729
0.3397381397721476, 0.3348033546811546
0.34653970413195034, 0.33228359890165193
0.34109845264410815, 0.3379235951995828
0.33837782690018703, 0.3279528098671196
0.33191634075837445, 0.33484956383435743
0.3388879442271722, 0.3568826389363395
0.3376976704642068, 0.3412050680925859
0.34483931304199966, 0.33670283122906636
0.350620642747832, 0.35693404296367526
0.33837782690018703, 0.2953640367342112
0.3388879442271722, 0.3366374330777119
0.34279884373405883, 0.33526394013330496
0.3344669273933005, 0.3057271067449981
0.3523210338377827, 0.3589122227443546
0.33242645808535964, 0.3016301925725901
0.343308961061044, 0.32337363625182663
0.3402482570991328, 0.3665147037994524
0.34926032987587147, 0.34955491032988784
0.348070056112906, 0.33162251659490927
0.33718755313722154, 0.2873253428482309
0.3402482570991328, 0.35976924295394835
0.33616731848325115, 0.3685294212168904
0.3395681006631525, 0.3688861964898039
0.3365073967012413, 0.3006301751935707
0.33548716204727086, 0.3537058434805143
0.34109845264410815, 0.3425745676569592
0.34160856997109335, 0.2893757501971008
0.3438190783880292, 0.35849761052295975
0.3390579833361673, 0.33086875823128614
0.33854786600918213, 0.3549845752168831
0.3419486481890835, 0.32771180710909237
0.33361673184832513, 0.3249683326021124
0.3451793912599898, 0.3353889698482323
0.34041829620812786, 0.31961106677607265
0.3424587655160687, 0.3389047447199277
0.3337867709573202, 0.32962527366389804
0.3395681006631525, 0.36628809073729574
0.33735759224621664, 0.34207658747158465
0.3376976704642068, 0.31491160582580097
0.3375276313552117, 0.347978561481902
0.34041829620812786, 0.3516652033364198
0.34602958680496515, 0.38606415706577224
0.345689508586975, 0.36765626290234055
0.34977044720285666, 0.36534584125496916
0.3370175140282265, 0.3396027555740386
0.3387179051181772, 0.33007567318475795
0.34670974324094544, 0.367459692126512
0.343308961061044, 0.371115933908884
0.33939806155415747, 0.32075883500121666
0.3337867709573202, 0.34293671387644614
0.3439891174970243, 0.32959792335147586
0.33684747491923145, 0.34832219346700527
0.34670974324094544, 0.33928776155204243
0.345689508586975, 0.35479094699964675
0.3567420506716545, 0.35240337483745093
0.35521169869069885, 0.37709885304920776
0.3499404863118517, 0.33837267818440003
0.33854786600918213, 0.34665544420023137
0.343138921952049, 0.32494854241341753
0.3468797823499405, 0.33294763856919296
0.33548716204727086, 0.3367794354936804
0.3424587655160687, 0.37676906549396794
0.3302159496684237, 0.3122627144663737
0.35096072096582215, 0.3329758142826973
0.3400782179901377, 0.3264493481802292
0.3402482570991328, 0.32904805527924874
0.34704982145893554, 0.35224186684256675
0.34160856997109335, 0.35768533687992604
0.3468797823499405, 0.3637112960324171
0.34415915660601937, 0.34852798642749433
0.34092841353511305, 0.35306923311671445
0.33225641897636454, 0.3301385119245214
0.3314062234313892, 0.34687981457664285
0.34432919571501447, 0.3569057650616047
0.3412684917531032, 0.34311009134994835
0.35538173779969395, 0.3751561853799219
0.3346369665022955, 0.4082017290727512
0.338207787791192, 0.3444595554627153
0.33548716204727086, 0.3075769052974789
0.3446692739330046, 0.35863784424513395
0.3516408774018024, 0.33071444121413385
0.34160856997109335, 0.3519828505794998
0.3325964971943547, 0.32521966817527276
0.3461996259139602, 0.3049903663220455
0.33548716204727086, 0.3313337837172241
0.3468797823499405, 0.3395494953695932
0.3281754803604829, 0.3042936052122329
0.3390579833361673, 0.3182445728282672
0.34670974324094544, 0.3319211734702839
0.33667743581023635, 0.32816391387556215
0.340758374426118, 0.34127582105914717
0.3293657541234484, 0.3207928582237623
0.34432919571501447, 0.37305765744243097
0.3400782179901377, 0.34515399781071554
0.3424587655160687, 0.36214263693064846
0.3380377486821969, 0.31834027307363044
0.3351470838292807, 0.3369458791051525
0.35198095561979253, 0.330859646051488
0.3402482570991328, 0.3320109757791975
0.35589185512667915, 0.3535809000890908
0.3380377486821969, 0.34857111014311726
0.34279884373405883, 0.3501930744382943
0.34704982145893554, 0.34152670732368234
0.34347900017003913, 0.32206623400057427
0.35351130760074817, 0.3631485033756006
0.34432919571501447, 0.3156362830442274
0.33939806155415747, 0.3412077827837448
0.3468797823499405, 0.3581922715137656
0.32630505016153716, 0.31899669887657217
0.33599727937425605, 0.3728498566692299
0.3461996259139602, 0.36208860679750854
0.3444992348240095, 0.34903753624738565
0.3327665363033498, 0.32314015372985183
0.35096072096582215, 0.337552272295453
0.3468797823499405, 0.31405035200691045
0.3424587655160687, 0.3370631950747114
0.33616731848325115, 0.30802672591520874
0.36014283285155585, 0.34995102556618335
0.3426288046250638, 0.32643459521229273
0.358102363543615, 0.37389676326246823
0.33684747491923145, 0.32191990195596926
0.33837782690018703, 0.354158038170978
0.33922802244516237, 0.32334164608147115
0.3419486481890835, 0.3440548053571203
0.3424587655160687, 0.3442370450602268
0.343308961061044, 0.33169228177272625
0.3450093521509947, 0.3528032449620842
0.34415915660601937, 0.34009861339527725
0.3341268491753103, 0.33509272599756534
0.3346369665022955, 0.3420130139768468
0.3499404863118517, 0.34275954684239857
0.3513007991838123, 0.3539197318216306
0.3450093521509947, 0.3434338427684162
0.3397381397721476, 0.3610613814369771
0.3387179051181772, 0.31836154292064023
0.33735759224621664, 0.3462245444763537
0.3446692739330046, 0.3246411080838795
0.33429688828430537, 0.3233052154520951
0.3339568100663153, 0.31205114644158194
0.33191634075837445, 0.3165849439814708
0.33548716204727086, 0.3379874368436186
0.3499404863118517, 0.3582352496834448
0.3436490392790342, 0.37584926104504846
0.34653970413195034, 0.33564076946871196
0.34279884373405883, 0.3780124067491758
0.34177860908008845, 0.3337482514805016
0.3424587655160687, 0.35901677435003865
0.3479000170039109, 0.34564230843354654
0.3365073967012413, 0.3385532908173193
0.34415915660601937, 0.34963667902446594
0.3461996259139602, 0.3316783036867182
0.34279884373405883, 0.3239978080071895
0.348070056112906, 0.34016968910646295
0.333276653630335, 0.2928580902732242
0.3424587655160687, 0.34251806333434365
0.3346369665022955, 0.3367745771812339
0.3346369665022955, 0.3405916018305199
0.343308961061044, 0.32353747835422825
0.340758374426118, 0.3424654821333757
0.33072606699540896, 0.3213777941104215
0.34653970413195034, 0.34522351707992915
0.343138921952049, 0.36237773695632153
0.34415915660601937, 0.348365202326962
0.34721986056793064, 0.32186110904811
0.3291957150144533, 0.3233024415471005
0.3479000170039109, 0.35842904858457064
0.34211868729807854, 0.37697595056385474
0.33684747491923145, 0.3481353665730261
0.34109845264410815, 0.32658186570264564
0.3451793912599898, 0.3744812697364254
0.35045060363883695, 0.34850954729601424
0.34228872640707364, 0.35380492570422173
0.348240095221901, 0.3511663917858505
0.33786770957320184, 0.35611391913957824
0.3365073967012413, 0.3068423814700341
0.33497704472028567, 0.3489937304338555
0.3387179051181772, 0.3339832386629572
0.33599727937425605, 0.35295517269775206
0.33990817888114266, 0.33068112695716284
0.33922802244516237, 0.3465951200570768
0.34602958680496515, 0.32452769902984263
0.33191634075837445, 0.33974213760199506
0.3387179051181772, 0.3302736456292233
0.34109845264410815, 0.376056662789005
0.3438190783880292, 0.3595061772912534
0.3438190783880292, 0.3243619952868353
0.34347900017003913, 0.3395951060796403
0.3412684917531032, 0.35137755495887096
0.34160856997109335, 0.33889138021542076
0.34483931304199966, 0.3496542314773852
0.33990817888114266, 0.3476092064331317
0.34721986056793064, 0.36031972456846156
0.34415915660601937, 0.3329767300134649
0.3446692739330046, 0.35275515639752936
0.348240095221901, 0.3498891671245531
0.34653970413195034, 0.3411447379732071
0.3303859887774188, 0.30073362395080394
0.34721986056793064, 0.3495883980024932
0.34415915660601937, 0.3495413541811475
0.3499404863118517, 0.32993692978656736
0.34926032987587147, 0.3363023051527773
0.33667743581023635, 0.3446214769746125
0.34279884373405883, 0.33804730918957054
0.3303859887774188, 0.34800997277584367
0.34109845264410815, 0.3469068157412159
0.34551946947797996, 0.33913305344052136
0.34534943036898486, 0.31900070211497517
0.3390579833361673, 0.3233498227727475
0.34415915660601937, 0.35191523989577117
0.34041829620812786, 0.32267414321467647
0.3363373575922462, 0.338168867031381
0.33684747491923145, 0.3656264004951098
0.33225641897636454, 0.32611816530031573
0.33599727937425605, 0.3377421132256312
0.3475599387859208, 0.3512636821637397
0.3479000170039109, 0.3689921860860971
0.340758374426118, 0.3732358132222385
0.3344669273933005, 0.34263936388123717
0.3487502125488862, 0.3592671377955749
0.3387179051181772, 0.3452933218108705
0.3439891174970243, 0.36212329421393147
0.3424587655160687, 0.3554374764664934
0.33191634075837445, 0.3515671288437414
0.34551946947797996, 0.3375436855001867
0.3375276313552117, 0.3172421534512725
0.35045060363883695, 0.35939706539678185
0.34160856997109335, 0.3392909788544301
0.33242645808535964, 0.3298505414393304
0.3533412684917531, 0.34307020437711744
0.3426288046250638, 0.3267944470193287
0.3365073967012413, 0.347531589933577
0.34347900017003913, 0.36625893848155244
0.3439891174970243, 0.34456718301168543
0.3344669273933005, 0.3370585162183446
0.33718755313722154, 0.33311698840839427
0.3516408774018024, 0.3255419060313905
0.34109845264410815, 0.3390019843118307
0.3402482570991328, 0.30016079085968106
0.34347900017003913, 0.3548948701545245
0.3524910729467778, 0.31837373660417284
0.3390579833361673, 0.34310115406685743
0.34772997789491583, 0.3152168001834255
0.33922802244516237, 0.31758924807464994
0.353171229382758, 0.36284838275018805
0.3438190783880292, 0.3191690438854261
0.3496004080938616, 0.3314017023089171
0.34483931304199966, 0.33390044106996425
0.340758374426118, 0.3050372799110386
0.3414385308620983, 0.3333304379058766
0.3380377486821969, 0.31507635267753714
0.3414385308620983, 0.3331100099367958
0.3496004080938616, 0.3375329686824618
0.3446692739330046, 0.3459413193715046
0.3388879442271722, 0.3427516809087767
0.3387179051181772, 0.34020380359996966
0.34347900017003913, 0.3590490015415353
0.33667743581023635, 0.3246837725165189
0.33837782690018703, 0.3216633390595493
0.33939806155415747, 0.322222630375994
0.3426288046250638, 0.31811708840767344
0.340758374426118, 0.3617784446642426
0.3484101343308961, 0.33316861677277004
0.3475599387859208, 0.32131884126878013
0.328345519469478, 0.3275769879580774
0.32749532392450265, 0.3173921046347155
0.34858017343989117, 0.33380500959023357
0.33225641897636454, 0.34670264386052807
0.333276653630335, 0.302680601845727
0.3370175140282265, 0.3396612787490412
0.3388879442271722, 0.3296706292096925
0.34058833531712296, 0.337768070165626
0.33786770957320184, 0.3104554004852412
0.33939806155415747, 0.3498401200468568
0.3341268491753103, 0.32491913491755586
0.33242645808535964, 0.3223865338580505
0.3412684917531032, 0.3641740212130242
0.34585954769597005, 0.36091033404240136
0.34772997789491583, 0.37710110432446364
0.343308961061044, 0.3298520548223981
0.34551946947797996, 0.37558802654303397
0.33854786600918213, 0.3542479263790926
0.34704982145893554, 0.3481070793336623
0.34704982145893554, 0.3568426163295974
0.3523210338377827, 0.38021176289576825
0.34228872640707364, 0.33319325893143126
0.33990817888114266, 0.3434812787165719
0.34177860908008845, 0.3308478839994034
0.34228872640707364, 0.3560416377104555
0.338207787791192, 0.3662104528219482
0.3375276313552117, 0.3273089317623588
0.35351130760074817, 0.35330289968309136
0.3419486481890835, 0.3494116044912311
0.3494303689848665, 0.3584262791792418
0.3387179051181772, 0.3635963607550267
0.34721986056793064, 0.33219077897052995
0.34602958680496515, 0.31849820024714925
0.3281754803604829, 0.30641521324358945
0.3395681006631525, 0.36384871652407486
0.3473898996769257, 0.3500264718583021
0.34211868729807854, 0.30404557062420523
0.3339568100663153, 0.35954640935575216
0.3365073967012413, 0.34751254952783106
0.3380377486821969, 0.3525713413283681
0.3375276313552117, 0.3308583017934107
0.34177860908008845, 0.34024093127312555
0.3346369665022955, 0.30910791934283455
0.33599727937425605, 0.3481106431492252
0.3424587655160687, 0.3599731334534465
0.3438190783880292, 0.35152890240868523
0.34177860908008845, 0.3061513241137802
0.3395681006631525, 0.34233879447318394
0.34415915660601937, 0.3558571566441029
0.33548716204727086, 0.34306156630524903
0.3419486481890835, 0.3483117909313568
0.3562319333446693, 0.3617708928292226
0.34092841353511305, 0.34990885162796537
0.3414385308620983, 0.3443466354741622
0.3348070056112906, 0.351991581900977
0.34228872640707364, 0.34078708028931765
0.34041829620812786, 0.3396689968421818
0.3375276313552117, 0.34135758632193186
0.34041829620812786, 0.3382957065932393
0.3479000170039109, 0.36055003337048563
0.3450093521509947, 0.36360120391476763
0.3475599387859208, 0.3331586286084029
0.3429688828430539, 0.3421197811734654
0.3375276313552117, 0.31722411069628487
0.3496004080938616, 0.3509676632410884
0.3451793912599898, 0.36026965413013323
0.338207787791192, 0.32152637192707634
0.3387179051181772, 0.3111304809849613
0.3496004080938616, 0.3617524716688759
0.3337867709573202, 0.3359173043691391
0.3543615031457235, 0.39498091538005614
0.3468797823499405, 0.3589623433430738
0.33242645808535964, 0.3100139550764355
0.3365073967012413, 0.33439974391508365
0.34772997789491583, 0.3376685658751648
0.3290256759054583, 0.2986069251110004
0.3387179051181772, 0.3382646489163427
0.3439891174970243, 0.38848710316216145
0.34347900017003913, 0.3133714748001897
0.33497704472028567, 0.34525791937756595
0.34858017343989117, 0.34462745498014385
0.3397381397721476, 0.3750179658319581
0.33684747491923145, 0.2992648137172214
0.34432919571501447, 0.34245119081380737
0.3414385308620983, 0.3352543406128224
0.33718755313722154, 0.3234009813481751
0.33004591055942867, 0.3145005703749625
0.3444992348240095, 0.3467217678370602
0.3348070056112906, 0.31518764194354926
0.3325964971943547, 0.31026873324358406
0.32681516748852235, 0.28262525499008706
0.3376976704642068, 0.2973131372059882
0.33837782690018703, 0.36314346099566625
0.34483931304199966, 0.3604712877562796
0.3395681006631525, 0.3733594339543531
0.3375276313552117, 0.3207287472879627
0.34670974324094544, 0.35772563059943807
0.33990817888114266, 0.3651666468892406
0.340758374426118, 0.3353209930535496
0.3337867709573202, 0.36148121357561064
0.3487502125488862, 0.32454838711159417
0.34602958680496515, 0.3731113492081104
0.3511307600748172, 0.32754867296814577
0.33854786600918213, 0.33875612270808264
