ATE real, ATE estimado
1.0000000000000075, 1.0487169133322218
0.9999999999999978, 1.0679460908082627
0.9999999999999934, 1.0615813405510068
0.9999999999999988, 1.0744164133224705
0.9999999999999982, 1.0748790167344127
0.9999999999999952, 1.0248216954617917
1.0000000000000056, 1.058027429027645
1.0000000000000029, 1.0384694546621498
1.0000000000000122, 1.0512853141222223
1.0000000000000033, 1.0643115729287436
0.9999999999999986, 1.088517062378138
0.9999999999999968, 1.0641288766728914
1.0000000000000056, 1.054023193738146
1.0000000000000078, 1.0344719556004787
0.9999999999999954, 1.036074039496347
1.0000000000000135, 1.0526130985735693
0.9999999999999994, 1.052567509264281
1.0000000000000056, 1.058257633105733
1.000000000000004, 1.0553858234917053
1.0000000000000042, 1.051425694964525
0.9999999999999853, 1.0588892660888751
0.9999999999999911, 1.0203525061344048
0.9999999999999998, 1.021021663654328
0.9999999999999988, 1.0464158587281798
0.9999999999999972, 1.0391856954255254
0.999999999999995, 1.0499062448227354
1.000000000000004, 1.0517679247382599
0.9999999999999977, 1.0605558214949224
1.0000000000000004, 1.0467590209232347
0.9999999999999996, 1.051926622720924
0.9999999999999947, 1.0526291114156154
1.0000000000000029, 1.0706935561682636
1.0000000000000073, 1.0659385930529168
0.9999999999999909, 1.0729102903925296
1.0000000000000047, 1.040811468198501
1.0000000000000009, 1.06505890612661
0.9999999999999958, 1.0298129104330065
0.999999999999995, 1.0658418287982148
1.0000000000000073, 1.1033844569071203
0.9999999999999986, 1.0671519961245708
0.9999999999999952, 1.059855255283703
1.0000000000000042, 1.0450326314625915
0.999999999999995, 1.0579892035713658
0.9999999999999974, 1.0426404024741216
0.9999999999999978, 1.0499944734324393
1.0000000000000029, 1.0579613461951414
1.0000000000000047, 1.0694544437281739
0.9999999999999992, 1.0373322920683776
1.0000000000000038, 1.0752672847636278
1.0000000000000075, 1.0793635519559643
0.9999999999999994, 1.064195494972822
1.0000000000000029, 1.0390685183499229
0.9999999999999994, 1.0342740161385469
1.0000000000000049, 1.0418108806497342
1.0000000000000024, 1.0443449679371493
0.999999999999998, 1.0390882681486795
0.9999999999999958, 1.0465822163894345
1.0000000000000004, 1.0294242609312858
1.0000000000000062, 1.0760098522493489
0.9999999999999962, 1.0158144086921344
1.0000000000000013, 1.101017571353189
1.00000000000001, 1.0477067428330105
1.0000000000000013, 1.0873267815555918
1.0000000000000109, 1.0212482889375973
1.000000000000004, 1.1016666403023103
0.9999999999999957, 1.0539712620896007
0.9999999999999919, 1.068479648807545
0.9999999999999968, 1.0375392895230773
1.0000000000000049, 1.0706910575782158
0.9999999999999939, 1.0391039880841295
0.9999999999999968, 1.0813121470974156
1.00000000000001, 1.0631866663213592
1.0000000000000038, 1.0687741463859481
0.9999999999999974, 1.026404870039491
1.0000000000000118, 1.041597461124132
0.9999999999999977, 1.0449179875003054
1.0000000000000027, 1.0480960574272482
1.0000000000000042, 1.0394175543566688
0.9999999999999929, 1.053453410032342
0.9999999999999944, 1.0480683117960963
0.9999999999999937, 1.0497238555698365
0.9999999999999994, 1.025235996292615
0.9999999999999921, 1.0402327341235995
1.0000000000000062, 1.054251860549127
1.0000000000000036, 1.0589304791897827
1.0000000000000033, 1.0478299869511962
0.9999999999999954, 1.0410329239212999
1.0000000000000022, 1.0876260221709768
1.0000000000000107, 1.0430955034332228
1.0000000000000042, 1.0454812785497094
1.0000000000000102, 1.0496311882724525
1.000000000000002, 1.068229446345181
1.0000000000000007, 1.0523646856084223
1.0000000000000047, 1.0183455926009575
0.9999999999999944, 1.0196081509440982
0.9999999999999937, 1.021370168805286
0.9999999999999996, 1.07853339836599
1.000000000000008, 1.0564207108825208
1.000000000000003, 1.0636826096611482
0.9999999999999912, 1.050906188769621
0.999999999999996, 1.0306784099321722
1.0000000000000002, 1.0286303955197378
1.0000000000000016, 1.0248576999970525
0.9999999999999994, 1.0752734888051227
0.9999999999999996, 1.0986172741936446
1.0000000000000004, 1.0824116004527753
0.9999999999999954, 1.06043854165919
0.9999999999999937, 1.0068363895286019
1.0000000000000087, 1.0436815897939633
0.9999999999999934, 1.072978980719074
1.0000000000000022, 1.0246959423212396
0.9999999999999972, 1.0610813989196386
0.9999999999999968, 1.0259639206787983
0.9999999999999994, 1.0654470552454889
1.0000000000000024, 1.038017021402859
0.9999999999999942, 1.0518994084589064
1.0000000000000009, 1.057787659734829
0.9999999999999915, 1.0630201455307045
0.9999999999999982, 1.047013597622526
0.999999999999995, 1.06426728417971
0.999999999999998, 1.0792465874853794
1.000000000000002, 1.0355980527397919
0.9999999999999947, 1.027234175624974
1.0000000000000095, 1.0696402500512574
0.9999999999999994, 1.0633902650801557
0.9999999999999972, 1.0838201067922295
1.000000000000002, 1.0628551191036508
1.0000000000000056, 1.0516849593949409
1.0000000000000107, 1.0805699378438425
1.0000000000000033, 1.0494464164371315
0.9999999999999996, 1.0506202319214832
0.999999999999998, 1.078129752965785
0.9999999999999897, 1.050934151409837
1.0000000000000013, 1.0483306760277165
1.000000000000002, 1.071411693623681
1.000000000000007, 1.050948838070945
0.9999999999999921, 1.0438247525699709
1.0000000000000082, 1.034178449209089
1.0000000000000036, 1.0238598751284558
1.0000000000000002, 1.0319362304165782
1.0000000000000049, 1.0279328991771262
1.0000000000000033, 1.0788092025190115
0.9999999999999902, 1.0635599877344133
0.9999999999999967, 1.064686288471047
1.0000000000000067, 1.0587852000321265
0.9999999999999937, 1.03899631521892
0.9999999999999998, 1.078929294076944
0.9999999999999974, 1.0615303605592268
1.000000000000005, 1.060851072201324
1.0000000000000033, 1.048150677394105
0.9999999999999972, 1.035288640907397
0.9999999999999964, 1.037554876259485
1.0000000000000027, 1.018252598934589
0.9999999999999895, 1.0381662578087931
0.9999999999999982, 1.0648148630115042
1.0000000000000038, 1.042029055128582
0.9999999999999957, 1.0710517163948736
1.0000000000000029, 1.0521052892532987
1.0000000000000042, 1.043127284823384
0.9999999999999972, 1.0406084382153349
1.000000000000002, 1.018392450368401
0.9999999999999972, 1.009535341125746
0.9999999999999984, 1.0551045148112828
1.0000000000000018, 1.0471253871182764
1.0000000000000016, 1.06584383971978
1.000000000000005, 1.0416011601740878
0.9999999999999927, 1.0595469755194014
0.9999999999999947, 1.0574655005937732
0.9999999999999958, 1.0732713095130868
1.000000000000008, 1.0478103979981108
0.999999999999996, 1.050675365675653
0.9999999999999962, 1.011320841390218
0.9999999999999988, 1.0375713820681267
1.0000000000000053, 1.0824187734080597
0.999999999999993, 1.0746802794533974
0.9999999999999897, 1.082648222047193
1.0000000000000004, 1.046814891902178
1.000000000000002, 1.0604916583501007
0.9999999999999967, 1.0336925607766907
1.0000000000000042, 1.0690188913906977
1.0000000000000062, 1.0585345541464182
1.0000000000000024, 1.0341272371734764
0.9999999999999996, 1.0502255606940765
0.9999999999999996, 1.0447671705852575
1.0000000000000024, 1.0392068263686796
1.0000000000000064, 1.0557295870823904
0.9999999999999984, 1.0483213395544255
0.9999999999999915, 1.0158310844452745
1.0000000000000102, 1.033167355168269
0.9999999999999994, 1.0545639998742506
0.9999999999999978, 1.0502261992776083
1.0000000000000104, 1.0331441623365942
0.9999999999999942, 1.0771162660307958
1.0000000000000073, 1.0297552002778292
1.0000000000000109, 1.0171895079637516
0.9999999999999922, 1.0836788391027845
1.000000000000014, 1.0847397841538287
1.0000000000000002, 1.0419311233366964
1.000000000000004, 1.042404549945076
0.9999999999999958, 1.0416303581791204
0.9999999999999944, 1.0673697246122424
0.9999999999999977, 1.0357130627467188
0.9999999999999972, 1.0252475582463576
1.0000000000000047, 1.0666058320713765
1.000000000000005, 1.054098461359527
0.9999999999999967, 0.998883517554637
1.0000000000000013, 1.0322535549459793
0.9999999999999988, 1.0287944908263489
1.000000000000001, 1.0737767526343296
1.0000000000000049, 1.043928588402409
1.0000000000000024, 1.0593236014834906
0.9999999999999899, 1.0695208426890686
1.0000000000000027, 1.0325404191075016
1.0000000000000093, 1.0508031496407473
0.9999999999999977, 1.0336702836929577
0.9999999999999919, 1.0589100230494242
1.0000000000000036, 1.035674588280264
1.0000000000000056, 1.0688560976963803
0.9999999999999939, 1.0760170346371898
0.9999999999999947, 1.0387183667342073
1.0000000000000027, 1.0451427577400902
1.0000000000000009, 1.0575119863142686
0.9999999999999919, 1.0762946317463393
1.0000000000000069, 1.0399136862117029
0.9999999999999947, 1.0337392607360152
0.999999999999995, 1.0345425923727167
1.000000000000002, 1.0610305050612232
0.9999999999999964, 1.0340531765029957
0.9999999999999996, 1.0581483354987962
0.9999999999999944, 1.0329028150817412
1.0000000000000009, 1.0477503911852386
1.000000000000009, 1.0508649837072213
1.0000000000000044, 1.0610555971306166
0.9999999999999958, 1.0453283303792378
1.0000000000000082, 1.0463000161611264
1.000000000000004, 1.0497550995078715
1.0000000000000089, 1.0367407354239655
1.0000000000000018, 1.0516307379088004
1.0000000000000064, 1.0387680277501783
1.0000000000000002, 1.0811755841823452
0.9999999999999947, 1.0449067223343298
0.9999999999999982, 1.017624809337323
0.9999999999999958, 1.0416811121182667
1.0000000000000064, 1.0724580628451457
1.0000000000000009, 1.080335796023138
1.0000000000000093, 1.0496071059944359
1.0000000000000027, 1.0554158717886954
1.0000000000000002, 1.0534723834368025
0.9999999999999994, 1.070992964407493
0.9999999999999803, 1.047392203633252
1.000000000000003, 1.0033849280597154
1.0000000000000047, 1.0671789140745285
0.9999999999999967, 1.0461579985774108
0.9999999999999974, 1.0252957120647883
1.0000000000000038, 1.0313123933033401
0.9999999999999934, 1.0539661996838876
1.0000000000000009, 1.0677588404972669
1.0000000000000027, 1.0416265397949938
1.0000000000000002, 1.0652134166640796
1.0000000000000095, 1.041474197593373
1.000000000000001, 1.0722423123658391
1.0000000000000024, 1.0612256591605769
0.9999999999999994, 1.0245592848830238
0.9999999999999967, 1.0151631614705185
1.0000000000000058, 1.047480126782614
1.0000000000000016, 1.0630279970548946
0.9999999999999996, 1.0345779937594255
1.0000000000000053, 1.0777580431288385
0.9999999999999967, 1.0825276348039372
0.9999999999999998, 1.0431239821966471
0.9999999999999998, 1.0523242438413183
1.000000000000012, 1.0558849553350564
1.000000000000002, 1.0763639373744407
0.9999999999999972, 1.0684268081438233
0.9999999999999972, 1.0749160673506313
0.9999999999999967, 1.050550056625835
0.9999999999999964, 1.0571946464570683
1.000000000000006, 1.0702002894077032
0.9999999999999952, 1.062268129321072
1.000000000000001, 1.042320403986401
0.9999999999999967, 1.0554331097158332
1.00000000000001, 1.079896276167613
1.0000000000000027, 1.0268066938813505
1.0000000000000113, 1.032386133501289
1.0000000000000098, 1.0697940602839058
1.000000000000012, 1.0483600917147078
0.9999999999999922, 1.0704497605261554
0.9999999999999964, 1.0433244245742122
0.9999999999999968, 1.053679617481833
1.0000000000000009, 1.0673070634352575
0.9999999999999883, 1.080781905192057
1.0000000000000004, 1.0390016707322165
1.0000000000000009, 1.0654662382473519
0.9999999999999929, 1.0284158109896715
0.9999999999999968, 1.05225582998388
1.0000000000000078, 1.0356042421767033
1.0000000000000107, 1.0915884238125477
0.999999999999999, 1.076851100058022
0.9999999999999996, 1.0538259764669704
1.0000000000000047, 1.0927009352521218
1.0000000000000029, 1.0522046678550114
1.0000000000000042, 1.0533548657043037
1.0000000000000082, 1.0549208333420248
0.9999999999999911, 1.032583376980801
0.9999999999999915, 1.0800231162820484
1.0000000000000058, 1.0494237251707554
0.9999999999999988, 1.0681955164734225
0.9999999999999947, 1.048996032146567
1.0000000000000095, 1.0791646170322
1.0000000000000009, 1.043049686298494
0.9999999999999849, 1.1034167225090785
0.9999999999999984, 1.0091630209835376
1.0000000000000042, 1.0486213817934633
0.9999999999999958, 1.0619632066397358
1.0000000000000127, 1.048355142545649
1.0000000000000009, 1.0216395414879118
1.000000000000002, 1.0609008060810687
1.0000000000000038, 1.0436365067394717
0.9999999999999998, 1.0523748710946257
0.9999999999999949, 1.050720249019377
0.9999999999999954, 1.0674769735690413
0.9999999999999942, 1.0523631240184659
1.0000000000000109, 1.0746910070122775
0.9999999999999968, 1.0846881019504635
1.0000000000000118, 1.0674025224688144
1.0000000000000016, 1.0594730282661513
1.0000000000000087, 1.0657641122649657
0.9999999999999964, 1.044248717759377
0.9999999999999922, 1.0236383782565208
1.000000000000002, 1.0383736870285976
0.9999999999999962, 1.064189277983449
1.000000000000011, 1.0492979946958558
0.9999999999999937, 1.0671169166140724
0.9999999999999964, 1.051659998458345
1.0000000000000029, 0.9998761263840026
0.9999999999999968, 1.0512642967661971
0.9999999999999937, 1.0838322034129475
0.9999999999999922, 1.0468579251578336
1.0000000000000044, 1.0305287540400876
1.0000000000000018, 1.0530029572491217
0.9999999999999968, 1.0445965498728962
1.0000000000000004, 1.0171311215365626
1.000000000000008, 1.0633429205514242
0.9999999999999986, 1.048482637409191
0.9999999999999922, 1.0510759426529082
1.000000000000001, 1.031176867315322
0.9999999999999968, 1.0226418325909135
1.000000000000011, 1.0113978336459601
1.0000000000000047, 1.0559546378675835
0.9999999999999977, 1.034562286681681
0.9999999999999984, 1.054477985220057
1.0000000000000009, 1.0647876489420731
1.0000000000000024, 1.0446782874066594
1.000000000000007, 1.0528781085707637
1.0000000000000036, 1.0464829125592434
1.000000000000004, 1.05181874964006
1.0000000000000029, 1.0492129035172852
0.9999999999999944, 1.0739256382274436
0.999999999999996, 1.0582280705241365
0.9999999999999972, 1.0327868490639611
0.9999999999999984, 1.0468223534748198
0.999999999999998, 1.06600357308889
0.9999999999999988, 1.0587061184303077
0.9999999999999942, 1.0726260383474382
1.000000000000001, 1.0519422613962222
1.000000000000001, 1.078319081510688
1.0000000000000029, 1.0687069352320409
1.0000000000000029, 1.073621384578909
1.000000000000004, 1.0554604479557466
0.9999999999999942, 1.0491061813013243
1.0000000000000029, 1.036291632535057
0.999999999999994, 1.063455045864829
0.999999999999993, 1.0630063234933926
0.9999999999999909, 1.0445955820865147
1.0000000000000029, 1.0628105236840388
0.9999999999999911, 1.0548476378553853
0.9999999999999952, 1.0452557176978639
1.0000000000000013, 1.088930954495526
0.9999999999999994, 1.0749697791346466
0.9999999999999986, 1.048836655463884
1.000000000000004, 1.061268633558052
0.999999999999994, 1.0756419113536673
1.0000000000000013, 1.0391697046559938
1.000000000000011, 1.0578423289277228
0.9999999999999897, 1.0565464776618114
0.999999999999997, 1.0449735263052993
0.9999999999999998, 1.0518814831780017
1.0000000000000049, 1.078385333349094
0.999999999999993, 1.0424845590935523
0.999999999999997, 1.0449697852388908
1.0000000000000056, 1.0455828445242872
1.000000000000004, 1.0529156699838635
1.0000000000000009, 1.0499087471915365
1.0000000000000042, 1.0446105115864366
0.9999999999999986, 1.0682627995736653
1.0000000000000049, 1.0307877721479541
1.0000000000000047, 1.0721192780844802
1.000000000000004, 1.0530330625389854
1.000000000000002, 1.0489349773019334
1.0000000000000013, 1.0253139403327907
0.9999999999999968, 1.0567057274534177
0.9999999999999982, 1.0734933278213201
0.999999999999996, 1.052205066283616
1.0000000000000029, 1.058739366037623
0.9999999999999901, 1.0512634690366442
0.9999999999999922, 1.0738483286917258
1.000000000000003, 1.0564471911374353
0.9999999999999967, 1.0572398769877076
1.0000000000000027, 1.0392359111839227
1.0000000000000002, 1.0405916706394782
1.0000000000000089, 1.0421084350353431
1.0000000000000044, 1.0503780288596218
0.9999999999999911, 1.0407923030422022
1.0, 1.0410678369519073
0.9999999999999919, 1.0662057124845008
1.0000000000000047, 1.0572877105638632
0.9999999999999957, 1.028908905882796
1.0000000000000064, 1.0423157228571176
0.9999999999999992, 1.024343430280262
0.9999999999999929, 1.0403230175242557
0.9999999999999964, 1.0677144967525236
0.9999999999999942, 1.0605788761726829
1.0000000000000049, 1.0448959133047957
1.0000000000000122, 1.0476496414641532
1.000000000000001, 1.0718551030364036
1.0000000000000104, 1.034060160802207
0.9999999999999994, 1.0483005848941906
1.0000000000000027, 1.0650014024445342
0.9999999999999977, 1.0655922253073495
1.0000000000000053, 1.017277032851865
1.0000000000000075, 1.0366546279888558
0.9999999999999849, 1.0882750501040266
0.9999999999999917, 1.0570636014923742
0.9999999999999919, 1.0679209720773013
0.999999999999996, 1.0439418908179867
0.9999999999999967, 1.0515084555135066
1.0, 1.0641970398972012
1.0000000000000093, 1.0717282107934065
0.9999999999999977, 1.0692164840581058
0.9999999999999996, 1.0533259139996678
0.9999999999999911, 1.0273145839770188
0.999999999999998, 1.0687287000342212
1.0000000000000058, 1.0616995780774015
0.999999999999998, 1.0472447316808338
0.999999999999999, 1.0844327320548426
1.0000000000000153, 1.048939507631768
1.0000000000000067, 1.0856520808102492
1.000000000000004, 1.071953077958264
1.0000000000000013, 1.0384908398176822
1.0000000000000004, 1.052416820420171
0.999999999999996, 1.0449870144725997
0.9999999999999977, 1.0604967782481445
1.0000000000000013, 1.0475089782958635
1.0000000000000029, 1.0556588262252304
1.000000000000008, 1.0428171152342234
0.9999999999999982, 1.0529945593767476
0.9999999999999942, 1.0247201664724155
0.9999999999999869, 1.063184280325005
1.0000000000000009, 1.0552696819690133
1.0000000000000047, 1.0484849889280725
0.9999999999999922, 1.0398205326730359
1.000000000000003, 1.0409642147597284
1.0000000000000029, 1.0483712474372597
1.000000000000001, 1.0184419401786091
0.999999999999996, 1.0509077253944668
0.9999999999999929, 1.027608143137144
1.0000000000000004, 1.0449569210698342
0.9999999999999889, 1.009527765597804
0.9999999999999988, 1.04868825900011
0.9999999999999962, 1.0358506672204997
1.0000000000000069, 1.0302743000498493
0.9999999999999988, 1.030798967405497
0.9999999999999942, 1.0645976823171204
0.9999999999999977, 1.0278286258059088
1.0000000000000002, 1.0548754003238408
0.9999999999999977, 1.0669764282872285
1.0000000000000016, 1.0494133944307031
0.9999999999999998, 1.084365804311496
0.9999999999999929, 1.0645051951726328
1.000000000000001, 1.0513853369929764
0.999999999999995, 1.0630281916363291
0.999999999999999, 1.0565514636725801
1.000000000000007, 1.065480506503827
1.0000000000000018, 1.0403653196050273
1.000000000000004, 1.0472462830717817
0.9999999999999897, 1.0584591627802218
0.9999999999999988, 1.0515260359534944
0.9999999999999982, 1.0765498955233375
1.0000000000000004, 1.032928793674992
0.9999999999999998, 1.101730327554979
1.0000000000000093, 1.051239105948559
1.000000000000002, 1.0500206066144968
0.9999999999999899, 1.049605076710838
0.9999999999999988, 1.0392509860227175
1.0000000000000124, 1.0464346973877436
1.00000000000001, 1.0459571806275345
0.9999999999999927, 1.0751599478524068
1.0000000000000022, 1.0314840893817534
1.0000000000000029, 1.0685570862161309
0.9999999999999992, 1.051486910985242
1.0000000000000036, 1.021505435961435
1.0000000000000064, 1.0423591108085581
1.0000000000000118, 1.0385277749241335
1.0000000000000049, 1.0674644430897324
0.9999999999999996, 0.9926316038186609
0.9999999999999994, 1.040247678388603
1.0000000000000007, 1.0512370225595316
1.0000000000000009, 1.0660706290535664
1.00000000000001, 1.069936672561794
0.9999999999999974, 1.0666913070239494
0.9999999999999934, 1.0349363461460617
0.9999999999999996, 1.0815406324724797
0.9999999999999964, 1.0266063623377357
0.9999999999999927, 1.0511091111110265
1.0000000000000053, 1.0442869925021543
0.999999999999997, 1.0362195795897926
1.000000000000001, 1.0688624011666248
1.0000000000000049, 1.0711447410146404
1.0000000000000029, 1.0589361504251253
1.0000000000000007, 1.0762778695278108
0.9999999999999968, 1.0496286539922544
1.0000000000000058, 1.0697885408307677
1.0000000000000016, 1.0534730736159763
0.9999999999999964, 1.0567379354117699
1.000000000000003, 1.081377105205516
0.9999999999999925, 1.0770391811368962
0.9999999999999947, 1.057997654927085
0.9999999999999992, 1.071624126665448
1.0000000000000064, 1.0346684391841274
1.0000000000000078, 1.0318762585514079
0.9999999999999998, 1.0740569255229713
1.000000000000007, 1.0282731377862024
0.9999999999999902, 1.0602748330836382
1.0000000000000107, 1.0436530887766209
1.0000000000000087, 1.051586795755507
1.000000000000001, 1.041278535678255
0.9999999999999957, 1.0675070384628986
0.9999999999999949, 1.0333022519595716
1.0000000000000047, 1.0276560711890048
1.0000000000000022, 1.0565364967428028
0.9999999999999934, 1.062750788318154
1.0000000000000029, 1.0686871499086439
0.9999999999999988, 1.0499474297521094
0.9999999999999944, 1.0675617403660103
0.999999999999997, 1.04818402701817
1.0, 1.0656611348952607
0.9999999999999954, 1.037817859081921
0.9999999999999901, 1.0609678559477929
0.9999999999999994, 1.0517285690229659
1.0000000000000022, 1.0574707403210017
0.9999999999999873, 1.0359071431413696
1.000000000000002, 1.0636743128199755
1.0000000000000018, 1.0565937159085697
0.9999999999999949, 1.069552833935377
0.9999999999999958, 1.0709262328676796
1.0000000000000029, 1.0519972645672726
0.999999999999997, 1.0798924331902864
0.9999999999999968, 1.040321601855247
1.0000000000000102, 1.0314610718087407
1.0000000000000009, 1.0538908593058118
1.0000000000000016, 1.0643474262440675
1.0000000000000018, 1.048655665397905
0.9999999999999994, 1.052298307231854
0.999999999999995, 1.0231425981312754
1.000000000000004, 1.0592525427423891
1.0000000000000007, 1.073053017118835
1.0000000000000042, 1.056697133013782
0.999999999999996, 1.0439509343022464
1.0000000000000036, 1.0453670934513597
1.0000000000000089, 1.050223331761266
1.0000000000000029, 1.0316667664628474
1.0000000000000058, 1.0190120301415
0.9999999999999996, 1.024284196676018
1.0000000000000036, 1.040287788978102
0.9999999999999992, 1.0913531739291997
0.9999999999999909, 1.0641881623759364
1.0, 1.0687701044124385
0.9999999999999927, 1.0448653522441207
1.0000000000000007, 1.0482665568256901
1.0000000000000002, 1.0983584813575464
0.9999999999999907, 1.0304803934941962
0.9999999999999996, 1.0750230977121558
0.9999999999999952, 1.0558029551905068
0.999999999999995, 1.0756458122234775
0.9999999999999954, 1.0070857543730303
1.0000000000000013, 1.0359946641584918
0.999999999999994, 1.0636858841095194
1.0000000000000064, 1.0496087335590687
0.9999999999999937, 1.0677849726270199
0.9999999999999937, 1.0248033283492037
1.0000000000000118, 1.0484716051738112
0.999999999999994, 1.0566277418447139
1.0000000000000007, 1.048848771382967
1.000000000000004, 1.0649424071493478
0.999999999999999, 1.0573284314648028
0.9999999999999881, 1.0241284611074468
1.0000000000000022, 1.016355079874284
1.0000000000000047, 1.021614950407998
1.000000000000001, 1.050643496633323
0.999999999999997, 1.044585244325729
0.999999999999998, 1.0198361142440888
0.9999999999999942, 1.022309699736886
1.0000000000000042, 1.04253138317747
1.0000000000000164, 1.0625304405927782
0.9999999999999977, 1.061166940386878
1.0000000000000056, 1.0257840243880458
1.0000000000000029, 1.0666577688906864
1.0000000000000095, 1.0298343739651372
0.9999999999999922, 1.0656390260682544
1.0000000000000009, 1.0343760126729804
1.0, 1.054418667793252
0.9999999999999957, 1.0693763458766874
1.0000000000000033, 1.082624126843213
0.999999999999996, 1.031370883115894
1.0000000000000064, 1.0659533304487763
0.9999999999999887, 1.04962666438977
1.0000000000000078, 1.0672073318622977
1.0000000000000002, 1.0604992993857558
1.0000000000000018, 1.0567269561929327
1.0000000000000053, 1.0309140447010747
0.9999999999999967, 1.0666907668737093
1.0000000000000027, 1.0498586049765735
1.0000000000000022, 1.0532251366017318
1.0000000000000064, 1.068175660276778
0.9999999999999922, 1.047636893020738
1.0000000000000102, 1.053470016696237
1.0000000000000044, 1.0426582136276799
1.0000000000000127, 1.053442663559068
1.0000000000000036, 1.0614475119586866
0.9999999999999982, 1.0859414635491091
0.999999999999995, 1.0480546782743887
1.0000000000000024, 1.053704996993893
1.0000000000000115, 1.004360549753482
1.0000000000000033, 1.006688096654376
1.0000000000000064, 1.0623476734302761
1.000000000000001, 1.0326629706101456
0.9999999999999905, 1.0331334634468932
0.9999999999999978, 1.0563004207492213
1.0000000000000038, 1.0585530436937893
1.0000000000000013, 1.0432882732128967
1.0000000000000004, 1.0712491475630463
1.0000000000000109, 1.0888507014650304
1.0000000000000022, 1.0309488817074346
1.0000000000000078, 1.0505060413555205
0.9999999999999925, 1.079468038635973
1.0000000000000056, 1.053953024442714
1.0000000000000024, 1.0475681119559457
1.0000000000000024, 1.0404307289700698
0.9999999999999907, 1.0397134362621652
0.9999999999999967, 1.0451447273505792
1.0000000000000004, 1.069376264704859
0.9999999999999954, 1.0658955734420457
0.9999999999999996, 1.0638790611210491
0.9999999999999909, 1.0373902969454454
1.000000000000005, 1.0565180222698265
1.0000000000000135, 1.0391638769181686
1.0000000000000022, 1.0155393476753618
0.9999999999999947, 1.0706956838874915
0.999999999999995, 1.0920544451193295
0.9999999999999984, 1.0506679850143148
0.9999999999999992, 1.0731629650555221
0.9999999999999944, 1.048152637637465
1.0000000000000029, 1.0258048704694127
0.9999999999999944, 1.0502675087660096
0.999999999999998, 1.0426007217169764
1.000000000000004, 1.0097743952667462
0.999999999999998, 1.051818128564659
1.0000000000000138, 1.016921996938664
1.0000000000000115, 1.0889214761156438
0.9999999999999992, 1.052623005353314
1.000000000000008, 1.0492659578653858
1.0000000000000069, 1.0342847648996059
1.0000000000000013, 1.048182044498234
0.999999999999996, 1.060742322746425
1.0, 1.0723288789583871
1.0000000000000042, 1.047253854014986
1.0000000000000013, 1.0440128224005671
1.0000000000000038, 1.0695367377869291
1.0000000000000009, 1.056286689532793
1.0000000000000067, 1.089293970036655
1.0000000000000029, 1.0423644074830782
1.000000000000006, 1.0799232132721042
1.0000000000000016, 1.016874888447591
0.9999999999999922, 1.0198500745795127
0.9999999999999967, 1.0596344740162564
1.0000000000000064, 1.0688199857236174
0.9999999999999998, 1.0330826527785628
1.0000000000000002, 1.0678599362792167
0.9999999999999944, 1.052063628559307
1.0000000000000095, 1.0647966213822175
1.000000000000008, 1.065298850637566
1.0000000000000058, 1.0610102896497193
1.000000000000014, 1.039663556518072
1.0000000000000016, 1.0615759466192218
0.9999999999999934, 1.029646751773746
1.0000000000000044, 1.0706692761330747
1.0000000000000016, 1.0485847535530288
0.9999999999999992, 1.0571190836458257
1.0000000000000102, 1.052056013844429
0.9999999999999944, 1.0324559593686005
0.9999999999999934, 1.0554492875582246
0.9999999999999944, 1.0773762209927278
0.9999999999999912, 1.0729045834286461
1.000000000000002, 1.0186792943466725
1.0000000000000129, 1.0644543941842182
1.0000000000000022, 1.023394198259992
1.0000000000000087, 1.0692953219685932
0.9999999999999958, 1.1025113400572233
1.0000000000000082, 1.0257586536020185
1.0000000000000029, 1.0464958400942268
0.9999999999999974, 1.0437110066337976
1.0000000000000042, 1.0530881177875187
1.0000000000000004, 1.0707123933907363
1.000000000000001, 1.0371241052314164
0.9999999999999982, 1.0481427279528186
1.000000000000003, 1.0649482730950601
1.000000000000007, 1.0647465175135271
0.9999999999999962, 1.080081095078783
0.9999999999999949, 1.0341041040594703
1.000000000000003, 1.0549941824663276
1.0000000000000082, 1.0543215393340404
1.0000000000000036, 1.0459021950059333
0.999999999999996, 1.07469297597028
0.999999999999998, 1.0523803026255687
0.9999999999999915, 1.072344466151745
0.9999999999999957, 1.051368293846369
1.0000000000000049, 1.0399174797015318
0.9999999999999996, 1.0469084136969733
1.000000000000005, 1.0329116663473548
0.9999999999999984, 1.0789290898001116
0.999999999999998, 1.0692773013763741
0.9999999999999978, 1.051766573374257
0.9999999999999982, 1.0670884770388402
1.0000000000000062, 1.0731832821809144
1.0000000000000047, 1.0416511417143752
0.9999999999999992, 1.0256989676583723
1.000000000000002, 1.062725527663094
0.999999999999998, 1.052603038995005
0.9999999999999962, 1.050237911916337
0.9999999999999984, 1.0734101789912156
1.0000000000000036, 1.047572431047749
1.0000000000000002, 1.0239948299074573
1.0000000000000078, 1.0760663681296285
1.0000000000000087, 1.0554937010783672
0.9999999999999909, 1.0346137797431225
0.9999999999999958, 1.068797466252204
0.9999999999999974, 1.045905969504038
1.0000000000000022, 1.0577266693355527
0.9999999999999978, 1.0488596987234653
1.0000000000000053, 1.0516555075698995
0.9999999999999968, 1.0665761829724287
0.9999999999999994, 1.0639759003419682
1.0000000000000069, 1.041517552169139
1.0000000000000047, 1.0356941178957142
1.0000000000000016, 1.0555589958519123
1.0000000000000013, 1.024855381513918
1.0000000000000038, 1.0485324540660406
0.999999999999998, 1.0346465644258749
1.0000000000000056, 1.0954414501372451
1.0000000000000036, 1.0566241245426178
0.9999999999999952, 1.0281552520982447
1.000000000000002, 1.0327986896106047
1.0000000000000042, 1.0365989488853862
0.9999999999999977, 1.063991708468555
0.9999999999999942, 1.0581471566013314
0.9999999999999952, 1.0345022261852699
0.9999999999999964, 1.0606327302944034
1.0000000000000087, 1.0564768889864813
0.9999999999999984, 1.0452778396530977
1.0000000000000064, 1.0669420683102144
1.0000000000000056, 1.0626596005692655
1.000000000000004, 1.049117005771361
1.0000000000000036, 1.046227074212724
1.0000000000000024, 1.0171789301362684
1.0000000000000018, 1.0578890140608248
0.9999999999999944, 1.0502785508372297
0.9999999999999954, 1.1035548134258408
0.9999999999999968, 1.0256769979120968
1.0000000000000067, 1.0127131096613113
1.0000000000000036, 1.069906902095613
1.0000000000000058, 1.048231741530206
1.0000000000000004, 1.0267044216624464
0.9999999999999968, 1.0166709463739034
0.9999999999999958, 1.045170654089306
1.0000000000000024, 1.0457884229062044
1.000000000000004, 1.064410295279283
0.999999999999997, 1.0526141482087987
1.0000000000000009, 1.0706339999262502
0.9999999999999972, 1.041759324334376
0.9999999999999932, 1.0650876643370257
0.9999999999999929, 1.0927722479214428
1.0000000000000016, 1.0666780615103288
1.0000000000000018, 1.0219198343745401
0.9999999999999954, 1.0503835035930522
0.9999999999999998, 1.0440098817853691
1.000000000000006, 1.0620852021676526
0.9999999999999982, 1.0544034544634875
0.9999999999999964, 1.04110098779246
1.0000000000000009, 1.0496847774500377
1.0000000000000022, 1.0239247428343718
0.999999999999998, 1.0588224428329707
0.9999999999999974, 1.0441910292514218
0.9999999999999992, 1.0598190282438695
0.9999999999999972, 1.0767223795610033
0.9999999999999986, 1.0871912961931778
1.0000000000000087, 1.0352474452809302
0.9999999999999994, 1.0692947524404781
0.9999999999999974, 1.0183490297345164
1.0000000000000024, 1.0207520975198086
0.9999999999999988, 1.0802593889967955
0.9999999999999998, 1.0567804853940002
0.9999999999999944, 1.0296253713844625
1.000000000000002, 1.0483734332525172
0.9999999999999994, 1.0593988366143021
1.000000000000002, 1.064032386627029
0.9999999999999988, 1.0812233726756058
0.9999999999999988, 1.0817315914918075
0.9999999999999968, 1.071945105329588
1.0000000000000093, 1.0603737042611718
1.0000000000000036, 1.0607265192436508
1.0000000000000082, 1.069934594443187
0.9999999999999917, 1.0388514996038376
1.0000000000000022, 1.0566478954730065
0.9999999999999986, 1.040503441472581
1.0000000000000022, 1.0392566411926736
1.0000000000000013, 1.0568530472928817
0.9999999999999994, 1.0606964554671519
0.9999999999999922, 1.051182357725295
1.0, 1.0157449225147084
0.9999999999999972, 1.1086226032537987
0.9999999999999902, 1.0420029318690425
1.0000000000000009, 1.0391596980633375
1.000000000000001, 1.0662181889075324
0.9999999999999994, 1.0780788219277648
0.9999999999999974, 1.051926872637755
1.0000000000000036, 1.0237568610454546
1.000000000000004, 1.0591362103704496
0.9999999999999967, 1.077109947161085
0.9999999999999986, 1.0567783800542
0.9999999999999974, 1.057935556616793
1.0000000000000013, 1.0567082604588909
1.0000000000000047, 1.0718360760219676
0.9999999999999974, 1.0529289055719997
0.9999999999999944, 1.0741678675896793
0.999999999999975, 1.0409243802029646
1.0000000000000044, 1.0689317590645242
0.9999999999999996, 1.0582824594579154
1.0000000000000029, 1.0424076068319694
1.0000000000000047, 1.063829231091283
0.9999999999999954, 1.0438626421571162
1.0000000000000038, 1.0391100132382234
0.9999999999999866, 1.0798272027929043
0.9999999999999954, 1.0551100349719185
0.9999999999999905, 1.053653704566991
0.9999999999999937, 1.0256558705742211
0.9999999999999957, 1.0080061909016316
1.0000000000000007, 1.0692311609482787
1.0000000000000042, 1.0373885572880404
1.0000000000000109, 1.0603021310381493
0.9999999999999917, 1.0488350824136048
0.9999999999999986, 1.055574648699645
1.0000000000000007, 1.0815434382916134
1.0000000000000047, 1.0663975335489293
0.999999999999996, 1.0645810270233043
0.9999999999999957, 1.0557533305534152
0.9999999999999967, 1.0332818476681487
1.0000000000000002, 1.0673557159159992
0.9999999999999942, 1.0949608165608102
1.000000000000006, 1.04682300041478
1.0000000000000044, 1.0403649281127343
0.9999999999999982, 1.049984351307371
1.000000000000006, 1.0392862400393672
0.9999999999999949, 1.040509420209328
1.0000000000000109, 1.0415560783619358
1.0, 1.0551306196292258
0.9999999999999952, 1.0638633893489409
1.0000000000000036, 1.0615240419514573
0.9999999999999954, 1.0665446470544633
0.9999999999999883, 1.0505320931422404
1.0000000000000004, 1.051346652882909
0.9999999999999957, 1.0453846960505166
0.9999999999999962, 1.087175609354782
0.9999999999999984, 1.0461163778070977
0.9999999999999934, 1.0342603400618335
0.9999999999999828, 1.0446407407644385
0.9999999999999986, 1.0707429733410216
0.9999999999999982, 1.0393215848782265
0.999999999999999, 1.0599487957556915
0.9999999999999911, 1.0880578912248307
1.0000000000000056, 1.055142134094554
1.0000000000000004, 1.0868686383434232
0.9999999999999873, 1.0602623527225377
1.0000000000000029, 1.0568975807820176
0.9999999999999944, 1.0189636517252025
1.0000000000000009, 1.0530167545635873
1.0000000000000047, 1.019160689472956
1.0000000000000118, 1.081814121668154
1.0, 1.0569595782805834
1.0000000000000047, 1.0600839291645836
0.9999999999999986, 1.0412943027335753
0.999999999999999, 1.0185329249046573
1.0000000000000029, 1.0596061863915556
1.0000000000000027, 1.051149939556174
1.0000000000000009, 1.0531414822437084
0.9999999999999996, 1.0579542180582862
1.000000000000005, 1.0595540938333359
0.9999999999999907, 1.0802145259383797
1.000000000000008, 1.0611778358478308
1.0000000000000029, 1.060445656455223
1.0000000000000047, 1.0206586402064501
1.0000000000000018, 1.0224574178558705
0.999999999999995, 1.0628858721885543
0.9999999999999977, 1.0522324694772383
1.0000000000000047, 1.0310399271483754
1.0000000000000036, 1.0310294753010487
1.0000000000000109, 1.0546647673127487
1.0000000000000004, 1.0742549505527543
1.0000000000000016, 1.0636718648104564
1.0000000000000004, 1.0470646051271895
1.0000000000000047, 1.0951484551082582
0.9999999999999947, 1.0470616945208893
0.9999999999999984, 1.0719332428735853
1.0000000000000073, 1.0646164599110761
0.9999999999999915, 1.0317144953587432
0.999999999999999, 1.067081077776482
1.000000000000011, 1.0504775317316781
1.0, 1.07334517570068
1.0000000000000013, 1.0492755095198167
1.000000000000004, 1.0860350580298568
0.9999999999999939, 1.0495953738630475
0.9999999999999954, 1.0511064131294048
1.0000000000000056, 1.0669400845706296
0.9999999999999986, 1.0587576025363035
0.9999999999999912, 1.05748664615521
1.000000000000001, 1.0410982442711094
1.0000000000000047, 1.049914266281486
0.9999999999999972, 1.046791113125916
1.0000000000000069, 1.0119349651083926
0.9999999999999977, 1.0439555453198188
1.0000000000000144, 1.017481816603029
0.9999999999999972, 1.0495928737903375
0.999999999999997, 1.0540885595376883
1.0000000000000024, 1.0716068082157109
0.9999999999999968, 1.0547044362014713
0.9999999999999994, 1.0501915829943804
0.9999999999999962, 1.0637771842368644
1.0000000000000009, 1.0440771730973812
1.0000000000000024, 1.0308075370854155
1.0000000000000047, 1.0476595055702917
1.0000000000000042, 1.0419773816707631
0.9999999999999957, 1.0043819119966586
0.9999999999999885, 1.0679469259106509
1.000000000000008, 1.061696525744753
1.0000000000000038, 1.0380234969362814
1.0000000000000029, 1.0480587230419318
0.999999999999997, 1.061204918704219
1.0000000000000027, 1.0346880100460825
0.9999999999999925, 1.0662059634119285
0.9999999999999988, 1.0374197557243445
1.000000000000004, 1.0434753951961246
0.9999999999999972, 1.040777250035166
0.9999999999999947, 1.089157986018933
0.999999999999997, 1.0630359759598045
1.000000000000004, 1.0699651142914868
0.9999999999999964, 1.0333253907978666
1.0000000000000022, 1.0560151001055325
0.999999999999996, 1.05017254339179
0.9999999999999974, 1.0255766826559647
0.999999999999998, 1.0333696681317122
0.9999999999999962, 1.0642558810503289
0.9999999999999927, 1.0176399278737627
1.0, 1.0325811685491824
1.0000000000000093, 1.0654780917218813
1.0000000000000058, 1.037647420334144
0.9999999999999984, 1.0521533409641497
1.000000000000001, 1.051596991842369
1.0000000000000033, 1.0448087103411137
0.9999999999999927, 1.038034615036635
0.9999999999999968, 1.0280895907711676
0.9999999999999942, 1.039607865717772
1.0000000000000013, 1.0398614882389094
0.9999999999999978, 1.0630983627675399
0.9999999999999974, 1.0476910937345048
0.9999999999999937, 1.0666407331508938
1.0000000000000009, 1.0672882438668094
1.0000000000000064, 1.0602490226049976
0.9999999999999887, 1.0569689687719985
1.0000000000000029, 1.0468931944072897
0.9999999999999962, 1.0897172913256739
1.0000000000000058, 1.0180617526873983
0.9999999999999992, 1.0443607594347133
1.000000000000006, 1.076186939370728
1.0000000000000064, 1.0901241699814497
1.0000000000000007, 1.0645125373814328
0.9999999999999988, 1.0440821831593032
1.0000000000000064, 1.0637575485627395
1.0000000000000033, 1.0540588902443702
1.0000000000000004, 1.0391458961315945
1.000000000000001, 1.0282184695503385
0.999999999999995, 1.0406719656059862
