ATE real, ATE estimado
0.19377876527535312, 0.19762042556007162
0.19314394540549118, 0.1997618182924234
0.1913981907633709, 0.17964468340041304
0.19346135534042216, 0.17942783890027997
0.18298682748770037, 0.16885040887600586
0.18727186160926837, 0.18155304118725432
0.1982225043643866, 0.21174656775448086
0.19076337089350898, 0.14200541984601228
0.18758927154419933, 0.17402910634486118
0.18568481193461356, 0.18642718268012995
0.19203301063323283, 0.14290986511453285
0.18790668147913028, 0.13690353067683395
0.19806379939692112, 0.22981840659850186
0.19187430566576733, 0.1822944956495624
0.19615933978733535, 0.1954752403380374
0.1982225043643866, 0.23717171607182508
0.1912394857959054, 0.17442326132962221
0.19536581495000793, 0.23609420817386645
0.19012855102364704, 0.21502181576966722
0.1913981907633709, 0.1946104003462446
0.1880653864465958, 0.17678809864769018
0.1902872559911125, 0.20419576887666208
0.18552610696714808, 0.2252288012215799
0.1871131566418029, 0.24746250899440145
0.19346135534042216, 0.1590684282644271
0.19504840501507698, 0.16552385768630648
0.19012855102364704, 0.18656323876640024
0.1896524361212506, 0.18263568882139317
0.19266783050309474, 0.22819076676628042
0.1887002063164577, 0.18071652696306031
0.19092207586097446, 0.18707617133550503
0.19282653547056022, 0.2495485342622473
0.1887002063164577, 0.17200003339530845
0.18917632121885414, 0.16523553206288485
0.1921917156006983, 0.17292819907952095
0.1906046659260435, 0.21610437158544726
0.19473099508014602, 0.22300301313122972
0.1956832248849389, 0.18414358532286304
0.19203301063323283, 0.1726548743826247
0.18901761625138866, 0.19171456571022574
0.19711156959212822, 0.2040545588209774
0.18981114108871608, 0.1924663742809751
0.18758927154419933, 0.18866051780117257
0.19108078082843993, 0.16507057241837106
0.20330106332328202, 0.19825810497986887
0.1869544516743374, 0.1719394448056778
0.19092207586097446, 0.18198880307638532
0.19187430566576733, 0.20554723783789328
0.19473099508014602, 0.18982488361085004
0.1923504205681638, 0.16348631195016106
0.18933502618631964, 0.22706153569957888
0.19457229011268054, 0.14613578680792186
0.19758768449452468, 0.22584743418691572
0.1809236629106491, 0.21150371879910007
0.18996984605618156, 0.22116041804953177
0.18838279638152675, 0.198540795855778
0.190445960958578, 0.18922080107141728
0.1929852404380257, 0.21895324371747868
0.1982225043643866, 0.21749852154222066
0.18504999206475162, 0.18692159245866194
0.19155689573083637, 0.19280339735350943
0.19473099508014602, 0.18937024249314055
0.19869861926678306, 0.16854322629661359
0.18600222186954452, 0.1996562582970331
0.19330265037295669, 0.1903412523883927
0.2025075384859546, 0.19292735783620316
0.18362164735756228, 0.1982960452748792
0.1853674019996826, 0.20136036195824414
0.18758927154419933, 0.18271728317726407
0.19473099508014602, 0.21406524592386444
0.18838279638152675, 0.14972973620422228
0.19171560069830185, 0.22491802191854796
0.19520710998254245, 0.1703205907447262
0.19615933978733535, 0.20217519949412083
0.19965084907157593, 0.2553174433776237
0.1966354546897318, 0.19717004568465624
0.1877479765116648, 0.19410939546411773
0.1966354546897318, 0.13755436424117584
0.19187430566576733, 0.1804226197264577
0.19536581495000793, 0.22773182005185302
0.1964767497222663, 0.21373999123056042
0.19504840501507698, 0.16121995662745442
0.19282653547056022, 0.18910553352354187
0.18489128709728614, 0.148890834985828
0.18219330265037295, 0.24172857042331702
0.1887002063164577, 0.18865964790854226
0.18917632121885414, 0.18370797648466
0.19933343913664497, 0.1669045247033127
0.19425488017774956, 0.21015751490788454
0.18616092683701, 0.2204592298075389
0.19187430566576733, 0.15774731075559198
0.19155689573083637, 0.20083003958932275
0.18616092683701, 0.16458790803777779
0.1906046659260435, 0.1960937752846741
0.19092207586097446, 0.16034070665901307
0.1902872559911125, 0.1925324698167555
0.18552610696714808, 0.16877804300951324
0.19266783050309474, 0.16801652009645773
0.19314394540549118, 0.19540277479643137
0.1902872559911125, 0.17520513147841887
0.1896524361212506, 0.1908869463870297
0.18854150134899222, 0.2286740261102734
0.18060625297571814, 0.16765591279714198
0.19012855102364704, 0.1840721063711004
0.18155848278051104, 0.16046917662352242
0.19092207586097446, 0.19672000055191724
0.18552610696714808, 0.16714570166524273
0.19536581495000793, 0.2059119139123495
0.19457229011268054, 0.2142279378877533
0.1906046659260435, 0.19153895961464137
0.1913981907633709, 0.16780861996119673
0.18584351690207904, 0.18162651694941448
0.1828281225202349, 0.10285286400516405
0.1877479765116648, 0.17296932319503927
0.1877479765116648, 0.1356595937170541
0.1955245199174734, 0.19608389762395198
0.19171560069830185, 0.1344895382005733
0.19330265037295669, 0.17055452137921573
0.19012855102364704, 0.14427398793405183
0.19536581495000793, 0.14495104337747008
0.18727186160926837, 0.18283463047532025
0.18758927154419933, 0.15620684431269904
0.1948897000476115, 0.19048150250443652
0.19330265037295669, 0.20410666871651345
0.18996984605618156, 0.19508120026222325
0.1998095540390414, 0.196573648584138
0.18758927154419933, 0.17384551867897047
0.18473258212982066, 0.14200310798822788
0.19346135534042216, 0.2000538614795103
0.18996984605618156, 0.2011503125958265
0.1906046659260435, 0.14452677587589852
0.18679574670687193, 0.22609901566333143
0.18378035232502776, 0.16497754414549975
0.1991747341691795, 0.21087183274619237
0.18584351690207904, 0.20199144725304452
0.18409776225995875, 0.21531054562251023
0.18885891128392318, 0.1438766961626875
0.19108078082843993, 0.1583653774198672
0.19615933978733535, 0.2035057806208483
0.19155689573083637, 0.21314882974693877
0.18981114108871608, 0.1882656147575343
0.19758768449452468, 0.14710072204902686
0.18743056657673385, 0.14633097080125054
0.19155689573083637, 0.21359260592142193
0.1982225043643866, 0.2395316177897374
0.1921917156006983, 0.17147820031469713
0.18790668147913028, 0.17425052519450684
0.18727186160926837, 0.1783659612563343
0.18885891128392318, 0.16773375509607366
0.18933502618631964, 0.20362255980730454
0.18758927154419933, 0.18482627110938604
0.18743056657673385, 0.21065766521540713
0.1955245199174734, 0.2063290939251853
0.18393905729249327, 0.18053384605385225
0.19266783050309474, 0.2354097547400252
0.1896524361212506, 0.22134886365370945
0.17457546421202982, 0.14506336660523328
0.18568481193461356, 0.1667560591650415
0.18393905729249327, 0.18673654416291116
0.19171560069830185, 0.20346356347467198
0.18949373115378512, 0.20786888170693416
0.1939374702428186, 0.1804980225214765
0.19520710998254245, 0.20485805285587338
0.1906046659260435, 0.1577073388591341
0.19473099508014602, 0.17483132878873517
0.20425329312807491, 0.16103164270949089
0.18235200761783843, 0.20586162511020428
0.18933502618631964, 0.19733368489841174
0.19901602920171402, 0.1884999080886613
0.19631804475480083, 0.22660302351866948
0.19362006030788764, 0.2009505060582717
0.18996984605618156, 0.18491326493884463
0.1877479765116648, 0.16790332019639911
0.1921917156006983, 0.2013864049771837
0.19092207586097446, 0.2128557882985488
0.18822409141406127, 0.21060873898485577
0.19012855102364704, 0.18510867960494548
0.17711474369147753, 0.15480487376912905
0.19076337089350898, 0.181998040124311
0.19504840501507698, 0.21757696916651081
0.19155689573083637, 0.18609839219421048
0.19282653547056022, 0.17511808311120067
0.18981114108871608, 0.15700925451064854
0.19282653547056022, 0.18935066186958038
0.19346135534042216, 0.21901199442906616
0.1896524361212506, 0.17083009763586637
0.1869544516743374, 0.13647579107661773
0.1948897000476115, 0.18867324510803013
0.20234883351848912, 0.24965259096733006
0.20123789874623077, 0.19195464273541446
0.19171560069830185, 0.19697250314014692
0.19853991429931758, 0.20710662163992336
0.18171718774797652, 0.17218127933720315
0.1844151721948897, 0.14679169465418276
0.18663704173940646, 0.1907996305286788
0.19092207586097446, 0.19406517071949672
0.18981114108871608, 0.15778302082120788
0.1853674019996826, 0.19633947133084734
0.1923504205681638, 0.21315645888654952
0.19314394540549118, 0.23811767448369925
0.19203301063323283, 0.22404550571058238
0.18647833677194095, 0.20420522568849256
0.19774638946199016, 0.17758479162164517
0.1809236629106491, 0.19345733307800106
0.19504840501507698, 0.16817415173542266
0.19314394540549118, 0.19313125263628778
0.18854150134899222, 0.19096258377362388
0.18155848278051104, 0.14156448901730934
0.18917632121885414, 0.1465847906723319
0.1956832248849389, 0.16891147357540218
0.18727186160926837, 0.16397544079090154
0.18758927154419933, 0.18166397300119996
0.19853991429931758, 0.23779264398248923
0.2044119980955404, 0.20832645937563646
0.18885891128392318, 0.17413040000373814
0.19250912553562927, 0.21139714443227753
0.20139660371369625, 0.21599539216962754
0.19012855102364704, 0.16776899775574652
0.18568481193461356, 0.1751732461908754
0.19187430566576733, 0.1862582747409737
0.19266783050309474, 0.16313184955795032
0.19615933978733535, 0.2589544230462204
0.19171560069830185, 0.21034565091854426
0.1906046659260435, 0.16892465142293
0.18378035232502776, 0.20717626551845905
0.18790668147913028, 0.20540033654244677
0.20155530868116173, 0.25685256164748743
0.19727027455959373, 0.1951488916609426
0.18838279638152675, 0.18667321279859816
0.1902872559911125, 0.18976317928793487
0.1906046659260435, 0.2380958305081951
0.18663704173940646, 0.20069487158066826
0.18917632121885414, 0.2171280348545741
0.19266783050309474, 0.18625156638700935
0.19012855102364704, 0.20221072631966205
0.19758768449452468, 0.1871168939078472
0.18727186160926837, 0.16022650102750904
0.18600222186954452, 0.17141440922741746
0.1887002063164577, 0.19377413087146456
0.19108078082843993, 0.17511799732554842
0.19108078082843993, 0.24057636273131722
0.1913981907633709, 0.20996530404654073
0.18298682748770037, 0.1657859702780481
0.18568481193461356, 0.16536044206332096
0.19409617521028408, 0.21051073008108703
0.1923504205681638, 0.19134253829247355
0.18933502618631964, 0.23559699878612317
0.18631963180447547, 0.19445397706409692
0.19996825900650692, 0.18040030398709314
0.18790668147913028, 0.15902790815003004
0.19806379939692112, 0.17866696439293947
0.1948897000476115, 0.21972097646853087
0.19536581495000793, 0.22001417340483412
0.18631963180447547, 0.21191918143068508
0.1923504205681638, 0.20685946785546033
0.19362006030788764, 0.16239248248628427
0.19520710998254245, 0.1928547936250629
0.18996984605618156, 0.18364834149203732
0.1939374702428186, 0.1595627681427908
0.19806379939692112, 0.22231054466084296
0.19695286462466274, 0.1918402538172532
0.18663704173940646, 0.1706954441921475
0.1974289795270592, 0.14345683356532185
0.1906046659260435, 0.20432378224530157
0.18933502618631964, 0.20199394973471932
0.18425646722742423, 0.19967658911639316
0.18996984605618156, 0.20982318741124173
0.19377876527535312, 0.19198659961670556
0.20123789874623077, 0.18148046953046437
0.20028566894143787, 0.17138358008794907
0.18838279638152675, 0.17251621819475915
0.20234883351848912, 0.20186516929494172
0.18457387716235518, 0.2451162352811955
0.1929852404380257, 0.22685054274485295
0.18758927154419933, 0.13489918669569062
0.19536581495000793, 0.2212903575276859
0.19092207586097446, 0.22552539159254698
0.19409617521028408, 0.177843431995991
0.1921917156006983, 0.21702602196869214
0.18203459768290747, 0.1876144110680576
0.190445960958578, 0.18935777306477813
0.1828281225202349, 0.18334999362682403
0.19108078082843993, 0.17636133142585608
0.19425488017774956, 0.19402906660084646
0.18996984605618156, 0.20344285376018847
0.18790668147913028, 0.15705092810516258
0.19330265037295669, 0.1886712121311056
0.18885891128392318, 0.21249832076628553
0.1896524361212506, 0.16447450946857045
0.18743056657673385, 0.1668297368631119
0.1913981907633709, 0.2070463081078755
0.17679733375654658, 0.13837277070763887
0.19711156959212822, 0.14557157336420412
0.19282653547056022, 0.24323372091649303
0.18933502618631964, 0.20827444657282745
0.1906046659260435, 0.1916935494832819
0.18298682748770037, 0.16364424689534457
0.19473099508014602, 0.22832283221806943
0.19520710998254245, 0.13333303900556678
0.1923504205681638, 0.18206286118044632
0.18949373115378512, 0.19844395213131685
0.19377876527535312, 0.19594066957432205
0.1991747341691795, 0.17630972984057341
0.18616092683701, 0.17844784031153346
0.18901761625138866, 0.22221858753414925
0.20044437390890335, 0.23314712028440912
0.19520710998254245, 0.19711428942748027
0.1948897000476115, 0.19964933931877912
0.19869861926678306, 0.17399693348971706
0.18473258212982066, 0.21625731040438587
0.1896524361212506, 0.20309305570953254
0.19409617521028408, 0.22808570556125557
0.19076337089350898, 0.14495930847622115
0.18838279638152675, 0.1970069984193995
0.19584192985240437, 0.25088819488390757
0.19425488017774956, 0.22663212822412715
0.1912394857959054, 0.23252062505384785
0.19012855102364704, 0.2163739226718429
0.19250912553562927, 0.17480933856051106
0.18409776225995875, 0.20184305379438236
0.18981114108871608, 0.20218850187866944
0.1913981907633709, 0.18349773211101886
0.1929852404380257, 0.19432582031747472
0.19679415965719727, 0.20414324897028432
0.18949373115378512, 0.19042188662926754
0.19758768449452468, 0.17564170080560515
0.20092048881129979, 0.16230676989737342
0.18362164735756228, 0.2008067104043183
0.18647833677194095, 0.21402228128407452
0.19187430566576733, 0.2338141868121189
0.18854150134899222, 0.1651741383729179
0.19409617521028408, 0.16283359621748955
0.19965084907157593, 0.2162960815563913
0.19108078082843993, 0.1594894155560366
0.19441358514521503, 0.19374900142613447
0.1955245199174734, 0.1834091148079014
0.1939374702428186, 0.16337552066744565
0.1906046659260435, 0.17874376957833382
0.19012855102364704, 0.15737649210950216
0.1782256784637359, 0.1686728368770027
0.19727027455959373, 0.21903721764311432
0.18631963180447547, 0.18597911118413168
0.18949373115378512, 0.1999090102445617
0.1902872559911125, 0.20342217068588977
0.1955245199174734, 0.17978006621863418
0.18822409141406127, 0.2156411280128288
0.18743056657673385, 0.13874209547077956
0.19155689573083637, 0.20100448065438206
0.18663704173940646, 0.1534637487053184
0.19457229011268054, 0.19027204608635656
0.19600063481986987, 0.19386116015162752
0.19679415965719727, 0.2085860827847255
0.19441358514521503, 0.1501071736957507
0.19171560069830185, 0.17127616964504594
0.18949373115378512, 0.184133451506929
0.19457229011268054, 0.19213115872398706
0.1948897000476115, 0.18576429342856046
0.18314553245516585, 0.18436849540648462
0.18378035232502776, 0.18665071671538638
0.19187430566576733, 0.20708242260873824
0.1923504205681638, 0.2046072232781911
0.1906046659260435, 0.15218772554810853
0.19504840501507698, 0.16955134341724287
0.190445960958578, 0.21166502006651597
0.19092207586097446, 0.15414972518981798
0.18362164735756228, 0.1821432945323328
0.1939374702428186, 0.23487328018730652
0.1991747341691795, 0.2108314679110118
0.19266783050309474, 0.17792382297002174
0.19250912553562927, 0.1940810864083689
0.19108078082843993, 0.20278410235792724
0.19711156959212822, 0.2469141607235754
0.19108078082843993, 0.1403536175199069
0.18235200761783843, 0.17583644240943103
0.19727027455959373, 0.23227804894364357
0.18743056657673385, 0.202868253988405
0.2001269639739724, 0.17094328357232058
0.1880653864465958, 0.15749965175021363
0.18552610696714808, 0.22031001858085464
0.190445960958578, 0.19744544111771598
0.18758927154419933, 0.1903603002858978
0.19012855102364704, 0.17187250286083508
0.18504999206475162, 0.1847910419128924
0.18679574670687193, 0.17961003504235357
0.18631963180447547, 0.1722123166386284
0.18663704173940646, 0.15757108945299061
0.19203301063323283, 0.17230889639613858
0.18314553245516585, 0.18102690730646165
0.19250912553562927, 0.199599727201056
0.19377876527535312, 0.19640539411986627
0.19012855102364704, 0.15782614386842342
0.19425488017774956, 0.17763128013496482
0.18838279638152675, 0.1746311881706284
0.19076337089350898, 0.20164568701290772
0.1923504205681638, 0.16240062298410746
0.19250912553562927, 0.18786380340737274
0.1966354546897318, 0.22984860056149448
0.18949373115378512, 0.2293663521480864
0.19203301063323283, 0.18439525081534378
0.19171560069830185, 0.16428035778137637
0.1921917156006983, 0.1829096607474035
0.18949373115378512, 0.1568439067873864
0.19711156959212822, 0.21056826266982095
0.1871131566418029, 0.16503427490475123
0.18139977781304556, 0.1914027984187957
0.19520710998254245, 0.21781284840258172
0.19203301063323283, 0.26916371974781556
0.18108236787811458, 0.20237555571554927
0.190445960958578, 0.20285570356774418
0.1871131566418029, 0.17920284569948022
0.1852086970322171, 0.1752587040889612
0.18854150134899222, 0.20918909473205077
0.19266783050309474, 0.16823783273867124
0.2001269639739724, 0.21389289112691368
0.19425488017774956, 0.1487782523040793
0.19203301063323283, 0.1653646283228311
0.1982225043643866, 0.17181513146186886
0.1948897000476115, 0.16158549151621288
0.18981114108871608, 0.1599995446825805
0.1966354546897318, 0.19091735472642304
0.19473099508014602, 0.17623812927618865
0.18743056657673385, 0.15705720540910473
0.19425488017774956, 0.1627599572464552
0.18600222186954452, 0.1556026280803806
0.19949214410411045, 0.17543046552762495
0.18584351690207904, 0.1995212922469531
0.19250912553562927, 0.12514256769520254
0.19282653547056022, 0.17431018409279997
0.18917632121885414, 0.19894049320792262
0.19853991429931758, 0.2078586111441942
0.19250912553562927, 0.15360867947751583
0.1913981907633709, 0.19413990251720958
0.18266941755276941, 0.17971269397025655
0.19473099508014602, 0.15529915749507128
0.20028566894143787, 0.17450398009870882
0.1880653864465958, 0.1800985476909972
0.20155530868116173, 0.16362150563150957
0.18901761625138866, 0.14677642957204132
0.20060307887636883, 0.22256496645570323
0.19711156959212822, 0.12104076233656216
0.19377876527535312, 0.17838940002335435
0.19203301063323283, 0.21829786548938357
0.19615933978733535, 0.22698449001151555
0.17949531820345976, 0.191714184654399
0.19504840501507698, 0.1942333685305663
0.1871131566418029, 0.19581675109528077
0.18790668147913028, 0.16604303390009237
0.18917632121885414, 0.2068101150198168
0.19758768449452468, 0.23144665720358676
0.19012855102364704, 0.17605812581001912
0.1853674019996826, 0.22504400218190918
0.19425488017774956, 0.1737547596616679
0.19584192985240437, 0.19819452268229704
0.1902872559911125, 0.18209722650697052
0.19377876527535312, 0.2109138979835144
0.18425646722742423, 0.19603653095091958
0.18409776225995875, 0.13842589225973223
0.1871131566418029, 0.22506305058693837
0.18139977781304556, 0.21649974369892586
0.18822409141406127, 0.18445558543282647
0.18568481193461356, 0.18070501317560445
0.20155530868116173, 0.20370129485312155
0.2026662434534201, 0.24050862491899583
0.18378035232502776, 0.19500205318929564
0.19076337089350898, 0.21390280865569192
0.19473099508014602, 0.2192395697863277
0.19504840501507698, 0.1857919299990916
0.19362006030788764, 0.21139162191154978
0.19108078082843993, 0.1963820660224226
0.19171560069830185, 0.20988035376240438
0.19695286462466274, 0.20626617019789545
0.18489128709728614, 0.22114699398104293
0.19520710998254245, 0.20014082818536338
0.19949214410411045, 0.2249458014095375
0.18679574670687193, 0.20451582093168535
0.1955245199174734, 0.19950949961763542
0.19425488017774956, 0.17243907628334473
0.1912394857959054, 0.1833761223880659
0.19362006030788764, 0.1904398764858069
0.19695286462466274, 0.18350309688617605
0.19330265037295669, 0.21537746613874068
0.18981114108871608, 0.15855039742098392
0.1956832248849389, 0.19893524307359628
0.18885891128392318, 0.16622059743544415
0.19584192985240437, 0.17104964256455735
0.19330265037295669, 0.15696574973022398
0.1991747341691795, 0.22388332303613456
0.1871131566418029, 0.19299439129641427
0.18314553245516585, 0.17509494882495172
0.19171560069830185, 0.2277245507750139
0.18489128709728614, 0.13568008127347933
0.18473258212982066, 0.14161682273140208
0.18838279638152675, 0.1825507998903379
0.19838120933185208, 0.2031537594256554
0.18060625297571814, 0.1503205502732232
0.1783843834312014, 0.18279925141352887
0.19933343913664497, 0.1750256383089136
0.19266783050309474, 0.15316505391353777
0.1955245199174734, 0.2009671964511941
0.20092048881129979, 0.22007236181152573
0.18854150134899222, 0.21201270666537034
0.19282653547056022, 0.19870098127653718
0.19520710998254245, 0.17841911931242344
0.18266941755276941, 0.17003199439320515
0.19679415965719727, 0.18810325026426405
0.19266783050309474, 0.20955105970010177
0.19155689573083637, 0.24663764900220367
0.18885891128392318, 0.18483731040161105
0.1948897000476115, 0.21793946654792667
0.1809236629106491, 0.17648400523034954
0.1791779082685288, 0.17458470519897173
0.18933502618631964, 0.13982185440094552
0.19076337089350898, 0.1834948931681863
0.18409776225995875, 0.1931410977156192
0.19282653547056022, 0.14629135010529623
0.19774638946199016, 0.18476164558230931
0.18901761625138866, 0.1970206101780684
0.1955245199174734, 0.22082953908010203
0.19171560069830185, 0.21761547469471837
0.19758768449452468, 0.2604501945136585
0.19346135534042216, 0.16429659171597644
0.1998095540390414, 0.20731163248061724
0.19695286462466274, 0.21113484787344233
0.1880653864465958, 0.17843176959755083
0.19076337089350898, 0.13401767982961016
0.1896524361212506, 0.21443542541846647
0.19171560069830185, 0.2408266086062863
0.1887002063164577, 0.21378236462704642
0.19282653547056022, 0.1589278821948786
0.18981114108871608, 0.14838376246486862
0.2001269639739724, 0.17847595565011898
0.19187430566576733, 0.20555903707817474
0.19203301063323283, 0.2340838188767426
0.19536581495000793, 0.1809804043710252
0.19584192985240437, 0.19359186614080184
0.19869861926678306, 0.252694932998079
0.1852086970322171, 0.2232532846471246
0.190445960958578, 0.22581819124288108
0.1825107125853039, 0.1269686218864441
0.19155689573083637, 0.16665320284628282
0.1834629423900968, 0.20748987870793018
0.19314394540549118, 0.22056075480790366
0.19203301063323283, 0.181963280927977
0.19727027455959373, 0.17737395542083978
0.18568481193461356, 0.18875923630980102
0.1921917156006983, 0.13104387487054056
0.1906046659260435, 0.16108616576834964
0.18743056657673385, 0.2088858861392377
0.19504840501507698, 0.17442858047915857
0.18568481193461356, 0.14551929447446915
0.19171560069830185, 0.23176695881970824
0.1955245199174734, 0.21670466240542888
0.18108236787811458, 0.18248036771612952
0.1956832248849389, 0.17693549754768206
0.19901602920171402, 0.20046361080458028
0.18996984605618156, 0.22817061989004014
0.19346135534042216, 0.22055274449487522
0.19187430566576733, 0.204660883699077
0.19266783050309474, 0.1768347945420784
0.19076337089350898, 0.17339844181016487
0.20488811299793683, 0.19039885931289127
0.19171560069830185, 0.17728407056290482
0.2001269639739724, 0.23745433858999124
0.19584192985240437, 0.15792993076999456
0.19457229011268054, 0.23079869527833966
0.1902872559911125, 0.19029123059162684
0.19679415965719727, 0.15454198374913705
0.1877479765116648, 0.1943567617279797
0.18616092683701, 0.1698552813239034
0.18949373115378512, 0.17077365854385115
0.19171560069830185, 0.21385956513100968
0.19758768449452468, 0.14233947749955228
0.190445960958578, 0.1407494320163167
0.190445960958578, 0.19523546099162448
0.18854150134899222, 0.17796145098128496
0.1877479765116648, 0.18977279707942485
0.19695286462466274, 0.2667210160663055
0.1906046659260435, 0.23397194097573198
0.19266783050309474, 0.20576377572550925
0.20028566894143787, 0.2273728282781512
0.20203142358355816, 0.21960979021544358
0.1869544516743374, 0.16670813170908622
0.19441358514521503, 0.16664364222595457
0.1913981907633709, 0.2099114607513531
0.19330265037295669, 0.1689678877030188
0.1913981907633709, 0.21582667100909397
0.19314394540549118, 0.19259041608256156
0.19282653547056022, 0.17464829602966497
0.19330265037295669, 0.2033294126270807
0.19504840501507698, 0.20602572989150683
0.19187430566576733, 0.22823324806948442
0.181875892715442, 0.18076305629808687
0.1880653864465958, 0.1743438274813785
0.18854150134899222, 0.1816315248016246
0.19473099508014602, 0.22946003463688747
0.18489128709728614, 0.18256226270689294
0.1869544516743374, 0.13947660920231544
0.1998095540390414, 0.1859126655673701
0.19933343913664497, 0.20522693787535912
0.2001269639739724, 0.19000005216112414
0.20298365338835106, 0.20725180229797174
0.1902872559911125, 0.22983775607827603
0.1929852404380257, 0.2282698560178139
0.18647833677194095, 0.25060399649934095
0.19282653547056022, 0.17474250423839402
0.19790509442945564, 0.18660032949382882
0.19012855102364704, 0.1471743193155045
0.190445960958578, 0.17621462683247688
0.19425488017774956, 0.21413924764808945
0.19600063481986987, 0.164808342185667
0.1912394857959054, 0.19928575137249724
0.18600222186954452, 0.15989148431140693
0.19092207586097446, 0.18712776461949276
0.19949214410411045, 0.18433130755604524
0.19314394540549118, 0.17712613071094288
0.18854150134899222, 0.1992556856088963
0.18822409141406127, 0.15069020404994898
0.19711156959212822, 0.19425442431546225
0.1955245199174734, 0.18367516721278176
0.18616092683701, 0.18425018672809368
0.19615933978733535, 0.18931157937873583
0.19901602920171402, 0.23209761988693334
0.18758927154419933, 0.19718552397536254
0.18647833677194095, 0.17108121225020517
0.17774956356133947, 0.16172854917611526
0.1896524361212506, 0.21396780817778766
0.18901761625138866, 0.1490957732179122
0.19012855102364704, 0.15111069630182697
0.19377876527535312, 0.1778422630131203
0.18631963180447547, 0.1873289034235197
0.18996984605618156, 0.2039241821946466
0.1956832248849389, 0.15751572875528944
0.19758768449452468, 0.18476330963606094
0.19362006030788764, 0.15909283646641076
0.18949373115378512, 0.18132637362751172
0.18981114108871608, 0.20834761590173415
0.1871131566418029, 0.17800112684643066
0.1896524361212506, 0.18020458932571787
0.18838279638152675, 0.2135005877985696
0.1825107125853039, 0.188722594987922
0.18854150134899222, 0.2188443991087341
0.19250912553562927, 0.16999422321714808
0.2001269639739724, 0.24222446313913557
0.19409617521028408, 0.1746690790360607
0.18885891128392318, 0.21679526599891094
0.18885891128392318, 0.23623455800673832
0.18330423742263133, 0.21991562245404334
0.19012855102364704, 0.20111112216814087
0.18933502618631964, 0.1666178273021672
0.19790509442945564, 0.1958385265719092
0.19250912553562927, 0.21193729117249327
0.19377876527535312, 0.1849415387517409
0.18743056657673385, 0.22494195157002436
0.19203301063323283, 0.1971482175832353
0.18949373115378512, 0.15742969871238555
0.18631963180447547, 0.1840490727123794
0.20139660371369625, 0.22922500505047405
0.1955245199174734, 0.16456371741990217
0.18981114108871608, 0.14943707895525965
0.1939374702428186, 0.14551140219758596
0.19250912553562927, 0.1841880476257888
0.19504840501507698, 0.18533552646918575
0.18885891128392318, 0.20320120936930985
0.19282653547056022, 0.19850048008317958
0.1906046659260435, 0.15226856008180878
0.1939374702428186, 0.18836775238569092
0.1825107125853039, 0.1977495904802387
0.1912394857959054, 0.15729380824165684
0.1921917156006983, 0.18927338597130766
0.19425488017774956, 0.16418471783919392
0.1896524361212506, 0.20793878915390077
0.18060625297571814, 0.19419830257085174
0.1828281225202349, 0.186514747335349
0.18727186160926837, 0.19828970517892872
0.2017140136486272, 0.22209245323637944
0.18425646722742423, 0.17362090182366577
0.1852086970322171, 0.19290777768297088
0.19457229011268054, 0.15321488075145448
0.19600063481986987, 0.16400226716697042
0.18901761625138866, 0.17917991831262303
0.18425646722742423, 0.16765031817092632
0.19457229011268054, 0.1921026095364485
0.1939374702428186, 0.19656077113290749
0.19695286462466274, 0.20906309767292078
0.18616092683701, 0.1702661864584913
0.20060307887636883, 0.19872463647050778
0.18822409141406127, 0.1810511180491069
0.18425646722742423, 0.1898291438462906
0.18139977781304556, 0.20091945781399184
0.18996984605618156, 0.20017706066202687
0.18933502618631964, 0.13804674345643245
0.1974289795270592, 0.18545301272923304
0.19314394540549118, 0.19234300739918717
0.18758927154419933, 0.20892992479268013
0.1939374702428186, 0.21265048717373866
0.18473258212982066, 0.17709868852453362
0.19282653547056022, 0.19552122553883544
0.1964767497222663, 0.19348237887805364
0.1828281225202349, 0.1793724734704825
0.19425488017774956, 0.21739992071861325
0.19250912553562927, 0.18731702261363956
0.1825107125853039, 0.17157994619133493
0.18473258212982066, 0.20671164533024028
0.19409617521028408, 0.1761149579011842
0.190445960958578, 0.18131066173292282
0.19853991429931758, 0.18386744962834242
0.19250912553562927, 0.2304746470221214
0.18790668147913028, 0.21350968759464334
0.19727027455959373, 0.19254121109836161
0.19203301063323283, 0.19943718339128177
0.19520710998254245, 0.15516903700516924
0.19600063481986987, 0.176015742260063
0.18933502618631964, 0.1636125488940592
0.18266941755276941, 0.17653024992364438
0.20044437390890335, 0.16109884069824826
0.19425488017774956, 0.18415401586834745
0.18838279638152675, 0.16678535648682868
0.19377876527535312, 0.20727811657965756
0.19457229011268054, 0.19686314615396874
0.19377876527535312, 0.17613882723472354
0.19584192985240437, 0.22096717629670448
0.18901761625138866, 0.20541726295461835
0.19615933978733535, 0.2237489353193281
0.18981114108871608, 0.1972742716982167
0.18457387716235518, 0.18045342228131417
0.18489128709728614, 0.20020436626698246
0.1896524361212506, 0.1792258402706009
0.19441358514521503, 0.20759043720624865
0.1809236629106491, 0.21414216688522913
0.18584351690207904, 0.1933506950795233
0.17473416917949533, 0.10180481548583786
0.19362006030788764, 0.1448788361966454
0.18679574670687193, 0.2081852139853566
0.19504840501507698, 0.18498087405627806
0.19362006030788764, 0.22238006707163355
0.18854150134899222, 0.1881974614805215
0.1955245199174734, 0.20312174944111197
0.18489128709728614, 0.11422843751834641
0.18854150134899222, 0.14337572920217806
0.1982225043643866, 0.19179341059209426
0.19504840501507698, 0.20087813396110918
0.19457229011268054, 0.2196655504544956
0.19790509442945564, 0.17602557649137296
0.20330106332328202, 0.22095257290506662
0.18552610696714808, 0.2065118777591629
0.18854150134899222, 0.17226349587454381
0.1912394857959054, 0.13346685745322343
0.1844151721948897, 0.14887008349258965
0.19108078082843993, 0.2182878900354427
0.19790509442945564, 0.20104929570058924
0.1869544516743374, 0.18771325961951463
0.19409617521028408, 0.18331441345922012
0.19108078082843993, 0.1914413437662182
0.19504840501507698, 0.2167049691043772
0.1902872559911125, 0.1414053211264376
0.18822409141406127, 0.15459714022718796
0.1853674019996826, 0.17366802444496415
0.18933502618631964, 0.17448061458216313
0.19330265037295669, 0.20299087234556912
0.19584192985240437, 0.20506596451900486
0.1869544516743374, 0.2042009538105955
0.19457229011268054, 0.17836106522665204
0.19377876527535312, 0.17863728518991065
0.19076337089350898, 0.1839336401163854
0.1896524361212506, 0.12273033968160535
0.18616092683701, 0.17388177459955942
0.19838120933185208, 0.2135603219748725
0.18600222186954452, 0.17252392326580107
0.19679415965719727, 0.23336689816673895
0.18473258212982066, 0.18865969990249545
0.1923504205681638, 0.21972589890810196
0.19012855102364704, 0.17704607427781813
0.19473099508014602, 0.16417226902335474
0.19330265037295669, 0.17423151605026435
0.1966354546897318, 0.19401555161559061
0.19330265037295669, 0.19133611909977455
0.18854150134899222, 0.22021212146033264
0.1923504205681638, 0.18608198228677417
0.19615933978733535, 0.1971924998721757
0.1896524361212506, 0.2287299369298337
0.18981114108871608, 0.16656295129112259
0.1871131566418029, 0.17447793695664104
0.19203301063323283, 0.187625464741985
0.19203301063323283, 0.19402868488511157
0.1912394857959054, 0.17230292841452371
0.19901602920171402, 0.15340738142785398
0.18949373115378512, 0.22367936921670983
0.18838279638152675, 0.16368905646478416
0.1923504205681638, 0.1834468281013449
0.19171560069830185, 0.21675647166547957
0.1956832248849389, 0.1404001994746639
0.19282653547056022, 0.21789633142899975
0.18743056657673385, 0.18557302519283264
0.1896524361212506, 0.21494886332352053
0.19282653547056022, 0.16532142865594807
0.20060307887636883, 0.19074317185402329
0.1834629423900968, 0.1845181543938955
0.1906046659260435, 0.1729488432923916
0.18393905729249327, 0.18320726349142577
0.1880653864465958, 0.1624865732092648
0.19346135534042216, 0.19388990863484215
0.19631804475480083, 0.2821257172869137
0.19266783050309474, 0.20854456618520095
0.19790509442945564, 0.15745301587382393
0.1887002063164577, 0.18110879237393807
0.18949373115378512, 0.20934875118747173
0.18647833677194095, 0.16313408174894573
0.18933502618631964, 0.16915458244127046
0.19790509442945564, 0.18703147696413486
0.19965084907157593, 0.21616604350271224
0.18996984605618156, 0.17345823173080221
0.2025075384859546, 0.24822247067447845
0.19536581495000793, 0.1497266643840195
0.18679574670687193, 0.21808467281605204
0.18838279638152675, 0.1858237456148112
0.19330265037295669, 0.1579529478803041
0.1906046659260435, 0.22644576535574376
0.1902872559911125, 0.2454137562292161
0.19362006030788764, 0.1871699586204983
0.18790668147913028, 0.17445011218064724
0.19266783050309474, 0.18921536768830932
0.18362164735756228, 0.20702439247232987
0.18917632121885414, 0.1895546628640245
0.19250912553562927, 0.15768730550494867
0.19362006030788764, 0.17029463454199625
0.19108078082843993, 0.16737465788731196
0.18457387716235518, 0.212051569267846
0.19933343913664497, 0.18110581733880077
0.181875892715442, 0.15132586229898634
0.18663704173940646, 0.18969224050179312
0.18393905729249327, 0.1892627082711897
0.19108078082843993, 0.16534353086690906
0.19314394540549118, 0.169975870390234
0.1871131566418029, 0.21081802092161123
0.17997143310585623, 0.186103042413811
0.1966354546897318, 0.2224310265623308
0.1844151721948897, 0.19260467973040837
0.18854150134899222, 0.1895845532098374
0.19330265037295669, 0.20053749537154852
0.1852086970322171, 0.16388099358933142
0.18933502618631964, 0.1581861717042259
0.1871131566418029, 0.15696402324787267
0.18028884304078718, 0.2212457803648631
0.18996984605618156, 0.19559163227955098
0.19615933978733535, 0.1543916285009543
0.19425488017774956, 0.2067798861175491
0.19346135534042216, 0.243138419753521
0.1825107125853039, 0.1943358182874098
0.18616092683701, 0.230660101344505
0.19155689573083637, 0.2023866549080297
0.19965084907157593, 0.250461414012956
0.18790668147913028, 0.14930492100206247
0.1834629423900968, 0.17404301977737177
0.19187430566576733, 0.1163262923483166
0.19346135534042216, 0.21083747979306938
0.1923504205681638, 0.235317313668885
0.18917632121885414, 0.19013999742757204
0.18743056657673385, 0.16602359108220877
0.1871131566418029, 0.15656716874745552
0.1913981907633709, 0.1607761148217775
0.1906046659260435, 0.18231021798804192
0.19282653547056022, 0.1736615328223664
0.19727027455959373, 0.256321863356972
0.1852086970322171, 0.18970494463041798
0.18330423742263133, 0.2084159524083933
0.18616092683701, 0.19976190040852201
0.1871131566418029, 0.22044202328542187
0.1869544516743374, 0.20287919881365446
0.19314394540549118, 0.1683127107081311
0.1852086970322171, 0.20094045363577642
0.19457229011268054, 0.17960920203044506
0.1982225043643866, 0.2103561169786275
0.18727186160926837, 0.2086353752870588
0.19282653547056022, 0.20433552003066877
0.1880653864465958, 0.2164221915852092
0.1880653864465958, 0.19644212863613703
0.19203301063323283, 0.19791141329857015
0.1896524361212506, 0.17247668363978808
0.19409617521028408, 0.19814696348490063
0.19631804475480083, 0.2232756206813024
0.19806379939692112, 0.19805608459704707
0.19806379939692112, 0.14771803274775008
0.18108236787811458, 0.22239858698323997
0.19076337089350898, 0.1680853884233746
0.18854150134899222, 0.14907240063021032
0.19409617521028408, 0.1418234467177835
0.18949373115378512, 0.1824328962558323
0.19536581495000793, 0.2204671021820767
0.1955245199174734, 0.2394758622166573
0.19155689573083637, 0.21075998035921084
0.190445960958578, 0.16872497096679823
0.1852086970322171, 0.19501501878505415
0.19584192985240437, 0.15400336122040004
0.19076337089350898, 0.17882268252964464
0.1956832248849389, 0.19279626856227242
0.19949214410411045, 0.18742933832428937
0.19409617521028408, 0.21641184227773885
0.19600063481986987, 0.1973735979981282
0.19409617521028408, 0.19225483639838686
0.1964767497222663, 0.2032324179452971
0.1902872559911125, 0.1782572723345709
0.19203301063323283, 0.23423624059002618
0.1956832248849389, 0.2193648118357398
0.19441358514521503, 0.1873933876285759
0.190445960958578, 0.18653700683217264
0.19362006030788764, 0.14881742103216736
0.19203301063323283, 0.1739262395852851
0.1956832248849389, 0.20862662698909706
0.18489128709728614, 0.23106371327530198
0.19314394540549118, 0.21626862545107545
0.19679415965719727, 0.17944833079057174
0.19076337089350898, 0.16485542905963202
0.19330265037295669, 0.20305937912493105
0.1852086970322171, 0.17158343866795475
0.1906046659260435, 0.15124160634491676
0.19520710998254245, 0.1880828942030321
0.19631804475480083, 0.18180074167897625
0.18917632121885414, 0.24659779517784602
0.19473099508014602, 0.22054297727545957
0.1902872559911125, 0.15378211905602499
0.19012855102364704, 0.23171504865348908
0.19171560069830185, 0.18933852880136748
0.1939374702428186, 0.21433546993463734
0.1912394857959054, 0.19318573057030508
0.19282653547056022, 0.18880548549137224
0.19171560069830185, 0.15701882902426173
0.18822409141406127, 0.1696375246536261
0.1869544516743374, 0.21137223304352884
0.18901761625138866, 0.2063431546946453
0.19377876527535312, 0.18842169407987522
0.1896524361212506, 0.196693445757378
0.19346135534042216, 0.2549033283426527
0.1956832248849389, 0.18563252368767613
0.1828281225202349, 0.20934074903438063
0.1880653864465958, 0.15416730518265434
0.19377876527535312, 0.1440906884100373
0.19679415965719727, 0.25848467551088095
0.19790509442945564, 0.22997291038901677
0.19409617521028408, 0.15859093720314912
0.19631804475480083, 0.18167336717706842
0.1929852404380257, 0.18140219214608283
0.18362164735756228, 0.22224880217209272
0.19012855102364704, 0.16466114625237335
0.18425646722742423, 0.20201811169137868
0.1948897000476115, 0.13515546045132829
0.1939374702428186, 0.1722233062821395
0.19377876527535312, 0.2315548981175427
0.1913981907633709, 0.19349291319315098
0.18631963180447547, 0.18308345592824454
0.17679733375654658, 0.18585187334088227
0.1853674019996826, 0.17087702229001944
0.190445960958578, 0.19097454169800124
0.19457229011268054, 0.19770967345000362
0.18631963180447547, 0.18157048485813387
0.18663704173940646, 0.15075115490512336
0.19441358514521503, 0.22679639479609032
0.18901761625138866, 0.18478660004407074
0.19457229011268054, 0.18700054227491852
0.19711156959212822, 0.21892173569799678
0.19377876527535312, 0.2109174157435569
0.19441358514521503, 0.2221190752148498
0.18552610696714808, 0.1875445150738776
0.1834629423900968, 0.18652752436757483
0.19346135534042216, 0.2018368564008967
0.18854150134899222, 0.17605976826053196
0.190445960958578, 0.24556432165490513
0.20425329312807491, 0.20985648879017577
0.1887002063164577, 0.18117475317364484
0.19409617521028408, 0.17543423410550174
0.1791779082685288, 0.14544070372086038
0.1929852404380257, 0.16205524212065692
0.19727027455959373, 0.18592192985998598
0.19790509442945564, 0.16360884482149424
0.19901602920171402, 0.22663750800849644
0.1913981907633709, 0.19294345179564037
0.19885732423424854, 0.24043483355894107
0.19346135534042216, 0.18839714850792927
0.1825107125853039, 0.20595769351038154
0.18917632121885414, 0.200933349607765
0.19250912553562927, 0.1944970610600767
0.18219330265037295, 0.19282655278180996
0.1948897000476115, 0.22946516155566968
0.19838120933185208, 0.2261730776617075
0.18727186160926837, 0.20199345592741674
0.20060307887636883, 0.20890845094739555
0.19806379939692112, 0.1922919471579557
0.1871131566418029, 0.1684349376098005
0.18981114108871608, 0.21365824371471728
0.1877479765116648, 0.19737010395731097
0.19520710998254245, 0.20599230987535194
0.19155689573083637, 0.21683427951675552
0.19758768449452468, 0.21129320945546365
0.1955245199174734, 0.20421293491550352
0.1991747341691795, 0.20175232662497197
0.19171560069830185, 0.163414337053296
0.20187271861609268, 0.16756595752629988
0.1877479765116648, 0.178514393249134
0.19679415965719727, 0.23611462802544156
0.1877479765116648, 0.15447802246335585
0.18600222186954452, 0.17186336250401146
