ATE real, ATE estimado
0.0, 0.044695744593814896
0.0, 0.0798033922931372
0.0, 0.02098786070319332
0.0, 0.13653052462263188
0.0, 0.05229083383648492
0.0, 0.054062807065219154
0.0, 0.0613472296964353
0.0, 0.07032356711545806
0.0, 0.09482122435436616
0.0, 0.059313622162504576
0.0, 0.07645324303269337
0.0, 0.09501487763868374
0.0, 0.038582136136447315
0.0, 0.09570726065258175
0.0, 0.07802564663041969
0.0, 0.06260472031496703
0.0, 0.06506585395144446
0.0, 0.05767508909560366
0.0, 0.0984660940217941
0.0, 0.0895035022933556
0.0, 0.08451486599484231
0.0, 0.09396423916204888
0.0, 0.06668516066709416
0.0, 0.06520731071298291
0.0, 0.09451605370697325
0.0, 0.0966478380940021
0.0, 0.07331589905674983
0.0, 0.042342163417049966
0.0, 0.0809326103506328
0.0, 0.07525127718039268
0.0, 0.051805677096613295
0.0, 0.10849414581828867
0.0, 0.013227477578695718
0.0, 0.08060292704219499
0.0, 0.09724210071930539
0.0, 0.0979379476325238
0.0, 0.03047031866304592
0.0, 0.05333443873562037
0.0, 0.038921001636013794
0.0, 0.07144721702421541
0.0, 0.09186728533063385
0.0, 0.04522803876638441
0.0, 0.10507732466056752
0.0, 0.050011858206142984
0.0, 0.06360640314560537
0.0, 0.1171074265084805
0.0, 0.0862248304924006
0.0, 0.11209672104278309
0.0, 0.07405076853030182
0.0, 0.04334860845813014
0.0, 0.08137000580327917
0.0, 0.12578627572027745
0.0, 0.0901082488988437
0.0, 0.09644477979394082
0.0, 0.0059417738964359645
0.0, 0.05605924532763776
0.0, 0.08774975074007327
0.0, 0.06913939680619488
0.0, 0.08319719528617334
0.0, 0.056893695769736075
0.0, 0.05317300760550231
0.0, 0.09099157133455957
0.0, 0.0871418325834113
0.0, 0.06794666240068266
0.0, 0.025546188193838637
0.0, 0.09346328375319948
0.0, 0.06531820760693666
0.0, 0.09617909823465175
0.0, 0.06410546470622044
0.0, 0.10431411234481441
0.0, 0.08272832248167658
0.0, 0.09254812281311062
0.0, 0.025370367082717102
0.0, 0.05624575955601864
0.0, 0.044751019740264644
0.0, 0.12648147206676022
0.0, 0.07734689023182041
0.0, 0.029039496761247563
0.0, 0.09106687802773197
0.0, 0.05808664187675956
0.0, 0.08879761069141734
0.0, 0.06838676726963017
0.0, 0.100594063242182
0.0, 0.09240806421470756
0.0, 0.0474992157044925
0.0, 0.08950165401802809
0.0, 0.09657633607209748
0.0, 0.08655765528815734
0.0, 0.09887957989767569
0.0, 0.0952938579219251
0.0, 0.07269036411462275
0.0, 0.05021458953293084
0.0, 0.04469623301138878
0.0, 0.05096890370910749
0.0, 0.09903450649376845
0.0, 0.07651595659803057
0.0, 0.09759404322860618
0.0, 0.057342739726900904
0.0, 0.05139746538573689
0.0, 0.07693161940827088
0.0, 0.06068701296328058
0.0, 0.04394011418569066
0.0, 0.09385271098294101
0.0, 0.10051059903482334
0.0, 0.024693080056000447
0.0, 0.0715247162218009
0.0, 0.07226937004236625
0.0, 0.09144552702771391
0.0, 0.07171729406832278
0.0, 0.07083277238261515
0.0, 0.0817913272647989
0.0, 0.038671406377812745
0.0, 0.0657395947149085
0.0, 0.06715452881516325
0.0, 0.05815094067984422
0.0, 0.027494099999862257
0.0, 0.08811688698012929
0.0, 0.061508414163491065
0.0, 0.04509984242432341
0.0, 0.061117553171415484
0.0, 0.024923852755704287
0.0, 0.09490914927983463
0.0, 0.08407857600737084
0.0, 0.06604248769691655
0.0, 0.08218221438779744
0.0, 0.07758755832871118
0.0, 0.05946444033004153
0.0, 0.09898315809483585
0.0, 0.07528455485600025
0.0, 0.08302133256416559
0.0, 0.09613814724526382
0.0, 0.09402154900314083
0.0, 0.1202684317104765
0.0, 0.028612215329610072
0.0, 0.08582099655354733
0.0, 0.11566237276549433
0.0, 0.08880726377292752
0.0, 0.061743091942229614
0.0, 0.10842063056138143
0.0, 0.07306542526112418
0.0, 0.06525760233262806
0.0, 0.08222116893504022
0.0, 0.07919928589541926
0.0, 0.10755139301893402
0.0, 0.05857903787249133
0.0, 0.08367228331444682
0.0, 0.05145350637394888
0.0, 0.07343084144936576
0.0, 0.08452291599362385
0.0, 0.06382924491181687
0.0, 0.027953693580480596
0.0, 0.1128216427695503
0.0, 0.07480720788817237
0.0, 0.031427553898774205
0.0, 0.058573237547244916
0.0, 0.1138004669975029
0.0, 0.11350098858503865
0.0, 0.07513129232193891
0.0, 0.11655250718707494
0.0, 0.08343458411848159
0.0, 0.06534143266755092
0.0, 0.0577036469444861
0.0, 0.06538418722211013
0.0, 0.08904360852646567
0.0, 0.061778164285209686
0.0, 0.09869680763314524
0.0, 0.07138566922287465
0.0, 0.07125480031749512
0.0, 0.061554059815395176
0.0, 0.06501321435518974
0.0, 0.04387855697053979
0.0, 0.07742908983985472
0.0, 0.08819242329737183
0.0, 0.07778715164698387
0.0, 0.04363044151542804
0.0, 0.06881239310990436
0.0, 0.0651513089126112
0.0, 0.06827451896785715
0.0, 0.06641527228458145
0.0, 0.06816991617646778
0.0, 0.05316197381673815
0.0, 0.09598287370631425
0.0, 0.05225821710611947
0.0, 0.10227356766349541
0.0, 0.06911334350675727
0.0, 0.07750533925624475
0.0, 0.052003541268358836
0.0, 0.05729822436243641
0.0, 0.059872498810512764
0.0, 0.06562736836992027
0.0, 0.0879712929458141
0.0, 0.07914141035566771
0.0, 0.06546542959894151
0.0, 0.05543275787689014
0.0, 0.09647694683361277
0.0, 0.027300262884443816
0.0, 0.08013269020282798
0.0, 0.06277439819586986
0.0, 0.03750679550795852
0.0, 0.09236709339047454
0.0, 0.0762442098580724
0.0, 0.05898020183969213
0.0, 0.08949160733356296
0.0, 0.08909954408885917
0.0, 0.10731836911057693
0.0, 0.06295056484690736
0.0, 0.11585004132460655
0.0, 0.07948553971797018
0.0, 0.08593443765981121
0.0, 0.05872091313110163
0.0, 0.08010393200434232
0.0, 0.1029434775524844
0.0, 0.025271564004824054
0.0, 0.07592724778120669
0.0, 0.06979482809004861
0.0, 0.07578769977122934
0.0, 0.058342561656737124
0.0, 0.11335647842675753
0.0, 0.07844238866479071
0.0, 0.06492370810625961
0.0, 0.06784626613606558
0.0, 0.05245697882293299
0.0, 0.05700045720372102
0.0, 0.0398989794026824
0.0, 0.0744350671230792
0.0, 0.10445525499133657
0.0, 0.053673638663683035
0.0, 0.08162257728452202
0.0, 0.05049655462913867
0.0, 0.07327281804083188
0.0, 0.05363068730992697
0.0, 0.09223525321169534
0.0, 0.05829364796254248
0.0, 0.07739539390406767
0.0, 0.07447411744416854
0.0, 0.04596861809454306
0.0, 0.0986485292528231
0.0, 0.035129320163993366
0.0, 0.1172482200264669
0.0, 0.05777888026330391
0.0, 0.08010368307089112
0.0, 0.03730591698912157
0.0, 0.1341917440457905
0.0, 0.06849379433795316
0.0, 0.06941104975587131
0.0, 0.0748814609864339
0.0, 0.0889993689460469
0.0, 0.09121932584930234
0.0, 0.09373005747930811
0.0, 0.08821238505265555
0.0, 0.09125383823602276
0.0, 0.06018220209380748
0.0, 0.09045025063173462
0.0, 0.08209373053394448
0.0, 0.08942534358291947
0.0, 0.019664602857899074
0.0, 0.053902174655991966
0.0, 0.0796086872043459
0.0, 0.06594221518081361
0.0, 0.06225222497156557
0.0, 0.05508665456463191
0.0, 0.07222160110345377
0.0, 0.07489326604044937
0.0, 0.11453135037053952
0.0, 0.10614091431836298
0.0, 0.07671631535059643
0.0, 0.06815513295734346
0.0, 0.0798735481772902
0.0, 0.06609640193240512
0.0, 0.08403073926692144
0.0, 0.0798529394349407
0.0, 0.06648196824808397
0.0, 0.07579737624058705
0.0, 0.11466146153896595
0.0, 0.07531758670933728
0.0, 0.060734383245076545
0.0, 0.0662707338836516
0.0, 0.05263688866347596
0.0, 0.047344008646137956
0.0, 0.06653356446658218
0.0, 0.08929512907182677
0.0, 0.08021732680883756
0.0, 0.10328928967546468
0.0, 0.07160436886423707
0.0, 0.07578280035258961
0.0, 0.0594735122098901
0.0, 0.086341161421086
0.0, 0.08012745468095206
0.0, 0.06702886006201259
0.0, 0.0926957644934173
0.0, 0.07626019657231922
0.0, 0.08257546871843865
0.0, 0.07500156793551666
0.0, 0.08447502954692107
0.0, 0.038743447376641885
0.0, 0.08379201280053486
0.0, 0.06308968772321252
0.0, 0.06724152728018293
0.0, 0.09559058486285904
0.0, 0.044746470413712935
0.0, 0.07833705437369198
0.0, 0.08274081624468482
0.0, 0.0796021466061422
0.0, 0.10057093492819336
0.0, 0.08936893437253782
0.0, 0.06023149469001379
0.0, 0.06385445857626385
0.0, 0.08845440327854784
0.0, 0.08149857705675115
0.0, 0.05900677872226545
0.0, 0.058534425335587004
0.0, 0.06718486403647546
0.0, 0.04868067264610976
0.0, 0.023384111299725105
0.0, 0.08373916818045274
0.0, 0.07304077218649832
0.0, 0.050992559032202595
0.0, 0.07231490874947491
0.0, 0.0801376741719704
0.0, 0.1125971419262432
0.0, 0.05927805487725403
0.0, 0.08650739099303023
0.0, 0.07612322951931141
0.0, 0.06157284814819078
0.0, 0.08316086287005431
0.0, 0.043132072820745104
0.0, 0.047570373732325866
0.0, 0.03065808273976489
0.0, 0.08678779182983773
0.0, 0.08601645638488684
0.0, 0.047121172030344854
0.0, 0.09195257464854488
0.0, 0.06578542883809019
0.0, 0.08787670885722812
0.0, 0.0903204548612134
0.0, 0.04891949063594858
0.0, 0.08347514115114298
0.0, 0.03808963488492144
0.0, 0.05521507243721924
0.0, 0.02653112370975949
0.0, 0.05089548570400096
0.0, 0.11060564798417452
0.0, 0.015715803623977814
0.0, 0.11951088560040407
0.0, 0.06959231999085386
0.0, 0.10433794392391493
0.0, 0.05638099213450737
0.0, 0.08347932903280295
0.0, 0.09009232299865322
0.0, 0.064091531889405
0.0, 0.08894371980667128
0.0, 0.053918993369239734
0.0, 0.08015724315543223
0.0, 0.0867988339228819
0.0, 0.0591851612906201
0.0, 0.08807643227207848
0.0, 0.035352381757809914
0.0, 0.11220478555640205
0.0, 0.07416996786309185
0.0, 0.051923448114654214
0.0, 0.0836890375460221
0.0, 0.05714225337736907
0.0, 0.09739025444652719
0.0, 0.04040144503966789
0.0, 0.09065834381889767
0.0, 0.07710810636934592
0.0, 0.11651897022121085
0.0, 0.08716029071270656
0.0, 0.03971386208974001
0.0, 0.07325556822942846
0.0, 0.10327189166324285
0.0, 0.09209987117392093
0.0, 0.0683985747545561
0.0, 0.06983791077912914
0.0, 0.06667791532367447
0.0, 0.07414094733431607
0.0, 0.09958846590160628
0.0, 0.10390363209460324
0.0, 0.104784549257146
0.0, 0.0977290193756237
0.0, 0.08888368817859474
0.0, 0.05806278203361409
0.0, 0.0883317554987435
0.0, 0.06148695929853301
0.0, 0.07084158179548547
0.0, 0.07782276291084789
0.0, 0.10041863082056016
0.0, 0.07384707502378035
0.0, 0.0840486244793725
0.0, 0.07313051990313724
0.0, 0.09989518376348028
0.0, 0.09609332484841844
0.0, 0.054377797036211414
0.0, 0.0860804234211237
0.0, 0.10275679577434123
0.0, 0.12491134539406888
0.0, 0.06752291926166282
0.0, 0.02894431553834076
0.0, 0.09285648664915827
0.0, 0.07370672280738304
0.0, 0.046079955896426536
0.0, 0.08295441857221225
0.0, 0.09659936869323957
0.0, 0.07779009785220728
0.0, 0.08894609198463588
0.0, 0.08550821935684035
0.0, 0.10619729102856126
0.0, 0.09717976987079865
0.0, 0.09430470199294433
0.0, 0.06980870459517532
0.0, 0.030188942552123052
0.0, 0.03416029583739355
0.0, 0.06863003868922299
0.0, 0.08687065132961033
0.0, 0.11133001309242649
0.0, 0.060440656840761026
0.0, 0.05199784908904642
0.0, 0.10861225404852923
0.0, 0.04971983923536606
0.0, 0.03963128254138118
0.0, 0.07730453212337995
0.0, 0.08888483713425645
0.0, 0.11662783532601706
0.0, 0.06913547637471656
0.0, 0.09281421951817312
0.0, 0.0718259343834273
0.0, 0.11237128139619063
0.0, 0.09782718204403068
0.0, 0.06572626993209205
0.0, 0.06105945501906235
0.0, 0.09520643041990251
0.0, 0.09408909452535275
0.0, 0.03949951231938692
0.0, 0.08223574145747631
0.0, 0.059025570938187444
0.0, 0.10015649001857721
0.0, 0.1006758357461218
0.0, 0.08244086169887016
0.0, 0.046438095257932244
0.0, 0.09165370774945766
0.0, 0.0777460107420638
0.0, 0.054670869932935004
0.0, 0.08735389102150609
0.0, 0.04092175687451388
0.0, 0.08484604370879434
0.0, 0.04892807318715997
0.0, 0.03033752857689251
0.0, 0.0915544922258255
0.0, 0.07974098395541437
0.0, 0.05621171114739369
0.0, 0.06950552814947414
0.0, 0.0686964007878003
0.0, 0.06968405039832958
0.0, 0.019540400524332882
0.0, 0.09330602551024314
0.0, 0.09646256433921117
0.0, 0.11262343548905003
0.0, 0.06982644564127023
0.0, 0.10112968598575156
0.0, 0.03815362017277117
0.0, 0.10058509964507409
0.0, 0.09771680781667619
0.0, 0.0323813942175622
0.0, 0.08640654175957278
0.0, 0.10046753785900871
0.0, 0.05890997145821664
0.0, 0.04918870253742941
0.0, 0.05879502271092782
0.0, 0.05639615604301812
0.0, 0.09555469618665494
0.0, 0.11411866720662048
0.0, 0.09262640407995938
0.0, 0.0665269594870167
0.0, 0.0889040957039268
0.0, 0.06876809793386701
0.0, 0.03918344779228465
0.0, 0.0765479070418371
0.0, 0.09124026175849685
0.0, 0.04315613850827296
0.0, 0.08253919953753806
0.0, 0.06724983733138451
0.0, 0.0551078836329148
0.0, 0.06816309442345891
0.0, 0.07373198529700098
0.0, 0.049129371603630276
0.0, 0.04904691680401621
0.0, 0.0990548959296074
0.0, 0.035538305849281374
0.0, 0.09280150750277402
0.0, 0.0926742208747208
0.0, 0.05477042447862951
0.0, 0.0626672550310945
0.0, 0.04457958233272995
0.0, 0.08621227625331962
0.0, 0.07105798153929482
0.0, 0.06534986153893896
0.0, 0.03584156040184794
0.0, 0.07134292269012739
0.0, 0.03080764286257552
0.0, 0.08532122714618
0.0, 0.07753946871613474
0.0, 0.10550232767987543
0.0, 0.0395960403422248
0.0, 0.03467995656129483
0.0, 0.10986591124343645
0.0, 0.1414361710000846
0.0, 0.06021030318366108
0.0, 0.08773965703825112
0.0, 0.11427973560824708
0.0, 0.09167599012201165
0.0, 0.022772061260647056
0.0, 0.062267332443265544
0.0, 0.07516239065367994
0.0, 0.07300068764699591
0.0, 0.0629671010373874
0.0, 0.03888496452594119
0.0, 0.11378763437909234
0.0, 0.029211516262845627
0.0, 0.06793431633530983
0.0, 0.06640613778043139
0.0, 0.1007166088842213
0.0, 0.05974047928015194
0.0, 0.06724101755369587
0.0, 0.048351554550829304
0.0, 0.0505797061323863
0.0, 0.07452524240854543
0.0, 0.051692087373115994
0.0, 0.09176491442990425
0.0, 0.05549010386453762
0.0, 0.025962113885032945
0.0, 0.07135650499083745
0.0, 0.06689740342112335
0.0, 0.10248590632960344
0.0, 0.08012818571553498
0.0, 0.06178834227037225
0.0, 0.06970904978684087
0.0, 0.10589339646479379
0.0, 0.08593193962961343
0.0, 0.08024759469407344
0.0, 0.0876495709186974
0.0, 0.08088918913564369
0.0, 0.05288524071967332
0.0, 0.046693460858392016
0.0, 0.0856745269001215
0.0, 0.12093998704844768
0.0, 0.05232496774344453
0.0, 0.12846761059828243
0.0, 0.07204004054101462
0.0, 0.11739181147402476
0.0, 0.05622719097461602
0.0, 0.10807600816623913
0.0, 0.11066008004860871
0.0, 0.04123911929452176
0.0, 0.06700253177639304
0.0, 0.07951834450214766
0.0, 0.06824443038911232
0.0, 0.08547039742136744
0.0, 0.05493185991377217
0.0, 0.06625197308253952
0.0, 0.037567452980211316
0.0, 0.060565638135119976
0.0, 0.04816859560443679
0.0, 0.10115130234588757
0.0, 0.05642344243080069
0.0, 0.07382947671866145
0.0, 0.10814126210017104
0.0, 0.08177537278107896
0.0, 0.09780251028725614
0.0, 0.07467556465059232
0.0, 0.08307271731971903
0.0, 0.04518352269336784
0.0, 0.08521654065223422
0.0, 0.08772062216760632
0.0, 0.06147911621211756
0.0, 0.09989630948546546
0.0, 0.09626516972651189
0.0, 0.07152579428528275
0.0, 0.04579082849079144
0.0, 0.04930369893193398
0.0, 0.09344586170612339
0.0, 0.038053973872324676
0.0, 0.07158431709727321
0.0, 0.06369945079763695
0.0, 0.10302397648497497
0.0, 0.08576964890221216
0.0, 0.08187566673377109
0.0, 0.10047894670729997
0.0, 0.10898538010572367
0.0, 0.0401972047250726
0.0, 0.046210155212999995
0.0, 0.048241129851311085
0.0, 0.07581508539718085
0.0, 0.06125562432565415
0.0, 0.06906543893233479
0.0, 0.0513362594235344
0.0, 0.06162140045599912
0.0, 0.09586695044805743
0.0, 0.08680121597711105
0.0, 0.09831348382376706
0.0, 0.05423381368121037
0.0, 0.09963079394880453
0.0, 0.061017243907536156
0.0, 0.11988780238890845
0.0, 0.06861772880565015
0.0, 0.02746234148562457
0.0, 0.029431490524060855
0.0, 0.08266991437983172
0.0, 0.08596659507092405
0.0, 0.07823788210664136
0.0, 0.08078569859656223
0.0, 0.049076539547942874
0.0, 0.10820509894853192
0.0, 0.02298366916282199
0.0, 0.08368263401656378
0.0, 0.06197726566699566
0.0, 0.07986830136925768
0.0, 0.11807555704362958
0.0, 0.04526768584932128
0.0, 0.07530124765146037
0.0, 0.07388085373373399
0.0, 0.09479176226338866
0.0, 0.1044388176478866
0.0, 0.05501440565734439
0.0, 0.06729262553608761
0.0, 0.07104920211635035
0.0, 0.09296387427690253
0.0, 0.08034002108359564
0.0, 0.06568727322669629
0.0, 0.06719047648592368
0.0, 0.06099424228838411
0.0, 0.045841200698938864
0.0, 0.07176323573425457
0.0, 0.05305607378192981
0.0, 0.03660820018476979
0.0, 0.07633382989743563
0.0, 0.07389684692717988
0.0, 0.0856278301545709
0.0, 0.062198333544842666
0.0, 0.08602455232318382
0.0, 0.07321260272475352
0.0, 0.09169274449737733
0.0, 0.05179665281960305
0.0, 0.05414497584109658
0.0, 0.06298287931614993
0.0, 0.09307226842399388
0.0, 0.05473425605386638
0.0, 0.11503916779089979
0.0, 0.07588849474270477
0.0, 0.06599495796114381
0.0, 0.08534711143890411
0.0, 0.05594987822420369
0.0, 0.021984550418769275
0.0, 0.08679894046270538
0.0, 0.09260428013115304
0.0, 0.06702101215644221
0.0, 0.04358794967417999
0.0, 0.11238158999212744
0.0, 0.06821863407114247
0.0, 0.10385941473589952
0.0, 0.058323971948060965
0.0, 0.0593591832027895
0.0, 0.06727174634540667
0.0, 0.08235260574989675
0.0, 0.06590868266196556
0.0, 0.028990909257221892
0.0, 0.10511233873667673
0.0, 0.05554780691703773
0.0, 0.1330466519077896
0.0, 0.07134097092652486
0.0, 0.07668968521057218
0.0, 0.058196722463748435
0.0, 0.07844712591223982
0.0, 0.08806253219536514
0.0, 0.038255136066711576
0.0, 0.057768952524000994
0.0, 0.057981567654719235
0.0, 0.05939089226605618
0.0, 0.08749606886001665
0.0, 0.05869074997658694
0.0, 0.04084757646319251
0.0, 0.041242222459091815
0.0, 0.08125883383080218
0.0, 0.052075679063284586
0.0, 0.0800068471978315
0.0, 0.0993451481037069
0.0, 0.07331984931762328
0.0, 0.07443828568889069
0.0, 0.05735633911043503
0.0, 0.0774737510613461
0.0, 0.04537788867700639
0.0, 0.08186598061527992
0.0, 0.09726573140762783
0.0, 0.02297553502541462
0.0, 0.08541244339001064
0.0, 0.08899055173204931
0.0, 0.10012318296807168
0.0, 0.057671267380931174
0.0, 0.0791021573156928
0.0, 0.06302446222147028
0.0, 0.016662537426018767
0.0, 0.1592159702419003
0.0, 0.07848687338873124
0.0, 0.0618093554686327
0.0, 0.06076920231012575
0.0, 0.03870902117350507
0.0, 0.05183228702765136
0.0, 0.07369799761618684
0.0, 0.08775081250681044
0.0, 0.09690221161928325
0.0, 0.06981481168063677
0.0, 0.14973305890468616
0.0, 0.08409180036949507
0.0, 0.07611400471586184
0.0, 0.07463668657114189
0.0, 0.08313811594592727
0.0, 0.08485149571227626
0.0, 0.0861682021237072
0.0, 0.0708534458471306
0.0, 0.07945850610891397
0.0, 0.06893393232459039
0.0, 0.06035089156883827
0.0, 0.057112464862792395
0.0, 0.06116277970526213
0.0, 0.04829327757014057
0.0, 0.09566916281675686
0.0, 0.05258530943433326
0.0, 0.07559899613546395
0.0, 0.07853838109004635
0.0, 0.07253257080532759
0.0, 0.046866591918152276
0.0, 0.0604139407219135
0.0, 0.06012609473713845
0.0, 0.053985053222688845
0.0, 0.07984222544894079
0.0, 0.08877382257259234
0.0, 0.07248219158621139
0.0, 0.05431971501791823
0.0, 0.07930231495873194
0.0, 0.13462733036709357
0.0, 0.05142877377562666
0.0, 0.05084889497925896
0.0, 0.10122980927906752
0.0, 0.04468461092426303
0.0, 0.08065964377777851
0.0, 0.10207678693101835
0.0, 0.08965803780479542
0.0, 0.08573995938554338
0.0, 0.08944891624976548
0.0, 0.10268350007076077
0.0, 0.08816002985226246
0.0, 0.028544194180599253
0.0, 0.06878834050022027
0.0, 0.09603688027764401
0.0, 0.0644074956010984
0.0, 0.06982331727347439
0.0, 0.08906151297781409
0.0, 0.0786729385889868
0.0, 0.055834320286099526
0.0, 0.06681225871257111
0.0, 0.051861324696694674
0.0, 0.08502498908097172
0.0, 0.08346649163834771
0.0, 0.08432914901213683
0.0, 0.04951998908296314
0.0, 0.10895419088532485
0.0, 0.04942844508429427
0.0, 0.034664818833549535
0.0, 0.057339697156289254
0.0, 0.12546689438296735
0.0, 0.06929495155105769
0.0, 0.0779352526515451
0.0, 0.07872762053499377
0.0, 0.10244294114585559
0.0, 0.07520362105328712
0.0, 0.06396247149730408
0.0, 0.09665923900108489
0.0, 0.034556748436538234
0.0, 0.07991602504166029
0.0, 0.1269944099402429
0.0, 0.0945366652622647
0.0, 0.06598357332224933
0.0, 0.10357556734039479
0.0, 0.06314768264430003
0.0, 0.10566521240718293
0.0, 0.07978130715876022
0.0, 0.0858096691951353
0.0, 0.09695592926997441
0.0, 0.08692646159710578
0.0, 0.07452436447388766
0.0, 0.06359587377258807
0.0, 0.09523067451673409
0.0, 0.0437522461977122
0.0, 0.06050980380848145
0.0, 0.06816458686843982
0.0, 0.07523448691441516
0.0, 0.06126257603911639
0.0, 0.07640793395281131
0.0, 0.09424619232398385
0.0, 0.05381689295938273
0.0, 0.06096459483918498
0.0, 0.09210403058743241
0.0, 0.044545186523727215
0.0, 0.07456595672667715
0.0, 0.07116043279950354
0.0, 0.0665048498037141
0.0, 0.09104598650223468
0.0, 0.06247760188280424
0.0, 0.0760886806537183
0.0, 0.08070902893630012
0.0, 0.060093015594456844
0.0, 0.08964223238694424
0.0, 0.05452693375769979
0.0, 0.08595745719627125
0.0, 0.09720433919963009
0.0, 0.09225651839310867
0.0, 0.10751276047963189
0.0, 0.06757183688708793
0.0, 0.08082462891694055
0.0, 0.08141549469924392
0.0, 0.09472856330162858
0.0, 0.06871385086571807
0.0, 0.09442794242563704
0.0, 0.10893962559763429
0.0, 0.09657222578111149
0.0, 0.07631191892241555
0.0, 0.0986522283538362
0.0, 0.04304120389539519
0.0, 0.07324246761282158
0.0, 0.07474003791796235
0.0, 0.0797630209719642
0.0, 0.09194667565574151
0.0, 0.05721983865675308
0.0, 0.10197145900802115
0.0, 0.08030312935345076
0.0, 0.07617223494769174
0.0, 0.07397339677959802
0.0, 0.10228198229383398
0.0, 0.06670432524556434
0.0, 0.07137012553140173
0.0, 0.0825266052621424
0.0, 0.09771675037155104
0.0, 0.10202219196747983
0.0, 0.1042433419828333
0.0, 0.05266286875321903
0.0, 0.08588823550387306
0.0, 0.03713008066488675
0.0, 0.051910541611411926
0.0, 0.07874502012897994
0.0, 0.06019751133445658
0.0, 0.031055858358780927
0.0, 0.1166121404887927
0.0, 0.0727620101161367
0.0, 0.06446592433335478
0.0, 0.08825133242549528
0.0, 0.07947733434726587
0.0, 0.0727472827307902
0.0, 0.09405671678743649
0.0, 0.09519348525450858
0.0, 0.052404282906089936
0.0, 0.08736205165302777
0.0, 0.08938577670093113
0.0, 0.04008669477543897
0.0, 0.08569239809718066
0.0, 0.10365312952312447
0.0, 0.05804146355966007
0.0, 0.08172470222457365
0.0, 0.05910138489303085
0.0, 0.07276887726996384
0.0, 0.10467211033081181
0.0, 0.06828803743754298
0.0, 0.07056022640361145
0.0, 0.08347137635057811
0.0, 0.011836967703962226
0.0, 0.06577554009588331
0.0, 0.07258355631373528
0.0, 0.09597224048698616
0.0, 0.038812547119096874
0.0, 0.07836498115506117
0.0, 0.08570751579207364
0.0, 0.0896187884473123
0.0, 0.06827482294997589
0.0, 0.11750461936365829
0.0, 0.07656304284190388
0.0, 0.07446532984811027
0.0, 0.07592778695366635
0.0, 0.09500458666805309
0.0, 0.08125700014567962
0.0, 0.07435966576623651
0.0, 0.04957058545095602
0.0, 0.057944390451665606
0.0, 0.057265074625867135
0.0, 0.0717906985351164
0.0, 0.04836220744888295
0.0, 0.10297381657267202
0.0, 0.06436274686637626
0.0, 0.08162110552508006
0.0, 0.08681270474968567
0.0, 0.05971675153232367
0.0, 0.06654409532864224
0.0, 0.06866540918723997
0.0, 0.09471105704103824
0.0, 0.11452569683980822
0.0, 0.08100902465275675
0.0, 0.06655039585681206
0.0, 0.08619275456697796
0.0, 0.04058316720754147
0.0, 0.07534872069336937
0.0, 0.08023846563510964
0.0, 0.1295825611943482
0.0, 0.048411535373286116
0.0, 0.029844799745235018
0.0, 0.09478990610220113
0.0, 0.09915962732133418
0.0, 0.06584152926980474
0.0, 0.09455415850298482
0.0, 0.08296661584236958
0.0, 0.09059197021663776
0.0, 0.059256608366286725
0.0, 0.06636796466168347
0.0, 0.06363101004468591
0.0, 0.09264951111082295
0.0, 0.05932089800948953
0.0, 0.07243738236322939
0.0, 0.07427318439010669
0.0, 0.07983045058027305
0.0, 0.06676907396719754
0.0, 0.06314422231359884
0.0, 0.1051244424064665
0.0, 0.039788889503698424
0.0, 0.08739818744476655
0.0, 0.07241386540995953
0.0, 0.04404026152122745
0.0, 0.08230086675452584
0.0, 0.057577243174699616
0.0, 0.059119325925843874
0.0, 0.06083157244624113
0.0, 0.09559677010916028
0.0, 0.07933549375641391
0.0, 0.06576798359824429
0.0, 0.06186045023734603
0.0, 0.046965836361305816
0.0, 0.08536076248841942
0.0, 0.03464608087957044
0.0, 0.0857813230643202
0.0, 0.0752390625343404
0.0, 0.0826746949541034
0.0, 0.08888336602515332
0.0, 0.0806403995986804
0.0, 0.06253310750079064
0.0, 0.06451949124871216
0.0, 0.08574093217130452
0.0, 0.07872152173623698
0.0, 0.0953297213025564
0.0, 0.08700022234530833
0.0, 0.056689851009567374
0.0, 0.06979938331737416
0.0, 0.07353620761794546
0.0, 0.06874856013935929
0.0, 0.07591510674999512
0.0, 0.08882503244515
0.0, 0.08662419786871463
0.0, 0.05789323998631765
0.0, 0.07250584741012718
0.0, 0.10646920613070106
0.0, 0.04425002566036644
0.0, 0.051463175348492124
0.0, 0.10111795967718169
0.0, 0.04761934326796145
0.0, 0.09999717043846201
0.0, 0.056966000356881485
0.0, 0.05826197343377758
0.0, 0.0626565287165824
0.0, 0.04986743219731604
0.0, 0.0564267892072462
0.0, 0.07460799762869949
0.0, 0.08093307994693784
0.0, 0.09941665095501143
0.0, 0.09309043125648193
0.0, 0.08851318570603864
0.0, 0.06783948624949643
0.0, 0.08515608983669976
0.0, 0.06176590411237039
0.0, 0.044364820362588514
0.0, 0.10380118262925425
0.0, 0.08846765436256245
0.0, 0.05737592461786871
0.0, 0.07854296474112568
0.0, 0.08226321607727788
0.0, 0.07112723889466352
0.0, 0.022062547959850437
0.0, 0.0831856062493233
0.0, 0.056772982143317136
0.0, 0.037805173121196536
0.0, 0.05909191977105255
0.0, 0.07694827858960199
0.0, 0.09401451921023549
0.0, 0.05663644100758074
0.0, 0.07734419826220057
0.0, 0.06580902248124756
0.0, 0.02460652204097584
