ATE real, ATE estimado
0.9999999999999972, 0.7178328299469188
1.0000000000000084, 0.7223545711475127
0.9999999999999982, 0.7179065609564397
0.9999999999999954, 0.7206378089897849
1.0000000000000053, 0.7256697720753318
0.9999999999999927, 0.7196642839345657
1.000000000000009, 0.7167153693339998
0.9999999999999988, 0.7203346511241628
1.0000000000000056, 0.7347113276781847
1.0000000000000029, 0.7388741445856171
0.9999999999999974, 0.7231128393264217
1.0000000000000038, 0.7371432040829574
1.000000000000006, 0.7310869863454738
1.0000000000000016, 0.7236791819078978
1.0000000000000047, 0.7117923024448713
1.0000000000000095, 0.7215140178830476
1.0000000000000062, 0.7104146118794623
1.0000000000000033, 0.6994577312365812
0.9999999999999988, 0.7343721861029046
1.00000000000001, 0.7204830271336066
1.0000000000000029, 0.7092076737476194
1.0000000000000047, 0.7356758812266098
0.9999999999999968, 0.7181345425652648
1.0000000000000027, 0.7300849256064441
0.9999999999999937, 0.719873440591817
0.9999999999999994, 0.724686098974628
1.0000000000000027, 0.7159877124514515
1.0, 0.7284709593954217
1.0000000000000033, 0.7049157146695855
0.9999999999999954, 0.7264891916245649
0.9999999999999921, 0.7168118251638158
1.0000000000000062, 0.7094072471151236
0.9999999999999934, 0.725230962697188
0.9999999999999883, 0.7471525154484695
0.9999999999999978, 0.7205426402412081
0.9999999999999984, 0.7258601646876236
0.9999999999999998, 0.723671327345623
1.0000000000000047, 0.7455846775593632
1.000000000000003, 0.7124478417228932
0.9999999999999994, 0.7200539209445413
0.9999999999999988, 0.702563627335246
1.0000000000000004, 0.7290634953436971
0.9999999999999988, 0.7228675364497075
1.000000000000006, 0.7159740158695853
1.0, 0.7481763360332501
0.9999999999999856, 0.7201192574925996
1.0000000000000064, 0.7354569474665862
0.9999999999999947, 0.7314898399815086
1.0000000000000009, 0.7331209789738999
0.9999999999999992, 0.717896663021114
0.9999999999999937, 0.7192421129814507
1.0000000000000029, 0.6883768026974568
0.999999999999996, 0.7326023588332478
0.9999999999999977, 0.7315096618701235
1.000000000000001, 0.7261517741572183
0.9999999999999891, 0.7126265418979572
0.9999999999999947, 0.7199599435531702
0.9999999999999891, 0.7310468821081976
0.999999999999993, 0.7129445467965507
0.9999999999999954, 0.7402912151920197
1.0000000000000022, 0.707270864813642
0.9999999999999964, 0.7391353255980578
1.000000000000001, 0.7144312862650337
0.9999999999999902, 0.719933243299785
0.9999999999999967, 0.7345783907789513
0.9999999999999937, 0.7169458447472448
1.0000000000000024, 0.7242657134844269
1.0000000000000049, 0.7503819929251805
1.0000000000000042, 0.6930438634025602
0.9999999999999939, 0.7212491986845107
0.9999999999999994, 0.7505687244989587
0.9999999999999978, 0.7175768708330061
1.0000000000000036, 0.7172258690723864
0.9999999999999984, 0.7234853241599104
1.0000000000000093, 0.7140762452907177
0.9999999999999978, 0.7438149609348028
0.9999999999999964, 0.7367124171334634
1.0000000000000047, 0.7211983143727513
0.9999999999999978, 0.7206615965230749
1.0000000000000102, 0.7273505283218358
0.999999999999998, 0.7185935317128485
1.0000000000000062, 0.7212825294074923
0.9999999999999937, 0.7236368903956625
1.0000000000000027, 0.7288829246927457
0.999999999999993, 0.7261507608750514
1.000000000000012, 0.71544531659347
0.9999999999999977, 0.6990678420409405
0.9999999999999915, 0.729647441229023
0.999999999999998, 0.717013924277986
1.0000000000000029, 0.711175308328338
0.9999999999999944, 0.7221253822955807
1.0000000000000044, 0.7085248812631606
1.0000000000000062, 0.7117908324916125
1.0000000000000102, 0.7138617876185622
0.9999999999999998, 0.7386277568138357
1.0000000000000044, 0.7156534843604556
1.0000000000000029, 0.7237217171973268
1.0000000000000056, 0.7219850644788532
0.9999999999999992, 0.7301216268300275
0.9999999999999922, 0.724318035306265
1.0000000000000044, 0.6965912902570144
0.9999999999999919, 0.7354931980995266
0.9999999999999977, 0.7127583025178539
1.0000000000000029, 0.710976189011362
1.000000000000006, 0.7306101256045205
0.9999999999999944, 0.7136485118142044
0.9999999999999998, 0.7331238408655119
1.0000000000000064, 0.7194932017252282
0.9999999999999958, 0.7128785472660373
0.9999999999999974, 0.7251347013409855
0.9999999999999947, 0.7174100582635814
0.9999999999999978, 0.7353164056804595
0.9999999999999998, 0.7170797022410001
1.0000000000000107, 0.7248857113722864
0.9999999999999982, 0.7240554071556413
1.0000000000000002, 0.7160437179467087
1.0000000000000029, 0.7252339954208955
1.000000000000012, 0.7084883973994376
0.9999999999999982, 0.7113998001449247
0.9999999999999949, 0.7336572493855785
1.000000000000011, 0.7029784545544737
0.9999999999999915, 0.7139475586470408
1.0000000000000029, 0.7083020824635143
1.0000000000000075, 0.7302184108554175
0.999999999999998, 0.7331674843219254
1.000000000000002, 0.7132313860017314
1.0000000000000022, 0.7467012138611628
0.9999999999999982, 0.7031643633802683
0.9999999999999977, 0.7321518230454437
0.9999999999999986, 0.7221551948607365
0.9999999999999977, 0.7053680769933178
0.9999999999999937, 0.7245388359759153
0.9999999999999978, 0.7317021277085289
1.0, 0.7220836774294642
1.0000000000000029, 0.7286721726704649
0.9999999999999974, 0.7330037533123656
0.9999999999999972, 0.7352650129283672
1.0000000000000047, 0.7168954964625627
0.9999999999999992, 0.7186586749585581
0.9999999999999998, 0.7217337879699222
0.9999999999999952, 0.717919661840102
1.0000000000000062, 0.7170069812682047
0.9999999999999996, 0.7240802961627182
0.9999999999999968, 0.7263385884184318
1.0000000000000082, 0.7221702536936897
1.0000000000000036, 0.7191742984783165
0.9999999999999968, 0.7193451220431114
1.0000000000000016, 0.743858470623626
1.0000000000000033, 0.7201675208058883
1.000000000000006, 0.722967712245094
0.9999999999999972, 0.6984790821698545
0.9999999999999972, 0.7202487998921593
0.9999999999999984, 0.7188738257887339
0.9999999999999992, 0.7156112992960457
0.9999999999999994, 0.7192521378030243
1.000000000000005, 0.7016295291637688
0.999999999999998, 0.7185713938282448
1.0000000000000013, 0.7167007159226803
1.000000000000004, 0.7226572935100803
1.000000000000001, 0.7218148909941854
0.9999999999999967, 0.7278080155254307
1.000000000000003, 0.70366554695165
1.0000000000000038, 0.7321512552684027
1.0000000000000047, 0.7345399268674575
0.9999999999999912, 0.7119744405965005
1.0000000000000089, 0.7369757610438539
0.999999999999998, 0.7173056838812357
1.0000000000000098, 0.7109761566353257
1.0000000000000027, 0.7352603680389227
1.0000000000000029, 0.7265505136804689
1.0000000000000024, 0.7174972020590578
1.000000000000001, 0.7450526975832035
0.999999999999997, 0.7158490959998063
1.000000000000012, 0.7129283390467713
1.0000000000000022, 0.7256754270309113
0.9999999999999929, 0.7180762030419651
0.9999999999999974, 0.727546271234327
0.999999999999994, 0.6964770131278942
1.0000000000000044, 0.7073804336957966
0.9999999999999992, 0.712474743895793
1.0000000000000036, 0.7232086568439089
0.9999999999999986, 0.7244410241858419
1.000000000000002, 0.7280809671897825
0.9999999999999922, 0.7023641909803449
0.9999999999999947, 0.7325609968763168
1.0000000000000064, 0.7268543200045156
1.0000000000000033, 0.7245807204457713
1.0000000000000027, 0.7141846159364733
1.0, 0.7242961270591165
1.0000000000000016, 0.7223582883686764
0.9999999999999934, 0.7277797826939023
1.0000000000000029, 0.7242156289183198
0.9999999999999939, 0.7172793950827124
0.9999999999999996, 0.6968180751620272
1.0000000000000044, 0.7213109148389278
0.9999999999999962, 0.7297200259390687
1.0000000000000084, 0.7164751746840547
1.0000000000000113, 0.7283206239296043
1.0000000000000022, 0.7187731652612395
1.0000000000000078, 0.7203922238650656
1.0000000000000018, 0.7356071277661096
1.0000000000000009, 0.7158850934430829
1.0000000000000082, 0.7306680270717618
0.999999999999999, 0.7256877237551632
1.000000000000008, 0.7289119225492036
0.9999999999999939, 0.7196689188864899
0.9999999999999912, 0.7191379235169133
1.0000000000000013, 0.717508005478182
1.0000000000000024, 0.7277130943574993
1.000000000000006, 0.7162821861194791
1.0000000000000049, 0.7321346737120706
0.9999999999999992, 0.730051894855538
0.9999999999999968, 0.737348299942791
0.9999999999999958, 0.7129294197159872
1.0000000000000053, 0.7249576211433343
1.0000000000000002, 0.7399591198074027
0.9999999999999977, 0.7259393822615483
0.999999999999994, 0.7152791182104059
0.9999999999999947, 0.7246798446234226
0.9999999999999962, 0.7196812276126616
1.0000000000000009, 0.7138325059352183
0.999999999999994, 0.7239997892042658
1.0000000000000047, 0.7233505695327791
1.000000000000001, 0.7208855478862779
1.0000000000000036, 0.7104979940911547
1.0000000000000038, 0.7215956659068445
0.9999999999999958, 0.7268368334214821
1.0000000000000078, 0.7165804316325711
0.9999999999999952, 0.7105927273723489
1.0000000000000029, 0.6967624471679428
1.0000000000000016, 0.7359037011671802
0.9999999999999958, 0.7266182833317325
1.0000000000000004, 0.7123478114682175
0.9999999999999968, 0.7233017838922309
1.0000000000000047, 0.7252037232068487
0.9999999999999996, 0.7319967026404264
0.9999999999999921, 0.7313911837916244
1.0000000000000016, 0.730475635805699
0.9999999999999942, 0.716602377530671
1.000000000000001, 0.7358268864231099
1.0000000000000016, 0.7203191413789141
0.999999999999998, 0.7279921760573812
0.9999999999999942, 0.7076410162276353
1.0000000000000082, 0.7226820219403034
1.0, 0.7089068289785689
1.0000000000000089, 0.727728718381858
0.9999999999999893, 0.747291914302957
1.0000000000000013, 0.7263463906599683
1.0000000000000062, 0.7112598417555202
1.000000000000003, 0.7166718166190806
1.0000000000000009, 0.7118621625217922
1.0000000000000004, 0.7326712171579086
0.9999999999999972, 0.7204545782095744
0.9999999999999962, 0.728481234194242
1.0000000000000002, 0.7236881261517403
0.9999999999999996, 0.7245405976313274
0.999999999999999, 0.7182844179594725
1.0000000000000036, 0.7187529471658163
0.9999999999999998, 0.7116751869801337
1.0, 0.7330956192167231
1.0000000000000104, 0.7221774737472773
1.0000000000000093, 0.7155569278525358
0.9999999999999957, 0.7304608980283612
0.9999999999999954, 0.7214780015734419
0.9999999999999968, 0.7234434104568881
0.9999999999999994, 0.7350411338779106
0.9999999999999962, 0.7169877908215413
1.0000000000000018, 0.7164212569642391
1.0000000000000056, 0.7268990512439522
1.0000000000000053, 0.7260039516840273
1.0000000000000004, 0.7472734503042929
0.999999999999995, 0.7227572599289595
0.9999999999999921, 0.7248942970759877
0.9999999999999984, 0.7222616652497218
1.000000000000002, 0.7345043425448421
1.000000000000006, 0.6976283821301434
0.9999999999999891, 0.7068988068228028
0.9999999999999968, 0.7216322361970344
0.9999999999999964, 0.7236351405516476
0.9999999999999907, 0.7308301433398123
0.9999999999999994, 0.7064821456936751
1.000000000000008, 0.7183780317759995
0.9999999999999984, 0.720208482037966
0.9999999999999996, 0.7246215224007588
1.0000000000000018, 0.722490843242935
0.999999999999996, 0.6993297858779388
0.9999999999999887, 0.7217217386539404
0.999999999999996, 0.707566692824866
1.0000000000000024, 0.748100154258023
0.9999999999999944, 0.7267054008793046
0.9999999999999921, 0.7505868114299292
0.9999999999999912, 0.7247546509461833
1.000000000000002, 0.6988861635641785
1.0000000000000093, 0.7379236288405154
0.9999999999999929, 0.7160408465883912
1.000000000000001, 0.7247404274528988
1.0000000000000042, 0.7160109635313144
1.0000000000000058, 0.7196403161525652
0.9999999999999972, 0.735559066634625
1.0000000000000038, 0.7140520988990164
1.0000000000000016, 0.7420234909622676
0.9999999999999964, 0.6995858657792136
0.9999999999999984, 0.7307860860546485
0.9999999999999954, 0.7038092415606014
1.0000000000000033, 0.7237094042548086
0.9999999999999954, 0.7274731455551707
0.9999999999999978, 0.7222835547554369
0.9999999999999972, 0.7183947876672916
0.999999999999999, 0.7170412553246617
1.000000000000002, 0.7199242878187453
1.0000000000000024, 0.7069212158390458
0.9999999999999974, 0.7192836342800084
0.9999999999999998, 0.7392870582480242
0.9999999999999998, 0.7274736264063475
0.999999999999995, 0.7377541699243643
0.9999999999999992, 0.6983781791531776
1.0000000000000007, 0.7296471173162614
1.0000000000000135, 0.7203519671198139
1.0000000000000104, 0.7160050381768391
0.9999999999999962, 0.7218295333557688
0.9999999999999967, 0.7211468235488616
1.0000000000000056, 0.7164469420239851
1.0000000000000042, 0.7222430939714621
1.0000000000000027, 0.728203757393769
1.0000000000000004, 0.7347791029357664
1.000000000000003, 0.7163008022763042
1.0000000000000013, 0.7212013830576296
1.0000000000000082, 0.7303472102699387
0.9999999999999927, 0.7207668362265414
1.0000000000000029, 0.7119781794708321
0.9999999999999978, 0.7193800501656205
0.9999999999999919, 0.7195869915026727
0.9999999999999957, 0.7037376793920731
0.999999999999999, 0.7307442398801756
1.0, 0.7191935557472672
0.9999999999999885, 0.7030810318812448
1.0, 0.7442236538058802
0.9999999999999984, 0.7269558275470667
1.0000000000000027, 0.7400956094077917
0.9999999999999949, 0.706192839879396
0.9999999999999984, 0.7365800506077183
1.0000000000000133, 0.7331917563073586
1.0000000000000024, 0.7264709484134989
1.000000000000006, 0.7165214022426944
0.9999999999999977, 0.7179489330747687
0.9999999999999994, 0.7382478430427113
1.000000000000001, 0.7136547677969303
0.9999999999999962, 0.7089068845603215
0.999999999999997, 0.701745492415198
1.000000000000001, 0.7164811284984508
0.9999999999999891, 0.7354208192295033
1.0000000000000018, 0.7239337429362274
1.0000000000000002, 0.7315948574308924
1.0000000000000147, 0.7242880762572729
0.9999999999999919, 0.7287724517821231
0.9999999999999998, 0.7381278737754468
1.000000000000002, 0.7145614172320656
1.0000000000000007, 0.7220029606113858
1.0000000000000016, 0.7244266532833223
0.9999999999999947, 0.7236407316030614
0.9999999999999859, 0.7056702401707379
1.000000000000002, 0.7154801046727783
1.0000000000000056, 0.7445708770967397
1.0000000000000053, 0.7213122581147017
1.0000000000000089, 0.7242764539342567
0.999999999999995, 0.741182146226979
0.9999999999999992, 0.7307454865256781
0.9999999999999964, 0.73623661654578
1.000000000000008, 0.7285048109464819
1.0000000000000013, 0.705247878956901
1.0000000000000084, 0.7143231146119591
0.9999999999999984, 0.7292331993421022
1.0000000000000016, 0.7332961678356893
0.9999999999999919, 0.713523711701139
0.999999999999995, 0.7304521220437977
0.9999999999999947, 0.7338577330469855
1.0000000000000024, 0.7164212217409276
0.9999999999999922, 0.7161740648537598
1.0000000000000018, 0.7162054571166634
1.0000000000000013, 0.7144640684753424
1.0000000000000038, 0.7211094807999875
1.0000000000000013, 0.7160167511883863
0.9999999999999982, 0.7309500554991599
1.0000000000000009, 0.7043112243403524
1.0000000000000007, 0.7269413392603077
1.0000000000000073, 0.7154560591927965
0.9999999999999921, 0.7326880870183792
1.0000000000000029, 0.7526634420489087
1.0000000000000036, 0.724839354895225
0.9999999999999917, 0.7148299778863916
1.0000000000000004, 0.7454260835520582
0.9999999999999902, 0.725438145640982
1.000000000000003, 0.7283262749782047
0.999999999999999, 0.7419638885793896
0.9999999999999957, 0.7083783932370838
1.000000000000002, 0.7283033889199653
0.9999999999999964, 0.728836026275809
0.9999999999999964, 0.7237379386685812
1.0000000000000013, 0.7204679600682105
1.0000000000000058, 0.7132055041727439
1.000000000000003, 0.7162131270582857
1.0000000000000049, 0.7289053356370758
1.0000000000000002, 0.7340374528501001
1.0000000000000084, 0.7377469536922108
0.9999999999999998, 0.7276254243225411
1.0000000000000013, 0.7015749365841129
0.9999999999999911, 0.7250722078699617
1.0000000000000009, 0.7290692885621682
1.000000000000003, 0.7266764701750144
0.9999999999999909, 0.7394232253834946
1.0000000000000044, 0.7263781266283438
0.9999999999999974, 0.7132168807911556
1.0000000000000027, 0.7268758553452862
1.000000000000002, 0.7198906329531699
1.0000000000000004, 0.7408429155089438
0.9999999999999986, 0.7081741852637295
1.0000000000000058, 0.7197639656948045
1.0000000000000013, 0.7283495556649018
1.0000000000000064, 0.714957456055499
1.000000000000009, 0.7252157556342389
1.0000000000000018, 0.7200197290646204
1.0000000000000049, 0.7233260920809462
1.0000000000000062, 0.7224801672797396
1.0000000000000075, 0.7154700139386092
0.9999999999999885, 0.7129211181322221
1.0000000000000087, 0.7305978795539328
1.0000000000000022, 0.7137909605075363
1.0000000000000049, 0.7151063450570522
0.9999999999999992, 0.722352494357019
0.9999999999999917, 0.7148389027126018
0.9999999999999937, 0.7118815466790575
0.9999999999999947, 0.7342455725935917
1.0, 0.726090304479241
0.9999999999999952, 0.7095258480065978
0.9999999999999927, 0.7106699061731797
0.9999999999999978, 0.723529743891327
1.000000000000001, 0.7228328298438372
1.0000000000000022, 0.6969391164296109
1.000000000000014, 0.711069523463871
0.9999999999999994, 0.719954151266077
1.0000000000000158, 0.7245514412715053
0.999999999999998, 0.7030424184599515
1.000000000000005, 0.7155670534739931
0.9999999999999901, 0.7128473045326609
0.999999999999996, 0.7257109523470789
1.0000000000000013, 0.7317619719670951
1.0000000000000062, 0.7342764256333847
1.0000000000000024, 0.7196733953577374
1.0000000000000024, 0.7164333780541716
1.0, 0.719590728940829
1.0, 0.7274061554991321
0.9999999999999994, 0.7162294478384756
1.0000000000000049, 0.7102605796228715
0.9999999999999977, 0.7071849596852013
0.999999999999998, 0.7140621504460154
0.9999999999999911, 0.7147343603263776
0.9999999999999919, 0.6991651591022845
0.9999999999999915, 0.7189752070913868
1.000000000000006, 0.7159226283205558
0.9999999999999982, 0.7190583299047809
0.9999999999999968, 0.7236655652962368
0.9999999999999972, 0.7243809696860928
0.9999999999999988, 0.7371760502937776
1.0000000000000053, 0.7292658725157227
0.999999999999997, 0.7166530979699719
0.9999999999999947, 0.7251976981870248
1.000000000000003, 0.7254729479578553
0.9999999999999828, 0.7069510522382888
1.0000000000000073, 0.7248545282547272
1.0000000000000027, 0.7368211619561676
1.0000000000000062, 0.7182626571659422
1.0000000000000002, 0.7238869419894509
0.9999999999999962, 0.7178721613701622
1.000000000000005, 0.7117296906434959
1.0000000000000038, 0.7274562648726063
1.0000000000000009, 0.7326685891956981
1.0000000000000004, 0.711557661805917
0.9999999999999899, 0.7243465011114573
1.0000000000000029, 0.7178676371186821
1.0000000000000036, 0.7365341699007453
0.9999999999999932, 0.714273039566962
0.9999999999999964, 0.7234143531809939
0.9999999999999929, 0.7226099351334896
1.000000000000005, 0.7296295656794144
0.9999999999999967, 0.7132887158362113
0.9999999999999968, 0.729408380871829
0.9999999999999912, 0.7327631787806864
1.0000000000000064, 0.7153998536418884
1.0000000000000024, 0.7255637198767879
1.000000000000002, 0.7039143799507759
1.0000000000000016, 0.7145337788292553
1.0000000000000047, 0.7255780680025316
1.000000000000005, 0.7386749811356639
1.000000000000009, 0.738325665799103
0.9999999999999907, 0.7082606613963588
0.9999999999999982, 0.7212370031152726
1.0000000000000002, 0.7183876876126162
1.0000000000000113, 0.7338383536239753
0.9999999999999974, 0.7229302345089748
0.9999999999999984, 0.7322904492998443
1.0000000000000047, 0.7296404652902165
0.9999999999999986, 0.7193013468025069
1.0000000000000033, 0.7389272573255129
0.9999999999999972, 0.7152678707998832
1.0000000000000002, 0.70448372501059
1.0000000000000107, 0.7264969273777051
0.9999999999999978, 0.7125586310081333
0.999999999999998, 0.7219696285040437
1.00000000000001, 0.7186146326930455
1.0000000000000062, 0.7435151389076118
1.000000000000011, 0.7053355485686112
1.0000000000000098, 0.7033838744906392
0.9999999999999925, 0.7226268303341791
1.0000000000000027, 0.717727276946627
1.0000000000000064, 0.7241005611181588
1.0000000000000002, 0.7204893773441982
1.0000000000000095, 0.7170696935924175
1.0000000000000038, 0.7109730738774316
0.9999999999999944, 0.7302027237921418
0.9999999999999942, 0.7390042504210439
0.9999999999999972, 0.7175754552792919
0.999999999999997, 0.7255019322948393
1.0000000000000013, 0.709262481321495
1.000000000000006, 0.7321822190431083
1.0000000000000078, 0.725448438254112
1.0000000000000018, 0.7200569663318739
1.0000000000000004, 0.7251007889841441
0.999999999999998, 0.717619417474332
1.0000000000000036, 0.7093672700888723
0.9999999999999944, 0.743518841641858
0.9999999999999934, 0.7191924117803354
0.9999999999999911, 0.7111759012274678
1.0000000000000027, 0.7282338670044026
0.9999999999999986, 0.7155780378410539
0.9999999999999984, 0.7284811545167562
1.0000000000000038, 0.7240075329531006
1.0000000000000004, 0.730884917480411
0.9999999999999986, 0.7046555604702218
1.0000000000000087, 0.7296984384712872
0.999999999999999, 0.7316612817775782
0.9999999999999952, 0.7038413314911607
0.999999999999997, 0.7244219511782068
1.000000000000005, 0.7445183007416831
1.0000000000000038, 0.7271172504918688
1.000000000000001, 0.7215386497159076
1.0000000000000033, 0.7195292443687503
1.0000000000000029, 0.7149691120577276
0.9999999999999984, 0.7315234506631936
1.000000000000013, 0.7226441229973776
0.9999999999999968, 0.7271291278811794
1.0000000000000009, 0.7039441773702083
0.9999999999999911, 0.7182437200694654
0.9999999999999967, 0.7133738779342287
1.0000000000000024, 0.7145664427742653
1.000000000000007, 0.70776877259412
1.0000000000000022, 0.7209652344906861
1.0000000000000053, 0.7328513073658725
0.9999999999999967, 0.7306683863865133
1.0000000000000064, 0.7389801526531732
0.9999999999999994, 0.7284746304524159
1.000000000000004, 0.7303320632764747
0.999999999999994, 0.7123859402233375
1.0000000000000027, 0.7163766715278324
1.0000000000000009, 0.7352742783047904
1.0000000000000102, 0.7112104312232923
0.999999999999993, 0.7172738638491041
0.9999999999999887, 0.7139117703249283
1.000000000000006, 0.7311316115180635
0.9999999999999982, 0.7271781143022652
0.9999999999999954, 0.7413089076220567
1.0000000000000082, 0.723322844704441
0.999999999999998, 0.7164263555258806
1.000000000000002, 0.7267211188085834
0.9999999999999977, 0.7222787245230422
0.9999999999999947, 0.7491780185125337
1.0000000000000067, 0.7311140123721612
1.0000000000000009, 0.7254465927499597
1.0000000000000013, 0.7069716804286924
0.9999999999999869, 0.7202247826527136
1.0000000000000022, 0.718432053800405
1.0000000000000073, 0.7277915648059122
1.0000000000000073, 0.7160889784185802
1.0, 0.7280318612911378
1.0000000000000062, 0.7058645140462828
1.0000000000000024, 0.7102341593627489
0.9999999999999921, 0.7314772490715782
1.0000000000000007, 0.70770948860044
1.0000000000000029, 0.7154321942615129
1.0000000000000024, 0.7077069496382925
1.000000000000002, 0.7225761848195947
1.0000000000000036, 0.7145188251654524
1.0000000000000056, 0.740423409576983
0.9999999999999907, 0.7322672622508937
0.9999999999999958, 0.7128958258076572
1.0000000000000002, 0.7045116230026438
1.0000000000000016, 0.7286289880532941
0.9999999999999986, 0.721300898180992
0.999999999999999, 0.7330412380476646
0.999999999999999, 0.7180761101656146
0.9999999999999917, 0.7193821782810523
1.0000000000000009, 0.7309388971551205
1.0000000000000007, 0.7165538940270553
0.9999999999999952, 0.7319750652127954
1.0000000000000029, 0.7199802566352534
0.9999999999999978, 0.7147597809847194
0.9999999999999952, 0.7139014412762597
0.9999999999999996, 0.7193897215521649
1.0000000000000007, 0.7165782262872965
1.0000000000000073, 0.7187161849600513
1.0000000000000044, 0.7414519359677418
0.9999999999999972, 0.7020073002421976
1.0000000000000004, 0.7044968663506732
1.0000000000000047, 0.7325904859274291
0.9999999999999964, 0.742999947682196
0.9999999999999929, 0.729705683511699
0.9999999999999932, 0.732000017038041
0.9999999999999992, 0.7173264233020838
0.9999999999999982, 0.7421376620758385
0.9999999999999922, 0.721164501790857
0.999999999999994, 0.7174257251715251
0.9999999999999944, 0.7289720194148658
0.9999999999999944, 0.6991827858857159
1.0000000000000018, 0.7208118507257344
0.9999999999999911, 0.7113673725143883
1.000000000000007, 0.7105499541909447
1.0000000000000027, 0.7261154215963872
1.0000000000000029, 0.7105393220316208
1.0000000000000036, 0.7255289360727728
0.999999999999999, 0.7254961968333952
0.9999999999999838, 0.7262640341856511
1.0000000000000062, 0.7304620227182781
1.0000000000000002, 0.7228336667851039
1.0000000000000036, 0.7090946648619991
1.0000000000000044, 0.7405644852971877
1.000000000000002, 0.7142579672280333
1.0000000000000084, 0.7248563132507213
1.0000000000000016, 0.7363913946238967
1.0, 0.7152615078884712
0.9999999999999954, 0.7273742832591563
1.0000000000000027, 0.7270246569178475
0.999999999999998, 0.7364766376399859
1.0000000000000042, 0.7297059197031148
1.0000000000000027, 0.740022423252387
0.9999999999999939, 0.7071151348305812
1.0000000000000038, 0.7252964519459522
1.0000000000000042, 0.7119501913004473
1.0000000000000004, 0.7138802690507993
0.9999999999999967, 0.7106387474287064
1.0000000000000038, 0.7122449055525755
1.0000000000000095, 0.7272200435434029
1.0000000000000018, 0.7201987545539466
0.9999999999999994, 0.732592997417646
1.0000000000000047, 0.7088067837085738
0.9999999999999968, 0.7157815393298884
0.9999999999999994, 0.7166483908439247
0.9999999999999909, 0.7225820141254302
1.0000000000000002, 0.7120816285332896
1.0000000000000009, 0.7329549439550862
0.9999999999999998, 0.7335823235369845
1.000000000000012, 0.7344692960785658
1.0000000000000062, 0.7262633596709007
0.9999999999999964, 0.706937188072686
1.0000000000000129, 0.7061733563981281
1.0000000000000004, 0.7181546704897321
1.0000000000000047, 0.7427728503889449
0.9999999999999915, 0.7209767451899692
0.999999999999996, 0.7233657554572394
1.000000000000006, 0.724019564796621
1.0000000000000004, 0.7354666111292969
0.999999999999993, 0.704794524113384
1.0000000000000018, 0.737879249558983
1.000000000000001, 0.7198495002219508
1.0000000000000009, 0.7296364693430077
1.0000000000000047, 0.7216623532137846
0.9999999999999929, 0.7212294641051484
1.0000000000000047, 0.7208415782389019
0.9999999999999964, 0.7340102702841615
0.999999999999996, 0.7029386833212331
1.0000000000000064, 0.7199780952023527
0.9999999999999974, 0.7183522014290985
1.0000000000000078, 0.723672923773233
0.9999999999999949, 0.7190445089095575
0.9999999999999977, 0.730915021723802
0.9999999999999954, 0.7285474007135858
0.999999999999999, 0.7246905938778129
0.9999999999999899, 0.7335170564050401
1.0000000000000053, 0.7185906957954612
1.0000000000000013, 0.7117402403526905
1.0000000000000009, 0.7188687583889204
0.9999999999999986, 0.7295131454448786
1.0000000000000062, 0.72717693386419
1.0000000000000004, 0.7260821473544659
1.0000000000000098, 0.7252375181452884
1.0000000000000016, 0.7280295886909097
1.000000000000013, 0.7364794475927651
0.9999999999999917, 0.7286235331708044
1.0000000000000047, 0.7261375837082202
1.0000000000000064, 0.722544576062849
0.9999999999999915, 0.7283593040504068
0.9999999999999988, 0.7293282528285335
1.000000000000003, 0.7254073919795769
0.9999999999999962, 0.7104204666642419
0.9999999999999977, 0.7234089178995009
1.000000000000002, 0.7376770646303877
1.0000000000000113, 0.7342532813453597
1.0000000000000078, 0.7355716858039474
1.0000000000000036, 0.7087337069536606
1.0000000000000027, 0.7263262300951245
0.999999999999995, 0.7275856855449792
1.000000000000004, 0.7363457487267943
1.0000000000000029, 0.7426834321881909
0.9999999999999922, 0.7375821102304666
0.999999999999997, 0.7166671277906609
1.0000000000000007, 0.7138316148737651
0.9999999999999929, 0.7001202223267498
0.9999999999999915, 0.7459594742723271
1.0000000000000013, 0.7104062627821657
0.999999999999998, 0.7320959010619452
0.9999999999999909, 0.7296513497484185
0.999999999999997, 0.7146940998044167
1.000000000000004, 0.7240635400107471
0.9999999999999968, 0.7181980014350673
1.0000000000000009, 0.7223213480067555
1.000000000000003, 0.7164980357054278
1.0000000000000004, 0.716880793935462
1.0000000000000033, 0.7241006998373352
1.0000000000000044, 0.7166371477736588
0.999999999999999, 0.7144754650846932
1.0000000000000058, 0.7256778866030874
1.0000000000000007, 0.7373119722015453
1.0000000000000004, 0.7388931732956613
1.0000000000000033, 0.7196975133525748
1.0000000000000084, 0.7250644751418958
0.9999999999999954, 0.727108037282596
0.999999999999998, 0.7204994138978255
1.000000000000002, 0.7187734712554243
1.0000000000000009, 0.7316894327760937
0.9999999999999988, 0.7380687346739633
1.0000000000000062, 0.7207701503405068
0.9999999999999978, 0.7146602254302515
0.9999999999999974, 0.7338290722265715
0.9999999999999972, 0.7087660547857693
1.000000000000003, 0.7114300583741711
0.9999999999999949, 0.7209284053185055
0.9999999999999897, 0.7176206688490563
1.0000000000000033, 0.7286879664446814
0.9999999999999939, 0.7184215187101297
1.0000000000000056, 0.7158624485772129
0.9999999999999967, 0.70619556821053
1.0000000000000053, 0.7218469381563182
1.0000000000000029, 0.7194387971354159
0.9999999999999934, 0.7209255912590851
0.9999999999999921, 0.7427546226553239
0.999999999999999, 0.7363258906381397
0.9999999999999922, 0.7008428774041666
0.9999999999999988, 0.7325411396864376
0.9999999999999867, 0.7172491543818926
1.000000000000004, 0.6919290493602503
0.9999999999999958, 0.7187358659100022
0.9999999999999974, 0.7289113298269675
0.9999999999999957, 0.7386062331037808
0.999999999999994, 0.7151231989671245
1.0000000000000009, 0.7346321456066608
0.9999999999999996, 0.7342819404808761
0.9999999999999996, 0.7042122277889578
0.9999999999999992, 0.7131425107005416
0.9999999999999939, 0.73259924571785
0.999999999999996, 0.7206163394765057
0.9999999999999949, 0.7019033322063554
0.9999999999999998, 0.7357028869040425
1.0000000000000004, 0.7277637706033783
0.9999999999999978, 0.7243356582577676
1.0000000000000022, 0.7160455952490401
1.0000000000000082, 0.7427227957518457
0.9999999999999986, 0.7189001887156663
1.000000000000008, 0.7219403883729135
1.000000000000002, 0.7170760671083667
1.0000000000000027, 0.7341411542586491
0.9999999999999911, 0.7234521617897208
0.9999999999999952, 0.726562016902885
1.0000000000000002, 0.7227899313198413
0.9999999999999978, 0.7373978916995156
0.9999999999999944, 0.7125685053195343
0.999999999999998, 0.7040465720025622
0.9999999999999974, 0.7116160161784718
1.0000000000000002, 0.713703408606624
1.0000000000000087, 0.7141725310002244
1.0000000000000053, 0.7179983114453307
0.999999999999993, 0.7206975461624014
1.0000000000000027, 0.7220341302020992
1.0000000000000073, 0.7151743729906022
1.0000000000000047, 0.7039699936871395
0.9999999999999937, 0.7147164130417613
1.0000000000000007, 0.7122307177897951
1.000000000000002, 0.718073894090802
0.999999999999998, 0.7135867772753599
0.9999999999999954, 0.7226124128691909
1.0000000000000102, 0.7130997073876886
1.0000000000000036, 0.7079193895779536
0.999999999999996, 0.7254612872627396
1.000000000000008, 0.7283843505501357
0.9999999999999984, 0.727010695236207
1.0000000000000004, 0.7469332564248259
1.0000000000000053, 0.7129068549113505
0.9999999999999986, 0.7216426949695378
0.9999999999999937, 0.7365552930887775
1.0000000000000018, 0.7273019328835627
1.0000000000000067, 0.7287560990830051
0.999999999999998, 0.7083325066437638
1.0000000000000062, 0.7144651092741688
1.0, 0.7302487035612817
1.0000000000000122, 0.7331337023915618
1.0, 0.7087317343253237
0.9999999999999996, 0.7103450782105604
0.9999999999999958, 0.7153635024838105
1.000000000000003, 0.7025535178159426
1.000000000000002, 0.7396857881005445
1.0000000000000022, 0.7367085978105492
1.0000000000000033, 0.7274090213620561
1.0000000000000013, 0.7261559604426108
1.0000000000000022, 0.7276791775968349
1.0000000000000095, 0.7004344399016429
1.0000000000000007, 0.7167332756521481
1.000000000000002, 0.7215644488070779
1.0000000000000007, 0.7203604176838799
1.0, 0.7089445704755671
0.9999999999999883, 0.7161360228928608
0.9999999999999947, 0.719580219812115
1.000000000000001, 0.7273959998867195
0.999999999999993, 0.7213915721661096
0.999999999999995, 0.7407222079429788
1.0000000000000004, 0.7162610925923627
0.9999999999999982, 0.7085081175080677
0.9999999999999915, 0.7385141166006417
0.9999999999999949, 0.7193955214404858
0.999999999999997, 0.7233063238178667
0.9999999999999905, 0.7148980545245771
1.0000000000000044, 0.7259133549968952
1.0000000000000009, 0.7064348499261871
0.9999999999999921, 0.722731676009285
0.9999999999999986, 0.7235555852177675
1.0, 0.713396607689859
1.0000000000000022, 0.7286110230186267
0.9999999999999954, 0.7266403225203337
0.9999999999999972, 0.7178577848257555
1.0000000000000029, 0.7144000020599809
1.000000000000003, 0.712541681427814
0.9999999999999885, 0.715279373992137
0.9999999999999984, 0.7321888353433306
0.9999999999999891, 0.726526976333032
0.9999999999999952, 0.7051066984712144
0.9999999999999957, 0.7113809281290042
1.0000000000000056, 0.7246066465545004
1.000000000000003, 0.717805250948774
1.0000000000000009, 0.7111831550913053
0.9999999999999984, 0.7089623459630281
1.0000000000000007, 0.725087437690031
0.9999999999999974, 0.7178074942238235
1.000000000000002, 0.7039534027232525
0.999999999999995, 0.7123982226340432
1.0000000000000016, 0.7185849352253861
1.0000000000000018, 0.704782051228133
1.0000000000000044, 0.7149133735826116
0.9999999999999986, 0.711434611227038
0.9999999999999996, 0.7158399166416831
1.0000000000000022, 0.7284522778918068
0.999999999999997, 0.6963252284379013
1.0000000000000029, 0.7172748216423693
1.000000000000004, 0.7152095724048761
0.9999999999999972, 0.7302747927743467
0.9999999999999978, 0.7264639411795462
1.0000000000000018, 0.7268978701472963
0.9999999999999952, 0.7068187659013907
0.9999999999999957, 0.7160806291552553
0.9999999999999949, 0.7332107037986233
1.0000000000000069, 0.7038269861270955
0.9999999999999932, 0.7290956234441798
1.0000000000000018, 0.7118249492435949
1.000000000000003, 0.7263267118150409
1.0000000000000002, 0.7244391047662915
1.0000000000000016, 0.7116510046641894
1.000000000000008, 0.7292875503494418
0.999999999999999, 0.7032052229254906
0.9999999999999996, 0.702948050961224
0.9999999999999949, 0.7191377406130269
1.0000000000000075, 0.7267763710813595
1.0, 0.7403734425514404
0.999999999999999, 0.7160163220845072
0.9999999999999968, 0.7071988350922289
1.000000000000015, 0.7234732881221546
1.0000000000000115, 0.732234904531249
0.9999999999999939, 0.7063646192338335
0.9999999999999925, 0.6993902267213725
0.9999999999999992, 0.735585278923399
0.999999999999998, 0.7243653647345395
0.9999999999999977, 0.7083509493160093
1.0000000000000056, 0.7082793238325298
1.000000000000008, 0.7323444952890236
1.000000000000005, 0.7152589533685703
1.0, 0.7251478487765809
0.9999999999999964, 0.716161818035643
1.000000000000005, 0.743161467046777
0.9999999999999921, 0.7269074644030484
1.000000000000005, 0.6969024208518257
1.0000000000000073, 0.7303580374257109
0.9999999999999947, 0.7147235429021497
0.9999999999999998, 0.7254311658759851
0.9999999999999967, 0.7334025263126271
0.9999999999999937, 0.7302001751337184
0.9999999999999982, 0.728352331316392
1.000000000000007, 0.7301206920156335
1.0000000000000004, 0.7438362306895319
1.0000000000000058, 0.7178701515147948
1.0000000000000018, 0.7231345326927057
0.9999999999999939, 0.7093060385908577
0.9999999999999958, 0.7334436250170073
1.0000000000000018, 0.7380302046049678
0.9999999999999932, 0.7117784697624409
0.999999999999993, 0.6986475581851003
0.9999999999999942, 0.7159858646111896
0.9999999999999986, 0.7071713141938023
1.0000000000000004, 0.7194997327670546
0.999999999999999, 0.7371636401792234
1.000000000000009, 0.72543814417654
1.0000000000000084, 0.7173526627342102
1.0000000000000067, 0.7233647674471357
1.0000000000000027, 0.7316222240208509
0.999999999999996, 0.7124427529596289
0.9999999999999949, 0.7329151934543747
1.0000000000000029, 0.7193150153061234
1.0000000000000016, 0.7202475946437142
0.9999999999999996, 0.732231044334233
1.0000000000000027, 0.7261714388110723
1.0000000000000007, 0.7343284821659983
1.0000000000000075, 0.7072631159952649
0.9999999999999967, 0.7182872769329132
1.0000000000000016, 0.7330176903067362
0.9999999999999994, 0.7218713505478741
1.0000000000000029, 0.7275482888909042
1.0000000000000009, 0.7107417126974656
0.9999999999999992, 0.7183111259174852
0.9999999999999902, 0.726245958823571
0.999999999999995, 0.7181428938625019
1.0000000000000002, 0.7283447335462432
0.9999999999999968, 0.715103895107122
0.9999999999999992, 0.7209558631459241
1.0000000000000013, 0.7094980290559847
0.9999999999999986, 0.7320217024040502
1.000000000000002, 0.716260741073082
0.9999999999999917, 0.7370462757173123
0.9999999999999974, 0.7278839193190438
1.0000000000000018, 0.7269426882729029
1.0000000000000044, 0.7313953467860446
1.000000000000008, 0.7322684964526338
0.9999999999999984, 0.7160580257335092
0.9999999999999957, 0.7340821229398252
0.9999999999999925, 0.7372270366395689
0.9999999999999937, 0.7246669546794937
0.9999999999999897, 0.7135754658033509
1.000000000000014, 0.7326631704073867
1.0000000000000058, 0.7288760162224047
0.999999999999996, 0.7206319379817621
0.9999999999999902, 0.7162513297263358
1.0, 0.7253434182736034
0.9999999999999922, 0.7140200209637749
0.9999999999999954, 0.7421858754451401
1.0000000000000024, 0.7285029619312912
1.0, 0.7205489391104982
0.9999999999999899, 0.7263221589056794
0.999999999999995, 0.7147007420811629
0.999999999999996, 0.7420218840310898
0.9999999999999982, 0.7172485549658828
0.9999999999999937, 0.7241677901796036
1.0000000000000033, 0.7298783286203808
0.9999999999999994, 0.7099969972946074
1.000000000000003, 0.7165581193725925
1.0000000000000018, 0.7190578660620313
0.9999999999999978, 0.7233729819810012
0.999999999999993, 0.7119653390766565
1.0000000000000069, 0.7247792661915688
1.0000000000000062, 0.729154774090791
1.0000000000000075, 0.7289855835996781
0.9999999999999964, 0.7174640594892742
0.999999999999993, 0.734427001759585
0.9999999999999978, 0.7297577360787977
0.9999999999999947, 0.7309869343218284
1.0000000000000098, 0.7050474584957652
1.0000000000000078, 0.7123579209288559
0.9999999999999996, 0.7211656134643866
1.0000000000000016, 0.7302379818265311
0.9999999999999915, 0.709452409371174
1.000000000000002, 0.7232960333231443
1.000000000000007, 0.72485556657195
0.999999999999999, 0.7098031582337878
1.0000000000000016, 0.7185470232975679
0.999999999999994, 0.7159902070587784
1.000000000000004, 0.726064347233389
0.9999999999999968, 0.7133051917527418
1.0000000000000062, 0.7158352688225252
1.0000000000000016, 0.7201146280325674
