ATE real, ATE estimado
0.0, -0.2822699995056089
0.0, -0.28887757955694077
0.0, -0.25673658007956307
0.0, -0.26229538658147833
0.0, -0.2816581505418596
0.0, -0.29330035371983604
0.0, -0.26678090317692393
0.0, -0.2601262105652077
0.0, -0.28150515154825195
0.0, -0.267438068148236
0.0, -0.256685455560558
0.0, -0.26226376152571307
0.0, -0.2633994609250113
0.0, -0.2774612695522388
0.0, -0.2692803472298911
0.0, -0.2823299603703242
0.0, -0.2732041019388055
0.0, -0.28583511272058476
0.0, -0.2952837126910554
0.0, -0.2833840851667895
0.0, -0.27128862745186433
0.0, -0.2909402237297093
0.0, -0.27052295510282603
0.0, -0.2722369784489981
0.0, -0.26786875105359187
0.0, -0.26112836227037584
0.0, -0.275067878702161
0.0, -0.270491518089401
0.0, -0.2787458470781072
0.0, -0.2681598105837052
0.0, -0.27493879432606316
0.0, -0.26318373208096624
0.0, -0.2796573837939142
0.0, -0.3082505815461911
0.0, -0.2898333499021757
0.0, -0.2636060154414234
0.0, -0.2663632269999486
0.0, -0.2854298497193374
0.0, -0.2712595135268764
0.0, -0.27886738870965877
0.0, -0.2869939064009033
0.0, -0.28601887164353984
0.0, -0.27965102311459555
0.0, -0.2641578916667929
0.0, -0.28087504881361225
0.0, -0.29980269143161975
0.0, -0.2659143741752367
0.0, -0.270071956656739
0.0, -0.2838732319275462
0.0, -0.27758180504424357
0.0, -0.2766970871247676
0.0, -0.28079654444407276
0.0, -0.28687938406452407
0.0, -0.26047783910141326
0.0, -0.268445834121935
0.0, -0.26697204689738535
0.0, -0.2695989084449809
0.0, -0.2823089634726147
0.0, -0.2872353603860995
0.0, -0.27555967515000845
0.0, -0.2729092150773341
0.0, -0.2788615930401195
0.0, -0.27672254941306984
0.0, -0.28200537252231106
0.0, -0.28075072441640314
0.0, -0.2881332200125337
0.0, -0.27940730635831207
0.0, -0.2840403462287233
0.0, -0.25029950853202043
0.0, -0.2778839784763646
0.0, -0.24922540935775972
0.0, -0.27556237099668246
0.0, -0.2764406475095672
0.0, -0.2831237091431299
0.0, -0.2796381641264759
0.0, -0.28098655779492787
0.0, -0.27291427390949063
0.0, -0.2862110172221731
0.0, -0.28612335461757443
0.0, -0.2734344282102382
0.0, -0.27278529013587394
0.0, -0.2908106502970412
0.0, -0.273315989814677
0.0, -0.26941494331191096
0.0, -0.2822000206305852
0.0, -0.2660405493568787
0.0, -0.27675482970751275
0.0, -0.27612040659625187
0.0, -0.27918857251786766
0.0, -0.26863028212233053
0.0, -0.29306883110384374
0.0, -0.27835179987324127
0.0, -0.28135848628784044
0.0, -0.28519779609230766
0.0, -0.2781949022999237
0.0, -0.2722431146467206
0.0, -0.2798160560714107
0.0, -0.26338185671032244
0.0, -0.30014111138297794
0.0, -0.2947282803382135
0.0, -0.28895525286148105
0.0, -0.27092096884096584
0.0, -0.2707194264553469
0.0, -0.2792644312705328
0.0, -0.30538334782492393
0.0, -0.2810472951354241
0.0, -0.27122739829352505
0.0, -0.28346595226042254
0.0, -0.2782083707830358
0.0, -0.2687130346367193
0.0, -0.26519451930907223
0.0, -0.29813462455036244
0.0, -0.28356773536025637
0.0, -0.2706568722649259
0.0, -0.2650475995251306
0.0, -0.2963232419271249
0.0, -0.28430082895212233
0.0, -0.2821363296334448
0.0, -0.29660509667368706
0.0, -0.2671255065086013
0.0, -0.2911436941688551
0.0, -0.2859394499211388
0.0, -0.2649019450862079
0.0, -0.2983627828827301
0.0, -0.277482418116088
0.0, -0.261986021077196
0.0, -0.272488013470354
0.0, -0.28139957055577836
0.0, -0.2650066452554596
0.0, -0.29139676685264987
0.0, -0.27317730345598945
0.0, -0.26386779390328646
0.0, -0.28266313150932265
0.0, -0.2865482237060658
0.0, -0.26465721523111685
0.0, -0.29555809615343526
0.0, -0.2815997479534855
0.0, -0.26344273408270213
0.0, -0.27186176320462463
0.0, -0.27586650381981115
0.0, -0.27262161441092836
0.0, -0.28808975345394827
0.0, -0.28355953959147034
0.0, -0.25797760690317906
0.0, -0.27266760891036507
0.0, -0.28038702513963265
0.0, -0.2788176442371777
0.0, -0.2849111978023715
0.0, -0.2687468184619368
0.0, -0.26817469881586853
0.0, -0.27370165076869135
0.0, -0.2628307020380954
0.0, -0.283272524955979
0.0, -0.2784321002597211
0.0, -0.2642424671322895
0.0, -0.2723007383903656
0.0, -0.2803600981497368
0.0, -0.27818048467863865
0.0, -0.26602085222456434
0.0, -0.286791091616906
0.0, -0.2906499854685961
0.0, -0.27649967553936994
0.0, -0.27012457231255876
0.0, -0.272391493818448
0.0, -0.27456696169281425
0.0, -0.2874062866488014
0.0, -0.2820057029906864
0.0, -0.2650077897924503
0.0, -0.2972277371276164
0.0, -0.27723742481812236
0.0, -0.2634972222556342
0.0, -0.2704191206820401
0.0, -0.2813318710757894
0.0, -0.2808327925384063
0.0, -0.26564884059339144
0.0, -0.27612163127850436
0.0, -0.2614474040222425
0.0, -0.26677124977575306
0.0, -0.2915836188916021
0.0, -0.2868873834102487
0.0, -0.27482676166952513
0.0, -0.3005301292209835
0.0, -0.25544478428121337
0.0, -0.28243840150575417
0.0, -0.28903684352669057
0.0, -0.26245646624627683
0.0, -0.2735220146575633
0.0, -0.2571047693819102
0.0, -0.2740335086520471
0.0, -0.27219585692854287
0.0, -0.2773531377664197
0.0, -0.2914791427918567
0.0, -0.28604866958626296
0.0, -0.28170256144550115
0.0, -0.2704765660168179
0.0, -0.28609904616490134
0.0, -0.2674291216258028
0.0, -0.2667811413931148
0.0, -0.273765000931795
0.0, -0.2808363629568673
0.0, -0.2759028885430419
0.0, -0.27273933081475915
0.0, -0.29431913846218094
0.0, -0.28718281117390265
0.0, -0.2861144322999263
0.0, -0.2900888458379258
0.0, -0.2707103224464004
0.0, -0.309022781366564
0.0, -0.27747462446723103
0.0, -0.2684593227931717
0.0, -0.28101942999819435
0.0, -0.2774482221901759
0.0, -0.2739235159261682
0.0, -0.2887021528724223
0.0, -0.2611017615411598
0.0, -0.26017209180570483
0.0, -0.2929969293823162
0.0, -0.28735088564810324
0.0, -0.2741971486312831
0.0, -0.27466582361676106
0.0, -0.28568628956022046
0.0, -0.2782653264738595
0.0, -0.2723561180620033
0.0, -0.2668998131090671
0.0, -0.28233835803322843
0.0, -0.2694180842348865
0.0, -0.2725088637522608
0.0, -0.26997253433282786
0.0, -0.2693010192012406
0.0, -0.2713788197495395
0.0, -0.26826803597621707
0.0, -0.2771677241395806
0.0, -0.29395517795112514
0.0, -0.2650621860207063
0.0, -0.2672697940265536
0.0, -0.28214909500180885
0.0, -0.2685139354705607
0.0, -0.2806492481091184
0.0, -0.2888492022929163
0.0, -0.2778964191667914
0.0, -0.2754161442552758
0.0, -0.2931561992277232
0.0, -0.2872984166037075
0.0, -0.27017110004374784
0.0, -0.27827461996526953
0.0, -0.2855887990156503
0.0, -0.2989370754648662
0.0, -0.25568443176054745
0.0, -0.26501468934266054
0.0, -0.2791147430491774
0.0, -0.2886199224805956
0.0, -0.2666492705278306
0.0, -0.2897783171537793
0.0, -0.29266661324375964
0.0, -0.27221130261866633
0.0, -0.27331051272357626
0.0, -0.2810711780502245
0.0, -0.2727386135753971
0.0, -0.262280338711111
0.0, -0.276606127806855
0.0, -0.2635379711579529
0.0, -0.2673211535840051
0.0, -0.2574959838248177
0.0, -0.2954783423972859
0.0, -0.28531315418670505
0.0, -0.29031584204533634
0.0, -0.29125592426221064
0.0, -0.2848635283512775
0.0, -0.2780243889837748
0.0, -0.2660953833095463
0.0, -0.2908505238618676
0.0, -0.29301465596578957
0.0, -0.27321140304309527
0.0, -0.2861518691923699
0.0, -0.2904238079285092
0.0, -0.29035822304729736
0.0, -0.2828759542789271
0.0, -0.2925249272114363
0.0, -0.29024820848359323
0.0, -0.2773987889622761
0.0, -0.26379135317636215
0.0, -0.2943079363315345
0.0, -0.2933229159904108
0.0, -0.2614732963431107
0.0, -0.2897524144129254
0.0, -0.29437895614078124
0.0, -0.2837656556700743
0.0, -0.2994114454470261
0.0, -0.27552320124301394
0.0, -0.28453226863121084
0.0, -0.2769283623062747
0.0, -0.2645329919081402
0.0, -0.2750697154457459
0.0, -0.27346337317743463
0.0, -0.29049578269332454
0.0, -0.2737818131613946
0.0, -0.29877325438672786
0.0, -0.27704612617571367
0.0, -0.2627600726873731
0.0, -0.286354078568944
0.0, -0.2701274915258901
0.0, -0.28294199018950517
0.0, -0.29030992311528425
0.0, -0.27505288165867836
0.0, -0.2717984534987804
0.0, -0.28430247985312784
0.0, -0.26924743449889943
0.0, -0.28252719397764603
0.0, -0.2767898571471478
0.0, -0.25838434116019127
0.0, -0.28219371012343814
0.0, -0.26793669644016627
0.0, -0.27894843236520317
0.0, -0.2872179666170206
0.0, -0.27792178595666384
0.0, -0.2562872697639627
0.0, -0.26393324592356515
0.0, -0.2734237706400643
0.0, -0.2687466550806119
0.0, -0.2796591124985446
0.0, -0.2937376043810871
0.0, -0.2860052955997191
0.0, -0.2722361490930493
0.0, -0.2734063373101745
0.0, -0.28864360390198035
0.0, -0.28306710788874534
0.0, -0.2772404435152237
0.0, -0.27114450788758626
0.0, -0.2882699665167832
0.0, -0.2618505398898387
0.0, -0.2941987352365488
0.0, -0.2926792532623689
0.0, -0.29050639924748234
0.0, -0.2720080672837526
0.0, -0.2712685462883676
0.0, -0.26767886496493054
0.0, -0.27110613061622796
0.0, -0.27972573597502953
0.0, -0.2947294558312
0.0, -0.2745374326432279
0.0, -0.2787698916209191
0.0, -0.28144084517990803
0.0, -0.28034399627339496
0.0, -0.27861646117868155
0.0, -0.29896538678862195
0.0, -0.28416363955874424
0.0, -0.28201311356230063
0.0, -0.26897652383418824
0.0, -0.2763788136462376
0.0, -0.2738264540826376
0.0, -0.2847341748472147
0.0, -0.264906020987158
0.0, -0.26441406259563216
0.0, -0.2793112858708676
0.0, -0.27764249394421076
0.0, -0.2557852891032253
0.0, -0.2682733019211663
0.0, -0.26962070767556434
0.0, -0.27567238434423164
0.0, -0.2754033182351672
0.0, -0.2836658538089861
0.0, -0.2823549682317287
0.0, -0.2768185761291515
0.0, -0.2737355885362971
0.0, -0.29993213078045755
0.0, -0.2554117512848846
0.0, -0.26557881531773275
0.0, -0.3040178398796135
0.0, -0.2539723977915038
0.0, -0.27668976975991805
0.0, -0.2575143872427498
0.0, -0.25652016860879856
0.0, -0.26763140735810675
0.0, -0.2852436303060326
0.0, -0.3007732332328068
0.0, -0.2796369213974919
0.0, -0.27621353592613607
0.0, -0.278778905138433
0.0, -0.27028565939734306
0.0, -0.27648998494995425
0.0, -0.27633513309096974
0.0, -0.27438203290455176
0.0, -0.28040056004623637
0.0, -0.2747039228547069
0.0, -0.2757427943983948
0.0, -0.28771140058947775
0.0, -0.28294899963090636
0.0, -0.29771491558513696
0.0, -0.27194335361787914
0.0, -0.30368622679930896
0.0, -0.2760005118653786
0.0, -0.26879832949211935
0.0, -0.2919491259030832
0.0, -0.2781203965470297
0.0, -0.29236529939191747
0.0, -0.2655645771043768
0.0, -0.27042214678197085
0.0, -0.27192334735979845
0.0, -0.28256678504296956
0.0, -0.2712747143031605
0.0, -0.3107574599446732
0.0, -0.28137742157946194
0.0, -0.266303451349738
0.0, -0.2832245137866553
0.0, -0.2978131892030321
0.0, -0.2781108434604557
0.0, -0.28107637834982746
0.0, -0.2861080082458891
0.0, -0.27542965763373867
0.0, -0.27039106520227646
0.0, -0.2765393477410231
0.0, -0.27476175265704683
0.0, -0.2795369236371802
0.0, -0.2808775322622339
0.0, -0.2934898061214703
0.0, -0.2574821968933063
0.0, -0.28663056913056006
0.0, -0.28689659355440206
0.0, -0.28522055675341984
0.0, -0.26776263515505533
0.0, -0.27244087582257637
0.0, -0.287883834539973
0.0, -0.28377848557394003
0.0, -0.2881325109936921
0.0, -0.28701393133805747
0.0, -0.28586421309461973
0.0, -0.2879500382962875
0.0, -0.27100132320322656
0.0, -0.26411686899372605
0.0, -0.26524485339519455
0.0, -0.2809517441553224
0.0, -0.2621255305734067
0.0, -0.2913367341244771
0.0, -0.2638368633230184
0.0, -0.26807159065659725
0.0, -0.29203476318982774
0.0, -0.25799383252368585
0.0, -0.27157802801212
0.0, -0.26074180448075657
0.0, -0.2787248590672864
0.0, -0.27318612064177084
0.0, -0.26572851868454417
0.0, -0.27538491133281623
0.0, -0.266873283158392
0.0, -0.2514049975625935
0.0, -0.2840822880262317
0.0, -0.28172970014736376
0.0, -0.2803849844151125
0.0, -0.25969363796215084
0.0, -0.26442873184184257
0.0, -0.28032522177976416
0.0, -0.2927420502056439
0.0, -0.28776778709885853
0.0, -0.27077168772488425
0.0, -0.28912399041421666
0.0, -0.2605320263381167
0.0, -0.29419509476514627
0.0, -0.26834797357395
0.0, -0.2637899207837093
0.0, -0.27344792006874163
0.0, -0.26734147148681153
0.0, -0.2831281354810404
0.0, -0.26300121718613323
0.0, -0.26083953565930035
0.0, -0.2751333255884062
0.0, -0.2615961176977832
0.0, -0.2671882030992291
0.0, -0.286095288173042
0.0, -0.2883370329516177
0.0, -0.28776950523454353
0.0, -0.2644713363665929
0.0, -0.2695785437497268
0.0, -0.2775900983324168
0.0, -0.27863088464588875
0.0, -0.2799384588382522
0.0, -0.2865402943918668
0.0, -0.28864003490548906
0.0, -0.29920620497364786
0.0, -0.27641203098743916
0.0, -0.28396513968646525
0.0, -0.27723799263382953
0.0, -0.26279582108859356
0.0, -0.2639280871942397
0.0, -0.28467175133233547
0.0, -0.2800432873513331
0.0, -0.2937744939975449
0.0, -0.2703780764026924
0.0, -0.2982092279668507
0.0, -0.27195427470645717
0.0, -0.2780180540638821
0.0, -0.28925324879886466
0.0, -0.292982704895039
0.0, -0.280214321794113
0.0, -0.2777530945424674
0.0, -0.28789506656523794
0.0, -0.2917518172327761
0.0, -0.2588877147962211
0.0, -0.2648853678886892
0.0, -0.2910954315385246
0.0, -0.26778709925777583
0.0, -0.2681608499617476
0.0, -0.29012126655928505
0.0, -0.27184698928933754
0.0, -0.2859901167122615
0.0, -0.2772154034058273
0.0, -0.26485484699208545
0.0, -0.29008596328865477
0.0, -0.27640820644208025
0.0, -0.2892886298345006
0.0, -0.2775092580738503
0.0, -0.27615958976662225
0.0, -0.2777021916198801
0.0, -0.26633155635170536
0.0, -0.2885882940492082
0.0, -0.29132183841756243
0.0, -0.2790885174017135
0.0, -0.28857593904069767
0.0, -0.296638560518652
0.0, -0.2677647468043075
0.0, -0.2842938992256432
0.0, -0.2882846687647064
0.0, -0.2661113122212495
0.0, -0.2674316916586644
0.0, -0.27173677981733924
0.0, -0.26483273229075205
0.0, -0.28317202987813306
0.0, -0.27683779603027164
0.0, -0.2602017532984724
0.0, -0.2402258336249253
0.0, -0.26650518748761487
0.0, -0.2770676691020927
0.0, -0.2764304786931935
0.0, -0.26573182016787955
0.0, -0.2808907791428622
0.0, -0.28602693042152694
0.0, -0.26076899315550706
0.0, -0.27685246225000615
0.0, -0.26677858561507317
0.0, -0.2861272812267684
0.0, -0.2725057664715251
0.0, -0.2807739092031921
0.0, -0.2764512015282665
0.0, -0.274212154134399
0.0, -0.26858926428936203
0.0, -0.27027604950112905
0.0, -0.27896029027308133
0.0, -0.27272294795943675
0.0, -0.27566135787473667
0.0, -0.2805291749088484
0.0, -0.2612843675628105
0.0, -0.2603629916850566
0.0, -0.28443496851008304
0.0, -0.2869587904321429
0.0, -0.2759589201231919
0.0, -0.28000247183152704
0.0, -0.2680806602998642
0.0, -0.2715371982732061
0.0, -0.2691211029552143
0.0, -0.2772754147177464
0.0, -0.273231197933542
0.0, -0.2701869232677945
0.0, -0.2870383851973525
0.0, -0.27730776758639464
0.0, -0.2725164518961123
0.0, -0.28669508739006455
0.0, -0.2757719342380123
0.0, -0.27484794118292394
0.0, -0.27060537977528665
0.0, -0.2664209878917841
0.0, -0.277160627401297
0.0, -0.2712895716412326
0.0, -0.27066038701233985
0.0, -0.27716983739892487
0.0, -0.28092089854589775
0.0, -0.29140474025632296
0.0, -0.2904703817138621
0.0, -0.2803683723352841
0.0, -0.2749535079412142
0.0, -0.28262627164734466
0.0, -0.26624978428180013
0.0, -0.28357080143839053
0.0, -0.2718377288523261
0.0, -0.27512047941942797
0.0, -0.28273700199420637
0.0, -0.27022938220805964
0.0, -0.2750894270843416
0.0, -0.2831842751392259
0.0, -0.27384890661728045
0.0, -0.2628486459725837
0.0, -0.266097612326473
0.0, -0.27772473128619024
0.0, -0.2901004158025581
0.0, -0.25767821369886823
0.0, -0.28715560869418205
0.0, -0.28343993002228607
0.0, -0.2803274246604975
0.0, -0.2834305941739242
0.0, -0.27843432705873705
0.0, -0.2778411735717336
0.0, -0.29505496557444744
0.0, -0.28146117704207885
0.0, -0.282753794574294
0.0, -0.2874123774159434
0.0, -0.2599836985242906
0.0, -0.27171691888939753
0.0, -0.27787754410446536
0.0, -0.2633479496278607
0.0, -0.27853737550241364
0.0, -0.28253211976494863
0.0, -0.2592451020917079
0.0, -0.27306580269612846
0.0, -0.28172722864545774
0.0, -0.26987508824879913
0.0, -0.2677264214560639
0.0, -0.2710621489481173
0.0, -0.28609316711416233
0.0, -0.26090029465712733
0.0, -0.28819400392942834
0.0, -0.2707267251186549
0.0, -0.2755296665005066
0.0, -0.2784788895681801
0.0, -0.26679060660433296
0.0, -0.28016275971610194
0.0, -0.2649349934798909
0.0, -0.27836915617666436
0.0, -0.2740612255157573
0.0, -0.2841792698210326
0.0, -0.26989909634281206
0.0, -0.2783958089859097
0.0, -0.2751137034047865
0.0, -0.27826215790614894
0.0, -0.28448043667422945
0.0, -0.2798505720559466
0.0, -0.2652713378665182
0.0, -0.27771296716059735
0.0, -0.264538103831955
0.0, -0.28090984159142107
0.0, -0.2625495190953188
0.0, -0.2564766514828556
0.0, -0.27294342338400945
0.0, -0.266760151546884
0.0, -0.29090117306123264
0.0, -0.28585284913047343
0.0, -0.27913257167096706
0.0, -0.27586731208106624
0.0, -0.281412199938322
0.0, -0.26026576138448343
0.0, -0.27576218586492895
0.0, -0.2882716343094279
0.0, -0.28217814015845644
0.0, -0.2862198735255805
0.0, -0.27597097116782643
0.0, -0.26971857988970455
0.0, -0.296457965574799
0.0, -0.26766687664389
0.0, -0.2883901429263872
0.0, -0.28078951930960805
0.0, -0.29851363096243166
0.0, -0.26573270025831075
0.0, -0.2885510030383028
0.0, -0.2798324920935428
0.0, -0.2824667263948309
0.0, -0.2598909986589784
0.0, -0.2823608886806828
0.0, -0.2683884748594366
0.0, -0.2746664074860577
0.0, -0.2856633733569168
0.0, -0.27258669521234125
0.0, -0.2866843387901796
0.0, -0.2884812777209289
0.0, -0.2827153397701121
0.0, -0.2819318887121338
0.0, -0.26888581989879773
0.0, -0.28547225699792655
0.0, -0.2633629259878064
0.0, -0.28485183355140864
0.0, -0.2839409201852491
0.0, -0.2757859006541986
0.0, -0.2755158514017614
0.0, -0.2983836112622527
0.0, -0.28234785716778177
0.0, -0.2980543155323828
0.0, -0.27067566227537665
0.0, -0.2666789635914969
0.0, -0.2702662144290825
0.0, -0.2784632733828912
0.0, -0.2757995767245835
0.0, -0.28515471836332207
0.0, -0.28317393921832135
0.0, -0.2704352218184588
0.0, -0.2764496641963914
0.0, -0.2721338237965836
0.0, -0.2781851559383529
0.0, -0.27740058343282437
0.0, -0.27183635209263474
0.0, -0.28322666007643027
0.0, -0.26709034765240736
0.0, -0.263368259531712
0.0, -0.27636420951603696
0.0, -0.2969209656840627
0.0, -0.25886705425687556
0.0, -0.28066509602035533
0.0, -0.26799212470186096
0.0, -0.2784253385765879
0.0, -0.27165529017450823
0.0, -0.25951874069864656
0.0, -0.2766260880532415
0.0, -0.26878101912555935
0.0, -0.28225152055809144
0.0, -0.2713548385777321
0.0, -0.2687870401958636
0.0, -0.28140354148766167
0.0, -0.28251641041744346
0.0, -0.26324062345427085
0.0, -0.29247823392879446
0.0, -0.28320272095906274
0.0, -0.28231071762680726
0.0, -0.27696510927402795
0.0, -0.28245765217728075
0.0, -0.2933489574458972
0.0, -0.28759340590524896
0.0, -0.2826555882370593
0.0, -0.28196294363225216
0.0, -0.27305025492924506
0.0, -0.27780995039385803
0.0, -0.2681170881795645
0.0, -0.2768152668987749
0.0, -0.26468196544275807
0.0, -0.2902667056859762
0.0, -0.2874190978297011
0.0, -0.29010232915796225
0.0, -0.29346432744146655
0.0, -0.27865453425510306
0.0, -0.2963817939407285
0.0, -0.2773768963148625
0.0, -0.27650854281518594
0.0, -0.29250645962819155
0.0, -0.2665301811079712
0.0, -0.2730161622884699
0.0, -0.25100851310673167
0.0, -0.26399606195515385
0.0, -0.2754341203689333
0.0, -0.26623268468786887
0.0, -0.29547044365985253
0.0, -0.2890994364585877
0.0, -0.2978514151758476
0.0, -0.27813868885275733
0.0, -0.28437001848592713
0.0, -0.2814304245885413
0.0, -0.27406936351045574
0.0, -0.2820438807618655
0.0, -0.2769994270817857
0.0, -0.2698268446545883
0.0, -0.2711371549408139
0.0, -0.27279591448833274
0.0, -0.2782207336827651
0.0, -0.28183822432356564
0.0, -0.2881740277632877
0.0, -0.27475558855380866
0.0, -0.27541007320389266
0.0, -0.25823165922024555
0.0, -0.2801167723486928
0.0, -0.2757851564801663
0.0, -0.2936629466505063
0.0, -0.2816072036934244
0.0, -0.27331116238772085
0.0, -0.28740128165219414
0.0, -0.28133957579936786
0.0, -0.280751275108033
0.0, -0.2638509034066232
0.0, -0.2886382326457113
0.0, -0.2699507962226251
0.0, -0.26841102639774844
0.0, -0.2884037690559521
0.0, -0.27563885829646373
0.0, -0.2646149397837507
0.0, -0.28434277796368534
0.0, -0.2918787984580882
0.0, -0.27591230464592986
0.0, -0.28911559589405483
0.0, -0.27033548919987876
0.0, -0.28452486413469014
0.0, -0.2824749984214179
0.0, -0.2530618536710635
0.0, -0.2696156154291145
0.0, -0.2535773183727197
0.0, -0.279647394979302
0.0, -0.277604349676167
0.0, -0.26305230579539035
0.0, -0.28080492655928185
0.0, -0.3070727173051714
0.0, -0.27136073723891885
0.0, -0.29333169879131016
0.0, -0.2842672722211813
0.0, -0.26029805668151257
0.0, -0.24998441931615323
0.0, -0.27686088821966004
0.0, -0.27514272007531215
0.0, -0.2799339322160906
0.0, -0.2596904017480584
0.0, -0.2705511697183142
0.0, -0.2729368551745782
0.0, -0.2698540617128551
0.0, -0.2847907976486985
0.0, -0.2620424675460925
0.0, -0.27520563888654503
0.0, -0.27889018347659505
0.0, -0.293758890521301
0.0, -0.2996348208535662
0.0, -0.2879164725192278
0.0, -0.28225674978587156
0.0, -0.27411186531070536
0.0, -0.2779613946520774
0.0, -0.2576860783344392
0.0, -0.28131788329605156
0.0, -0.27604542903925466
0.0, -0.2797613657113046
0.0, -0.28706103674652583
0.0, -0.2811241294451605
0.0, -0.2738727063028106
0.0, -0.27334491911046904
0.0, -0.27196634224884497
0.0, -0.283329405672061
0.0, -0.287710267708175
0.0, -0.26795863730124997
0.0, -0.26820785947192527
0.0, -0.27433430700651146
0.0, -0.25982482941731094
0.0, -0.28709363946056676
0.0, -0.27030034441539713
0.0, -0.27926120017314926
0.0, -0.2636711332949826
0.0, -0.2777478061198949
0.0, -0.2725571701973339
0.0, -0.2685511160866684
0.0, -0.2661030158977035
0.0, -0.29335038833379873
0.0, -0.2812321142358152
0.0, -0.25882059673586494
0.0, -0.28088418042347646
0.0, -0.2701226184368203
0.0, -0.2877465805803855
0.0, -0.2902898862058154
0.0, -0.26446227914810655
0.0, -0.2665572416305619
0.0, -0.2852264027046322
0.0, -0.26666738401070655
0.0, -0.26626364550033055
0.0, -0.2734837904561398
0.0, -0.26950466237004644
0.0, -0.2708167557956265
0.0, -0.28854092757488525
0.0, -0.2825967230602413
0.0, -0.28888088358695874
0.0, -0.2704992263173146
0.0, -0.27826607602821596
0.0, -0.27656433284414705
0.0, -0.27153275031058344
0.0, -0.28029971006060267
0.0, -0.3045841257140669
0.0, -0.258021345338467
0.0, -0.2677763497519302
0.0, -0.2820226941500005
0.0, -0.2655991613576679
0.0, -0.27028012611776076
0.0, -0.27570340542104743
0.0, -0.2775928681895806
0.0, -0.2719676849103486
0.0, -0.27618789205532346
0.0, -0.2874050165200248
0.0, -0.263336422770338
0.0, -0.26606496014228836
0.0, -0.26614584198666746
0.0, -0.27600492344504846
0.0, -0.27791699124836283
0.0, -0.28455279547623985
0.0, -0.27293185614241156
0.0, -0.2726360682105803
0.0, -0.2764744756091758
0.0, -0.2740028891201635
0.0, -0.2802561287085865
0.0, -0.276170951029427
0.0, -0.2800388594464204
0.0, -0.2914629923891047
0.0, -0.3045646192875773
0.0, -0.2825339067006687
0.0, -0.26556217842105284
0.0, -0.25764984905828525
0.0, -0.2702310246996696
0.0, -0.2680102065696145
0.0, -0.27521990500821836
0.0, -0.26426964516656304
0.0, -0.286808224396244
0.0, -0.2729417818813562
0.0, -0.2709911912536467
0.0, -0.28475129239764896
0.0, -0.27393177710187977
0.0, -0.26772874016069725
0.0, -0.2901200832526133
0.0, -0.26070925385630206
0.0, -0.2857987033097231
0.0, -0.2843612385923364
0.0, -0.2856343352327978
0.0, -0.2918256415347672
0.0, -0.26685661566605523
0.0, -0.27513120393134927
0.0, -0.2646817696650332
0.0, -0.2778212874235197
0.0, -0.28407739268672605
0.0, -0.2882896647014434
0.0, -0.28437292264039093
0.0, -0.28576104278141934
0.0, -0.28603653543424423
0.0, -0.29566038217630153
0.0, -0.2736848323716472
0.0, -0.28311829753964346
0.0, -0.27650546531444875
0.0, -0.28749428873404426
0.0, -0.2714815494512481
0.0, -0.2694506687634961
0.0, -0.27612920594157786
0.0, -0.28871071052501873
0.0, -0.28315821008438646
0.0, -0.2614886993922551
0.0, -0.28408030969153125
0.0, -0.27365196464982866
0.0, -0.2706912329213692
0.0, -0.2831424259739215
0.0, -0.26677958494266785
0.0, -0.28248015371627533
0.0, -0.2809853783063778
0.0, -0.2803660476051135
0.0, -0.3049187111491698
0.0, -0.28527331853070925
0.0, -0.2881719383143885
0.0, -0.30987101214594703
0.0, -0.28065070764371347
0.0, -0.2812463130548084
0.0, -0.26989962716456084
0.0, -0.2681817484181721
0.0, -0.2789990814528773
0.0, -0.28206581555920873
0.0, -0.26850410549706416
0.0, -0.280597829026001
0.0, -0.274264084645538
0.0, -0.29482331855569227
0.0, -0.28659736275318975
0.0, -0.281254761375313
0.0, -0.2732156122887067
0.0, -0.2726079778665186
0.0, -0.289187584656559
0.0, -0.269143955859431
0.0, -0.2728089833717716
0.0, -0.28078602523341356
0.0, -0.25709276386690644
0.0, -0.29174099247839247
0.0, -0.26839620691591637
0.0, -0.276050879964437
0.0, -0.29202071254318085
0.0, -0.25938338867978805
0.0, -0.27485749048363683
0.0, -0.2823705416078718
0.0, -0.2756950220952603
0.0, -0.28526482508226
0.0, -0.2622724016406195
0.0, -0.26960087291423074
0.0, -0.27084019599871556
0.0, -0.2962427427286364
0.0, -0.27946124991957966
0.0, -0.290245005464417
0.0, -0.27000078163970703
0.0, -0.27016066645940384
0.0, -0.27608035402017006
0.0, -0.2745086880047741
0.0, -0.2645876118372146
0.0, -0.27127892954107186
0.0, -0.2735831507054813
0.0, -0.2708880524889786
0.0, -0.26644718892416985
0.0, -0.27512965864701167
0.0, -0.2751784297332277
0.0, -0.2980003452683241
0.0, -0.2808004515932857
0.0, -0.26055157769906345
0.0, -0.2923408279901507
0.0, -0.25508919939099395
0.0, -0.2760273748190335
0.0, -0.283972662885833
0.0, -0.2734646555832839
0.0, -0.29236259000554354
0.0, -0.30605568673490147
0.0, -0.2885794764142353
0.0, -0.27409519891605255
0.0, -0.27992698298175256
0.0, -0.2731373555981954
0.0, -0.2748476370323677
0.0, -0.28519312720899026
0.0, -0.27336003822698196
0.0, -0.2586207695839049
0.0, -0.290972118353451
