ATE real, ATE estimado
0.3806824375885752, 0.3886172929576565
0.38575166248773574, 0.39421819994908064
0.3756404665867219, 0.37868325126828883
0.3824266870162433, 0.37346663438005206
0.3822631636323994, 0.3823905811772352
0.3826992259893165, 0.372055621421969
0.38062792979396054, 0.3694053565425184
0.38120026163741416, 0.37454874108965686
0.3777935244739998, 0.38243188786478893
0.3783931102147607, 0.3703767727497462
0.3776845088847705, 0.37221417039119126
0.3844162215196773, 0.3774046544578963
0.38139103891856535, 0.38960881720417695
0.38564264689850647, 0.3840716074601101
0.3770031614520877, 0.37588242040079956
0.3797285511828191, 0.3724025299855536
0.3778207783713071, 0.37429974290698165
0.3777662705766925, 0.3735658556190578
0.38103673825357026, 0.38344342711768137
0.3789654420582143, 0.375752370910034
0.3824266870162433, 0.38594979090822995
0.379892074566663, 0.38422888814893985
0.38171808568625315, 0.38420651540367945
0.38008285184781426, 0.3786992667659636
0.3825902104000872, 0.3801756981990033
0.3793197427232094, 0.3787413982817718
0.3834895890112286, 0.38535679290684705
0.37899269595552165, 0.3787350897613318
0.37934699662051674, 0.36535876942751483
0.3828900032704677, 0.3787244616137804
0.38327155783277006, 0.3651029317390625
0.380927722664341, 0.3773631173199088
0.37629456012209744, 0.36665828411570023
0.3798375667720484, 0.3964466959685111
0.3789109342635997, 0.3777615192740717
0.37899269595552165, 0.37289749655557614
0.38318979614084814, 0.37175679295956215
0.37978305897743375, 0.3685315072423493
0.38013735964242884, 0.37160075821051597
0.3857789163850431, 0.3973571588714369
0.3820996402485555, 0.3867094320740248
0.38155456230240925, 0.38294498789806664
0.38207238635124824, 0.3778596847586595
0.38008285184781426, 0.37407677281761165
0.375476943202878, 0.37503558381117463
0.37798430175515096, 0.37645670570631495
0.38520658454158946, 0.37851344690624583
0.37809331734438023, 0.35810663639167334
0.3768396380682438, 0.36570992067125013
0.3838166357789164, 0.38829054212814085
0.3776572549874632, 0.37827779417332047
0.38199062465932626, 0.36645335496410114
0.3824539409135506, 0.38830564607231527
0.3826992259893165, 0.3862345249476377
0.3827537337839311, 0.3912339289748686
0.37809331734438023, 0.3783458775718235
0.37942875831243866, 0.3788147730073908
0.3820996402485555, 0.3917373130252085
0.38411642864929685, 0.3874151469782296
0.3828082415785457, 0.3835835128526829
0.38079145317780444, 0.37977873031800635
0.37643082960863405, 0.38256103979719835
0.3815273084051019, 0.37927672400152557
0.3833805734219993, 0.38200340814568606
0.3805734219993459, 0.38912246665910594
0.37686689196555107, 0.3753706758190605
0.38062792979396054, 0.3949900778796185
0.3836258584977652, 0.38282288642944506
0.37978305897743375, 0.3703873427234085
0.3817725934808678, 0.3870043123558524
0.38308078055161887, 0.3757366409889463
0.38106399215087755, 0.3809834789264529
0.37771176278207785, 0.36562542154367705
0.379892074566663, 0.3914129350723235
0.378938188160907, 0.36352020007178554
0.3831352883462335, 0.3775001876222157
0.38027362912896545, 0.38297981182711194
0.3775209855009266, 0.36700592788699726
0.3785566335986046, 0.3780281377407071
0.38340782731930667, 0.38633641316346995
0.3854518696173553, 0.3827310092635848
0.3827264798866238, 0.37912230770837074
0.38081870707511173, 0.3954291851113992
0.38196337076201897, 0.3800504581611723
0.3818543551727897, 0.3900987813549798
0.38196337076201897, 0.37292642146053756
0.38327155783277006, 0.3913021947594692
0.38144554671318, 0.38100360664990224
0.38193611686471163, 0.38595403298285463
0.38286274937316034, 0.3846618914151492
0.38087321486972636, 0.38421231345779194
0.3792924888259021, 0.37635759851754874
0.38250844870816525, 0.37966093499386455
0.3783658563174534, 0.3810514526789667
0.3816908317889458, 0.3695629062290778
0.3781205712416876, 0.3670750186061453
0.38501580726043827, 0.39860789860336376
0.38684181838002835, 0.3801482110815665
0.3796195355935899, 0.38767782165476583
0.38264471819470186, 0.3880323172050889
0.3850975689523602, 0.38972845855100385
0.3756404665867219, 0.3827032187128668
0.37959228169628256, 0.3693985537532107
0.3784476180093753, 0.3795751620132422
0.37798430175515096, 0.37300320805611675
0.38114575384279953, 0.3781376004061103
0.3825357026054726, 0.38633794148138645
0.38591518587157964, 0.38743937842737675
0.37790254006322904, 0.37814467111421485
0.3816635778916385, 0.3711734587604655
0.37722119263054615, 0.3741513571273265
0.37858388749591193, 0.3932642123766595
0.3843344598277554, 0.3858440845904056
0.3840074130600676, 0.38359499227115157
0.38537010792543336, 0.37729401641895133
0.38062792979396054, 0.3781032720632459
0.3822086558377848, 0.3798434564325993
0.3771666848359315, 0.35989654708065993
0.3811184999454922, 0.38258132251427623
0.3820996402485555, 0.37039565018730336
0.38106399215087755, 0.37328002730733106
0.3817998473781751, 0.3844321748092868
0.38144554671318, 0.36596463826660885
0.38479777608197974, 0.38713491406798134
0.37850212580398995, 0.37548261867201815
0.3828900032704677, 0.3873374306828646
0.37986482066935573, 0.37037871820514184
0.3791289654420582, 0.3845022956259273
0.37967404338820454, 0.3883267962002166
0.3786111413932192, 0.37220368493214867
0.38395290526545295, 0.36732353077626073
0.37697590755478033, 0.3844830515877674
0.3833260656273847, 0.3888968737045762
0.37975580508012646, 0.3764967738625426
0.38599694756350156, 0.3802788908622169
0.3816635778916385, 0.382773738920339
0.38501580726043827, 0.39362247411308326
0.38419819034121877, 0.3879720902731035
0.38144554671318, 0.3853967209748423
0.3770849231440096, 0.3817595048748972
0.37850212580398995, 0.3665273909850785
0.3800555979505069, 0.3698976179375108
0.37790254006322904, 0.3795819864655599
0.38327155783277006, 0.39791303104374615
0.37806606344707294, 0.38676899357752476
0.37874741087975583, 0.36457036783638935
0.3791289654420582, 0.38046475998470075
0.37951052000436064, 0.3865630555813629
0.3838438896762237, 0.3814931197246107
0.38408917475198956, 0.37685880839500185
0.37994658236127765, 0.3842218059939779
0.3824266870162433, 0.37477502846720534
0.37792979396053633, 0.3812883247556304
0.3832170500381555, 0.3815854218849764
0.3837348740869944, 0.3780082075214117
0.3798103128747411, 0.388080195727242
0.380491660307424, 0.38656187514371754
0.3885043061157746, 0.39233249806660814
0.38299901885969695, 0.3861690575460842
0.3806006758966532, 0.3844738645009508
0.37809331734438023, 0.37520474190687153
0.3851248228496675, 0.38437161614083915
0.38267197209200915, 0.3755618587618058
0.37953777390166793, 0.3743103745007072
0.3792924888259021, 0.36192004157580016
0.37986482066935573, 0.3785777493890324
0.3838166357789164, 0.3752695144147454
0.3792107271339802, 0.37426757710900777
0.3791289654420582, 0.37547692824249446
0.3802463752316581, 0.38015497997919206
0.3814728006104873, 0.3829103803755247
0.3787201569824485, 0.3805451850465949
0.380927722664341, 0.3774337992145725
0.37951052000436064, 0.3739145099533648
0.3838983974708383, 0.402556718786557
0.3782840946255315, 0.37380349040320554
0.3801918674370435, 0.3840156431975848
0.37569497438133653, 0.3790860536169298
0.3765943529924779, 0.38564504081465695
0.37970129728551183, 0.37131689079997343
0.3875504197100185, 0.3938563150448144
0.38174533958356044, 0.38303812013290806
0.38065518369126783, 0.38310264280397627
0.3790744576474436, 0.37151999192281093
0.37787528616592175, 0.37149064374682345
0.3844979832115993, 0.37470731367688037
0.3803553908208874, 0.37803460739937733
0.38299901885969695, 0.3833595838931809
0.38264471819470186, 0.38189376650027235
0.37937425051782403, 0.3874035540431041
0.3771121770413169, 0.3742560040397094
0.37899269595552165, 0.3694818236473899
0.3793197427232094, 0.3800700126640896
0.3808459609724191, 0.37871806919312834
0.3797285511828191, 0.38113137537643743
0.3798375667720484, 0.3861337175488469
0.37798430175515096, 0.3717517037894186
0.3834895890112286, 0.38320942245500694
0.37607652894363897, 0.38082873024657216
0.38130927722664343, 0.38177945168159805
0.378938188160907, 0.36905609507807374
0.3856153930011992, 0.3834367107248238
0.3768396380682438, 0.37265929752339627
0.38411642864929685, 0.3653995752478042
0.3777662705766925, 0.384321998168855
0.37792979396053633, 0.3880915773157963
0.3840074130600676, 0.3734862683282924
0.3820178785566336, 0.38101157418582937
0.3766761146843999, 0.39240641309254026
0.38136378502125806, 0.37496223003971363
0.3824539409135506, 0.38940246233083337
0.38103673825357026, 0.3855044843723754
0.38106399215087755, 0.3949850671723476
0.38411642864929685, 0.3765697174472331
0.37697590755478033, 0.37583814269799226
0.380409898615502, 0.37944841346697505
0.38414368254660414, 0.3864200791561916
0.3780388095497656, 0.38694374980868446
0.37822958683091684, 0.37911929702340635
0.37915621933936555, 0.3827050263052244
0.38359860460045786, 0.3809764525845079
0.3825629565027799, 0.38264819653600485
0.37899269595552165, 0.38730492944420924
0.3776572549874632, 0.37881861987896026
0.37970129728551183, 0.38931359044980784
0.378938188160907, 0.3710926793523789
0.38520658454158946, 0.38964755056984224
0.3811184999454922, 0.38484644913470584
0.38070969148588246, 0.3807363687837229
0.3828082415785457, 0.3887591798295789
0.37825684072822413, 0.3918040251825518
0.375994767251717, 0.3690900080035638
0.37425051782404883, 0.3842611539808579
0.38286274937316034, 0.385344592462209
0.37858388749591193, 0.37653448768627046
0.3822631636323994, 0.3887101499199378
0.38196337076201897, 0.38591383549143504
0.3821814019404775, 0.3797534973462874
0.38468876049275047, 0.3870522423565509
0.37585849776518043, 0.38619593962544896
0.37814782513899486, 0.3819063405587661
0.38335331952469204, 0.39509673981061566
0.3788019186743704, 0.384068268118144
0.38158181619971654, 0.37967193799253907
0.3801646135397362, 0.39347058782372046
0.3860514553581162, 0.38275165527711114
0.37915621933936555, 0.37710116646303365
0.38171808568625315, 0.3861587829509624
0.3774119699116974, 0.3728329597459681
0.38139103891856535, 0.38267813419570057
0.37722119263054615, 0.36863922289877105
0.38378938188160905, 0.3852376385758868
0.3820451324539409, 0.3712843761261795
0.3820178785566336, 0.3753438997908302
0.3796195355935899, 0.38737257104198225
0.3812547694320288, 0.3860864640682526
0.3840346669573749, 0.39101389160306854
0.38188160907009705, 0.37978531890736017
0.3765670990951706, 0.3782451488567457
0.38158181619971654, 0.3790778644657089
0.3847705221846724, 0.37817481952622783
0.3802463752316581, 0.39553981309724545
0.38065518369126783, 0.37786743982069215
0.380491660307424, 0.37450083859313765
0.3814728006104873, 0.3829389449829003
0.385860678076965, 0.3712612887242434
0.37959228169628256, 0.3758881343272015
0.3746048184890439, 0.39135574080198166
0.38468876049275047, 0.3914271347676349
0.3806824375885752, 0.3746732280686558
0.3808459609724191, 0.3766441026947834
0.3791017115447509, 0.38212572805536943
0.3825629565027799, 0.3813975971921898
0.3836531123950725, 0.3807808996467372
0.3826174642973945, 0.37755537089035884
0.3837348740869944, 0.3776659026543623
0.37975580508012646, 0.37668140495697855
0.3807641992804971, 0.3835836982836192
0.3814728006104873, 0.38302481190154253
0.38065518369126783, 0.38487526364354463
0.3785293797012973, 0.3846581275394824
0.380409898615502, 0.385368191129832
0.3792924888259021, 0.3750732113618429
0.3805461681020386, 0.37670572458870544
0.37825684072822413, 0.3882435007074161
0.375994767251717, 0.36836173143357037
0.3802191213343508, 0.3765525683418949
0.37975580508012646, 0.3779952350675521
0.3829445110650823, 0.3734519492802061
0.37553145099749263, 0.3656224694881001
0.3886133217050038, 0.3891604657929213
0.37773901667938514, 0.3834900211884437
0.3801646135397362, 0.3704916113560305
0.3853156001308187, 0.38250456024558915
0.378938188160907, 0.3817329333092859
0.38308078055161887, 0.37245706916425547
0.3815000545077946, 0.3942403596210518
0.3785293797012973, 0.3769484462852365
0.3790744576474436, 0.3630846834169033
0.3802463752316581, 0.37309244677559095
0.3812547694320288, 0.36543156619278466
0.3836531123950725, 0.38755495534400386
0.38095497656164834, 0.37223953192875003
0.3800555979505069, 0.3749077825247883
0.37738471601439005, 0.3803607328667057
0.3817998473781751, 0.3864982714393531
0.38264471819470186, 0.3868243883967187
0.3816908317889458, 0.39107080834631863
0.380409898615502, 0.37533383646181145
0.38139103891856535, 0.3764888551218093
0.38196337076201897, 0.375260548456394
0.38062792979396054, 0.3630755307227395
0.37806606344707294, 0.38946676854180884
0.3822631636323994, 0.38003420736660615
0.38095497656164834, 0.37520615384688977
0.3801918674370435, 0.3857087537491411
0.3776572549874632, 0.3780350922619076
0.3816363239943312, 0.3873110803315715
0.38359860460045786, 0.3814687669976757
0.38215414804317016, 0.3914764089787243
0.38027362912896545, 0.3807622164063243
0.3818543551727897, 0.390391939724646
0.3827809876812384, 0.38911594108443803
0.38098223045895563, 0.3863566224191443
0.37991932846397036, 0.38354368603363886
0.3796467894908972, 0.3812780582526553
0.3791017115447509, 0.379136430330514
0.3806824375885752, 0.3907195649609346
0.3815273084051019, 0.38585600928405833
0.37591300555979507, 0.3697151962508695
0.38340782731930667, 0.3933430710987
0.3873868963261746, 0.38553078808005914
0.37978305897743375, 0.37377129283235017
0.3776572549874632, 0.38099760284188056
0.38427995203314075, 0.38360466275146593
0.3805461681020386, 0.3830243333331299
0.3834623351139213, 0.3799867395736541
0.38095497656164834, 0.39120330061118735
0.3821814019404775, 0.3903762157853136
0.3856699007958138, 0.37956883065208485
0.38193611686471163, 0.3884193358428013
0.3816908317889458, 0.37462221218709296
0.37951052000436064, 0.378914061494501
0.38171808568625315, 0.3903509311003765
0.3802463752316581, 0.3798583999495565
0.38308078055161887, 0.3775949448318371
0.3783931102147607, 0.37704006804028023
0.3803553908208874, 0.38364512940366535
0.3801918674370435, 0.3788821255060363
0.38414368254660414, 0.37614470035405445
0.3815000545077946, 0.3909342528458924
0.3787746647770631, 0.38488315649602417
0.3768941458628584, 0.3737761879016823
0.38392565136814566, 0.38458850823161234
0.37967404338820454, 0.38142411341175464
0.379892074566663, 0.37885164097304935
0.3810912460481849, 0.38673937704766165
0.3814728006104873, 0.38284376672962234
0.3832988117300774, 0.38321773992612934
0.3846615065954431, 0.3772342358087888
0.3822086558377848, 0.3933897529747402
0.3798375667720484, 0.39155970058977646
0.3798103128747411, 0.3670272674138359
0.3773302082197754, 0.3783181192728069
0.3802463752316581, 0.38021533128455953
0.380491660307424, 0.38578538011996566
0.3776027471928486, 0.37972778410066566
0.3822086558377848, 0.37781999027520563
0.3792924888259021, 0.3838699967372322
0.3855063774119699, 0.37137624693450844
0.3825629565027799, 0.3802853468638381
0.38452523710890657, 0.39103653791882204
0.38174533958356044, 0.3908725129117442
0.3747138340782732, 0.3726857412647428
0.3809004687670337, 0.3793616994464953
0.37882917257167775, 0.38376061620891605
0.3792107271339802, 0.37756007285471554
0.3837076201896871, 0.3764280087934957
0.38318979614084814, 0.39256118626936587
0.3817725934808678, 0.3918764196629304
0.3816363239943312, 0.3779009417712645
0.3790744576474436, 0.3807541931199823
0.3780115556524583, 0.3802134400714139
0.381009484356263, 0.3749403369108562
0.38190886296740434, 0.3735418077178005
0.37942875831243866, 0.39341621180558317
0.38158181619971654, 0.38502396612146594
0.3823449253243214, 0.3856146776668194
0.38302627275700424, 0.3778599345012164
0.38395290526545295, 0.38200401241790843
0.38027362912896545, 0.37959849502689247
0.3820178785566336, 0.37588356606820056
0.3859424397688869, 0.39255672548295645
0.3806824375885752, 0.3710483346938414
0.3842526981358334, 0.38594865494926794
0.38002834405319963, 0.3774771689449659
0.3758857516624877, 0.38059397062987216
0.3825357026054726, 0.3788226480268427
0.38539736182274065, 0.3777117282150965
0.37787528616592175, 0.3859102639773373
0.37899269595552165, 0.3824111863566638
0.3752861659217268, 0.3706424074697687
0.37738471601439005, 0.37689450900818855
0.37792979396053633, 0.38355432237231124
0.3825629565027799, 0.37381810554923894
0.3809004687670337, 0.3935561960591074
0.3832170500381555, 0.39391054913525514
0.3762127984301755, 0.36952173030922053
0.3828900032704677, 0.39268536715111096
0.3789654420582143, 0.3746730032025959
0.3793197427232094, 0.3735377062189495
0.37994658236127765, 0.3851358222506858
0.38212689414586287, 0.3790528340730675
0.38286274937316034, 0.380118989982345
0.3812820233293361, 0.3826944278578224
0.3770849231440096, 0.38115671238541354
0.3842526981358334, 0.37660859711965106
0.3806824375885752, 0.3843806150827338
0.3783931102147607, 0.3755221487177322
0.3812820233293361, 0.3675547135443904
0.3774392238090047, 0.3756029392705648
0.3811184999454922, 0.38705525244415745
0.37703041534939497, 0.37913098227798936
0.3790744576474436, 0.3835881931399849
0.38130927722664343, 0.38222054946959566
0.37901994985282894, 0.37070365909496733
0.3808459609724191, 0.37004227650551275
0.38199062465932626, 0.4023594221364759
0.3829445110650823, 0.39756806291884106
0.3798375667720484, 0.3775729875348862
0.3767306224790145, 0.3688421602308618
0.379973836258585, 0.37629569261487333
0.3826174642973945, 0.3969679391268355
0.37951052000436064, 0.3836685154175365
0.37798430175515096, 0.3887698452115915
0.3812547694320288, 0.3830555619204496
0.37970129728551183, 0.3808874236724936
0.38196337076201897, 0.37213918763088893
0.3783931102147607, 0.38694319425968304
0.3820451324539409, 0.39060403429925283
0.3813365311239507, 0.3797349962096684
0.38046440641011664, 0.3822588671953685
0.3800010901558923, 0.38071226432622957
0.37986482066935573, 0.37476080213246277
0.3795650277989753, 0.37550970241361725
0.38062792979396054, 0.3827774789711766
0.3792379810312875, 0.3897149145530278
0.3791017115447509, 0.3767472461097494
0.3784476180093753, 0.38214106150044014
0.3809004687670337, 0.39217412800244555
0.38158181619971654, 0.38071396917369466
0.37926523492859476, 0.3871955853880645
0.37885642646898504, 0.37850038440927924
0.3774937316036193, 0.38511616379786806
0.3787746647770631, 0.3871271250400279
0.3765670990951706, 0.38265666512428215
0.38629674043388207, 0.3926638532153267
0.37874741087975583, 0.3824560503817974
0.3810912460481849, 0.3632320535866798
0.3802463752316581, 0.391113923724487
0.38523383843889675, 0.38952892586919713
0.3812547694320288, 0.38580867504527655
0.37585849776518043, 0.3719729494619513
0.3796195355935899, 0.3893172572645127
0.38199062465932626, 0.36901437928197417
0.37991932846397036, 0.37113415655868753
0.38062792979396054, 0.37938938904994984
0.3774937316036193, 0.3772328348312967
0.3789109342635997, 0.37898896103066
0.38250844870816525, 0.38421343825478177
0.38215414804317016, 0.37844153918166
0.3795650277989753, 0.377863284707538
0.3781750790363022, 0.37835891260069177
0.37986482066935573, 0.3739074946430714
0.3803281369235801, 0.38292260478415957
0.3838166357789164, 0.3818620050501497
0.3788836803662924, 0.368588327308204
0.37934699662051674, 0.3745177690784879
0.37831134852283876, 0.36532849137293005
0.3838438896762237, 0.36684784037697155
0.3816090700970239, 0.37523525221483167
0.3836531123950725, 0.3943332967580041
0.3820451324539409, 0.3800996924337422
0.380409898615502, 0.3804918333213868
0.38207238635124824, 0.3854030206919218
0.3825357026054726, 0.3683699001726463
0.3796195355935899, 0.3904969488014173
0.375994767251717, 0.3681335542793838
0.38114575384279953, 0.38366098002255733
0.383871143573531, 0.38037850219792835
0.37874741087975583, 0.3825289964971837
0.3788836803662924, 0.3682382095507794
0.3802191213343508, 0.36666427505275606
0.3765670990951706, 0.3828156949986314
0.37626730622479015, 0.3764761763094361
0.38008285184781426, 0.3896369684081198
0.3803281369235801, 0.3717049787952805
0.3803553908208874, 0.3883784611390905
0.3827264798866238, 0.37679125111928796
0.3816908317889458, 0.3903678874509391
0.3788019186743704, 0.3746652744362836
0.38207238635124824, 0.38819722387639427
0.38447072931429194, 0.37798724690773117
0.3768396380682438, 0.38286449662843836
0.3860514553581162, 0.37945970001600865
0.38120026163741416, 0.3743262803778396
0.3803553908208874, 0.3757289918991585
0.3794832661070533, 0.38266009409705537
0.3814182928158727, 0.3725233560186458
0.3824266870162433, 0.3967312222802855
0.38438896762237, 0.3689650428116183
0.38523383843889675, 0.3972341817942189
0.38070969148588246, 0.38636958176394265
0.3777935244739998, 0.3839165691554408
0.3798103128747411, 0.3796942084211953
0.3827809876812384, 0.382626358839231
0.38223590973509214, 0.3872478821846211
0.37809331734438023, 0.3772758814189399
0.3788836803662924, 0.38220066471026215
0.37882917257167775, 0.37621467066658515
0.3815273084051019, 0.3893825527675016
0.37858388749591193, 0.37433897360290924
0.3802191213343508, 0.37908040220666606
0.3816090700970239, 0.3860526767266336
0.379892074566663, 0.3723557234857856
0.38357135070315057, 0.37402615079448553
0.3821814019404775, 0.3827449046480867
0.38378938188160905, 0.3797669627982193
0.38299901885969695, 0.3714078592116534
0.38229041752970677, 0.38241359779721196
0.38144554671318, 0.37997922993800026
0.3767578763763218, 0.3663190161479501
0.3782840946255315, 0.38611196241854556
0.3827809876812384, 0.37819383469645124
0.37926523492859476, 0.3841651142488855
0.3773302082197754, 0.37587163177709215
0.38395290526545295, 0.37815003460454366
0.3816908317889458, 0.3835152524534323
0.3832988117300774, 0.38736897158732236
0.38215414804317016, 0.37053830470271093
0.3808459609724191, 0.3807271926013083
0.38070969148588246, 0.3866186701385385
0.38343508121661396, 0.3730080395362576
0.3763490679167121, 0.3620094986582609
0.3811184999454922, 0.390781279232362
0.37738471601439005, 0.3857338714246712
0.3849340455685163, 0.3796311342120789
0.3814728006104873, 0.3786098724223932
0.3776300010901559, 0.3810069017616619
0.38250844870816525, 0.38473829884178895
0.38264471819470186, 0.38766204022631656
0.38065518369126783, 0.36253639645762276
0.38139103891856535, 0.3781429676990076
0.3830535266543116, 0.37892336987596176
0.38062792979396054, 0.3832355645486691
0.38011010574512155, 0.37585040400860664
0.3820996402485555, 0.38357998374850255
0.3869780878665649, 0.3869773259248194
0.385424615720048, 0.3893732670659207
0.37959228169628256, 0.38730540796985924
0.3824266870162433, 0.38647011061760006
0.3737872015698245, 0.36648560144288067
0.38539736182274065, 0.3781678285011697
0.37757549329554124, 0.3745239710771067
0.38043715251280935, 0.3766148050273942
0.38629674043388207, 0.3882530654188354
0.3847705221846724, 0.38443859755212123
0.3774937316036193, 0.37444148784153236
0.3775209855009266, 0.3902190557699891
0.37814782513899486, 0.3678972860518861
0.37681238417093643, 0.37955700839043194
0.377466477706312, 0.3808649530043045
0.3816908317889458, 0.3817913851135674
0.38139103891856535, 0.38132451372137355
0.38196337076201897, 0.37850760578284265
0.3817998473781751, 0.3723070251422534
0.38223590973509214, 0.3924819766641122
0.3825629565027799, 0.3743981218538467
0.3789654420582143, 0.3794962075955659
0.3798375667720484, 0.3994218792816875
0.37730295432246813, 0.37517733300600076
0.37882917257167775, 0.3776314786351486
0.382399433118936, 0.3666800856884916
0.374959119154039, 0.3811823140124466
0.3812820233293361, 0.38062110399204746
0.3812820233293361, 0.38981006704590704
0.3814728006104873, 0.3820741117042549
0.3811730077401068, 0.3802135306918816
0.3856699007958138, 0.37943725981669224
0.38193611686471163, 0.3765177830478457
0.38744140412078926, 0.38287654044022806
0.37975580508012646, 0.37873487555138313
0.3807369453831898, 0.3814177541130277
0.3770849231440096, 0.3817205535867759
0.3828900032704677, 0.38963269416626856
0.38188160907009705, 0.38061768514728433
0.38070969148588246, 0.39291679823631637
0.3824539409135506, 0.38521678826608907
0.3836258584977652, 0.3797073649424972
0.3796467894908972, 0.37708852281744
0.3815000545077946, 0.3746296515708272
0.38248119481085796, 0.38745388394281904
0.3829717649623896, 0.3961240964850869
0.38343508121661396, 0.3796980820147242
0.3826992259893165, 0.3748581573968891
0.3803281369235801, 0.3764200543176322
0.384906791671209, 0.37963923872876004
0.38120026163741416, 0.36984509448707903
0.38130927722664343, 0.39900488888239893
0.3796467894908972, 0.38027746109749405
0.3828900032704677, 0.3810667492523443
0.38196337076201897, 0.38720185814585845
0.3841709364439115, 0.38907257028160835
0.3864330099204186, 0.3920897414433974
0.38212689414586287, 0.38763389947333626
0.38357135070315057, 0.3824095234089585
0.37858388749591193, 0.37780115994470936
0.37918347323667284, 0.3899310806313216
0.37937425051782403, 0.3851436530659271
0.38316254224354085, 0.3743278543637538
0.3806824375885752, 0.3714980602881565
0.3825629565027799, 0.3739810280838862
0.3805189142047313, 0.3656660169761357
0.3776300010901559, 0.3912638517070449
0.37975580508012646, 0.3766743402918454
0.37738471601439005, 0.37272281093209425
0.3807369453831898, 0.3784379121434858
0.37842036411206803, 0.37960655550570443
0.3834623351139213, 0.36800308003385507
0.3821814019404775, 0.37104235104209266
0.376512591300556, 0.3825590021713091
0.38130927722664343, 0.3821008597337617
0.3840074130600676, 0.3940945439172346
0.38351684290853594, 0.3800822388027189
0.3783658563174534, 0.3781861774242914
0.3838983974708383, 0.3704966008742596
0.38487953777390166, 0.3869199912865771
0.38599694756350156, 0.38765175487855935
0.37991932846397036, 0.3814288231439615
0.37915621933936555, 0.36430053557052605
0.3865692794069552, 0.38375788907339964
0.3842526981358334, 0.3794083864265229
0.38496129946582364, 0.39071847021547756
0.38196337076201897, 0.39030792792332614
0.3811184999454922, 0.3805801827486699
0.38487953777390166, 0.3903595137607127
0.3829717649623896, 0.3794996936511502
0.3822086558377848, 0.3800987404403946
0.3844162215196773, 0.37576351508090183
0.3844162215196773, 0.3822818656402728
0.3776027471928486, 0.38276307337980314
0.3827537337839311, 0.3837107955683649
0.38392565136814566, 0.373336437806839
0.3789654420582143, 0.3726536687598468
0.3815273084051019, 0.3845795754475425
0.38283549547585305, 0.38218591810838415
0.3828082415785457, 0.37292389240928
0.3788836803662924, 0.37801096314632726
0.3811730077401068, 0.3754453659976046
0.38291725716777497, 0.38793707642399
0.3746048184890439, 0.38446818877955524
0.3871416112504088, 0.38730927437163387
0.3823449253243214, 0.3775013544597196
0.38479777608197974, 0.37693915439591685
0.3815000545077946, 0.38352493472607974
0.38188160907009705, 0.392277901927329
0.3805461681020386, 0.38709783028643485
0.3791289654420582, 0.39110507601964467
0.3811730077401068, 0.39329776472994327
0.3814182928158727, 0.37415151097325505
0.3761582906355609, 0.373673272494274
0.3791017115447509, 0.3777244203651561
0.3851248228496675, 0.3793446432290332
0.38207238635124824, 0.37914505696774153
0.3855063774119699, 0.37982204083095555
0.3856699007958138, 0.3805963758678588
0.37809331734438023, 0.38219491042104353
0.37463207238635127, 0.3585991742343672
0.3818271012754824, 0.38094879707515017
0.37959228169628256, 0.3806863688474782
0.38065518369126783, 0.39221520190903014
0.3803281369235801, 0.36897981890900144
0.3780115556524583, 0.37092167585215535
0.37465932628365856, 0.37372267797843384
0.376512591300556, 0.38358900012660546
0.37967404338820454, 0.3746998996086025
0.37942875831243866, 0.38256202778645787
0.3840346669573749, 0.3942172255961526
0.37937425051782403, 0.3677729225244468
0.38081870707511173, 0.38934242884811404
0.3792924888259021, 0.3756418839675016
0.3796195355935899, 0.3735027166853908
0.380927722664341, 0.38555881347463866
0.38378938188160905, 0.3820564220538163
0.3763490679167121, 0.3758355518486857
0.3780388095497656, 0.38419778647101394
0.3763490679167121, 0.37935916039425194
0.3820178785566336, 0.3890635176746293
0.3777935244739998, 0.3806391752026207
0.38158181619971654, 0.3788882299348061
0.3822631636323994, 0.37522392881854394
0.3776845088847705, 0.37543371717279567
0.38103673825357026, 0.3802468727904741
0.37959228169628256, 0.38500307413102514
0.3822086558377848, 0.37858070055138787
0.38120026163741416, 0.37814330605076424
0.3770849231440096, 0.36742958310804463
0.37866564918783385, 0.37541582847375476
0.3805734219993459, 0.3819539495831634
0.38496129946582364, 0.39298869640753575
0.3772757004251608, 0.37786325644292545
0.3794015044151314, 0.3822913009322559
0.38547912351466257, 0.3821709938694569
0.3802463752316581, 0.3788174093502978
0.3798103128747411, 0.3838569150676581
0.37975580508012646, 0.39241055464435165
0.3753951815109561, 0.3778966699971927
0.3846615065954431, 0.3759769319593099
0.3827264798866238, 0.37815747539638866
0.3826174642973945, 0.39205642046241146
0.3834895890112286, 0.3760014744136302
0.3821814019404775, 0.4007733786185849
0.3778207783713071, 0.37542354686081725
0.3816090700970239, 0.380835453998008
0.38062792979396054, 0.3778292147919897
0.38547912351466257, 0.38659418647088994
0.38087321486972636, 0.3851009202028612
0.38065518369126783, 0.38173782709111387
0.3821814019404775, 0.38685113195907617
0.380409898615502, 0.37823814577087417
0.3826174642973945, 0.385342445830939
0.3826174642973945, 0.38056350119045734
0.38199062465932626, 0.37582800290732177
0.38283549547585305, 0.383153961218585
0.38070969148588246, 0.40014386621217496
0.37577673607325845, 0.38511819901464284
0.3790744576474436, 0.37470583979515515
0.3780388095497656, 0.37072119574306284
0.378938188160907, 0.37378863854480693
0.38468876049275047, 0.38798806512640627
0.38392565136814566, 0.3869376836643864
0.3830535266543116, 0.38197190855884394
0.3788019186743704, 0.3798215131803776
0.38250844870816525, 0.37931696157608646
0.3815273084051019, 0.3797819337111673
0.38485228387659437, 0.3879711991707685
0.37953777390166793, 0.3772972523241703
0.3789654420582143, 0.3778875334159943
0.3787201569824485, 0.3835860439452113
0.37866564918783385, 0.3951810719960727
0.38136378502125806, 0.3803994139161802
0.37485010356480974, 0.37605384409125425
0.3774937316036193, 0.388915869656663
0.3806006758966532, 0.39702310551581954
0.37722119263054615, 0.37295095022437846
0.3816635778916385, 0.38530495250376623
0.3792924888259021, 0.3828041820538812
0.38463425269813584, 0.37711160505570884
0.3822631636323994, 0.38106591840155724
0.37959228169628256, 0.37928846839531527
0.379892074566663, 0.3816625757571555
0.3812820233293361, 0.3916102157272487
0.3846615065954431, 0.3792311886059424
0.38002834405319963, 0.37218954726948283
0.38523383843889675, 0.3812423047234293
0.3817725934808678, 0.3796744550402115
0.38596969366619427, 0.38090531726286997
0.38378938188160905, 0.37371712958707987
0.3820451324539409, 0.37754005082958314
0.38343508121661396, 0.37359757188639114
0.3825629565027799, 0.3762648765338971
0.3817725934808678, 0.38490501560874274
0.384906791671209, 0.3820988271355271
0.379892074566663, 0.3787665181293263
0.37703041534939497, 0.36712205798619596
0.3802463752316581, 0.3848410419067145
0.3833260656273847, 0.3879638151660598
0.37735746211708276, 0.38476206009906744
0.3808459609724191, 0.37767569126462514
0.3827264798866238, 0.3724916127474077
0.3836258584977652, 0.38525345243246734
0.3805461681020386, 0.378677642099177
0.37858388749591193, 0.38290680090971335
0.3787201569824485, 0.3830694980372894
0.3806824375885752, 0.3865411756237574
0.3844162215196773, 0.39454605757138816
0.38376212798430176, 0.40324822525558557
0.3787201569824485, 0.379687438885351
0.3828900032704677, 0.38025387264021165
0.38171808568625315, 0.37915206050319483
0.38267197209200915, 0.37800486943876804
0.38008285184781426, 0.3817625931313778
0.38267197209200915, 0.38703642141512773
0.3826992259893165, 0.39074769577352564
0.3817998473781751, 0.3848365701261348
0.38376212798430176, 0.37996628547112316
0.38046440641011664, 0.38365332939088753
0.3825357026054726, 0.37912316326685774
0.38144554671318, 0.38000770232512293
0.38070969148588246, 0.38000943477201726
0.38501580726043827, 0.3912862002519665
0.38264471819470186, 0.3855607262976766
0.3827809876812384, 0.39263159203794445
0.37825684072822413, 0.3715404767004081
0.38106399215087755, 0.38206799856677703
0.3808459609724191, 0.38254870158143656
0.3788019186743704, 0.369973217731324
0.38231767142701406, 0.37636279353611574
0.38463425269813584, 0.3861345824524575
0.3843344598277554, 0.3901768521570812
0.3808459609724191, 0.38089628683103693
0.38327155783277006, 0.39695117790447115
0.3792924888259021, 0.3769521932961108
0.3833805734219993, 0.38502558877297755
0.38327155783277006, 0.378981342084759
0.3780115556524583, 0.38812565489310386
0.3831352883462335, 0.3876967277108273
0.37899269595552165, 0.38483334064075475
0.3852610923362041, 0.38310667036067975
0.3800010901558923, 0.3855890278682696
0.38174533958356044, 0.3872441336384279
0.38599694756350156, 0.38726104232018754
0.3851520767469748, 0.38276818906819804
0.38302627275700424, 0.3834802362484695
0.38188160907009705, 0.38026895633669056
0.37953777390166793, 0.36979321942338134
0.3816635778916385, 0.3742209549991643
0.38030088302627274, 0.3851967049208571
0.37937425051782403, 0.3804313591318175
0.3820178785566336, 0.3872756075316183
0.3765670990951706, 0.3806270807157607
0.3801918674370435, 0.36654362617033304
0.37951052000436064, 0.3779512236990191
0.3792107271339802, 0.3743076866383267
0.38065518369126783, 0.37227897938821797
0.37866564918783385, 0.377640774453578
0.37978305897743375, 0.38691656624506987
0.3812547694320288, 0.36535774741861743
0.3805461681020386, 0.38317501564727635
0.3818271012754824, 0.3716867531477061
0.3777935244739998, 0.38025937547573274
0.3772757004251608, 0.38169899297671456
0.3792379810312875, 0.36749812611004506
0.38171808568625315, 0.3709931546417799
0.3827537337839311, 0.371884267196833
0.37901994985282894, 0.38089202195652805
0.3765398451978633, 0.37500942501758294
0.3763763218140194, 0.3735130614357782
0.3756132126894146, 0.37788565179278655
0.38114575384279953, 0.37668994182389187
0.38030088302627274, 0.3654506321781387
0.3813365311239507, 0.38747718485305216
0.38188160907009705, 0.3831315558514934
0.37915621933936555, 0.3811121401464459
0.3802191213343508, 0.37533233658378784
0.3824266870162433, 0.39153285473146904
0.38008285184781426, 0.3804558445835721
0.3761582906355609, 0.36611195682541786
0.38002834405319963, 0.3802518465479247
0.37681238417093643, 0.3705751405094134
0.38378938188160905, 0.3848374987382621
0.3808459609724191, 0.3834744876691403
0.3822086558377848, 0.37404623119605335
0.38487953777390166, 0.3855443239200663
0.37951052000436064, 0.3811749398862043
0.38212689414586287, 0.3729248307481009
0.3801918674370435, 0.38254379201534433
0.38283549547585305, 0.38311482194307295
0.3813365311239507, 0.3945162573594041
0.38250844870816525, 0.3736703082525583
0.38212689414586287, 0.3911253986567076
0.37792979396053633, 0.3823601272616175
0.3817725934808678, 0.37671341510126705
0.37670336858170717, 0.3836117944606032
0.38340782731930667, 0.38548597924425243
0.3820178785566336, 0.3804718946371745
0.3849340455685163, 0.3883898253669901
0.3812547694320288, 0.3624564860746809
0.3820996402485555, 0.3896458372519271
0.3791289654420582, 0.3724197838437633
0.3776845088847705, 0.3674986764937188
0.38136378502125806, 0.3796032957690449
0.37806606344707294, 0.3802499584244106
0.3811184999454922, 0.38144967198348156
0.3820451324539409, 0.37772434376789393
0.3781750790363022, 0.37130602025786286
0.38013735964242884, 0.37650959557889285
0.37847487190668266, 0.3810856970363737
0.38438896762237, 0.37054357566627455
0.38046440641011664, 0.38358083747692356
0.38158181619971654, 0.38086664904922923
0.38264471819470186, 0.37274848470492983
0.38207238635124824, 0.3840578462412792
0.381009484356263, 0.3774316614871374
0.3825357026054726, 0.38119492357185086
0.3844979832115993, 0.3718510082307291
0.3838166357789164, 0.3910673464550498
0.3805734219993459, 0.3846085299443287
0.3846069988008285, 0.38941840745640244
0.3802191213343508, 0.3821842799019688
0.3816908317889458, 0.3940590103052321
0.37201569824484904, 0.37700843154097563
0.38419819034121877, 0.3843161819801566
0.3802191213343508, 0.38928367391858176
0.3782023329336095, 0.37223491480845583
0.38013735964242884, 0.3910287310662916
0.3763490679167121, 0.3789114651622517
0.3778480322686144, 0.3710562919015934
0.38079145317780444, 0.3773478083160189
0.3757222282786438, 0.3557843268999808
0.3766761146843999, 0.36593674921763786
0.3840619208546822, 0.38019129411019215
0.38438896762237, 0.38335417472264005
0.3820996402485555, 0.3950960232807351
0.38556088520658455, 0.3836897497304336
0.3834895890112286, 0.37844747711942084
0.3778207783713071, 0.3908026023452315
0.37792979396053633, 0.37344212548932326
0.37978305897743375, 0.37976143892884556
0.38229041752970677, 0.388525536342572
0.3844979832115993, 0.3966098255300438
0.380409898615502, 0.3831554134830844
0.38013735964242884, 0.37264724493188733
0.3798375667720484, 0.38181199281819417
0.3867055488934918, 0.38631181370047174
0.38002834405319963, 0.3783268681344675
0.3824266870162433, 0.39336772452967506
0.3782023329336095, 0.3877392525634389
0.37942875831243866, 0.37903195727858147
0.37863839529052656, 0.37001099457032716
0.381009484356263, 0.38571333285237175
0.3845797449035212, 0.38188145913874166
0.38081870707511173, 0.3806039015791963
0.3841709364439115, 0.38218923384057396
0.38136378502125806, 0.37572891401576763
0.3847432682873651, 0.3767109341319359
0.3838166357789164, 0.38148551237036454
0.3805461681020386, 0.374827898197581
0.3780388095497656, 0.373352910234131
0.3816363239943312, 0.39436229995341365
0.38343508121661396, 0.3940688169832676
0.3825902104000872, 0.381759469929434
0.3780388095497656, 0.3796552017605624
0.37901994985282894, 0.3783911797817138
0.3803281369235801, 0.3781443820661924
0.3825357026054726, 0.3651575619911856
0.3856971546931211, 0.4017375249888823
0.3774392238090047, 0.385890204946721
0.3806824375885752, 0.36898286693820576
0.37842036411206803, 0.386462803438787
0.3851520767469748, 0.38011004528690084
0.38471601439005776, 0.3953978962825948
0.3820451324539409, 0.3914571254868519
0.3790744576474436, 0.37498280350073426
0.3816090700970239, 0.37209243638963013
0.3785293797012973, 0.37032809519438004
0.3825357026054726, 0.38963353067129614
0.3787746647770631, 0.3869626918161004
0.3817725934808678, 0.3899636559623904
0.38248119481085796, 0.38043727608711114
0.3778207783713071, 0.3808675418129858
0.3783386024201461, 0.37357882334262366
0.38359860460045786, 0.38225171117795126
0.3776300010901559, 0.36549292563027885
0.38098223045895563, 0.3814390050195213
0.3767306224790145, 0.38568178396871333
0.38120026163741416, 0.3863784615090118
0.37975580508012646, 0.3841223305812425
0.3818271012754824, 0.3773145663412459
0.3793197427232094, 0.3762993265986668
0.37991932846397036, 0.3811831317300894
0.38343508121661396, 0.3878023160945358
0.38030088302627274, 0.3869409178241994
0.377466477706312, 0.3793945600902998
0.38190886296740434, 0.3800445800564298
0.3805189142047313, 0.3867910400398455
0.38291725716777497, 0.3830045337839787
0.3867055488934918, 0.3709335110544251
0.37790254006322904, 0.3768215458281567
0.38335331952469204, 0.36688301240022103
0.3845524910062139, 0.3880339656364803
0.3777662705766925, 0.38645790152273773
0.3790472037501363, 0.39568695886786026
0.38174533958356044, 0.38668842183104596
0.3807641992804971, 0.3971851052139768
0.3731058541371416, 0.3821214579536141
0.38130927722664343, 0.38564971296413914
0.37792979396053633, 0.37557742910204617
0.3860242014608089, 0.3822599843250837
0.3791017115447509, 0.38257954939380473
0.37809331734438023, 0.3720400756388951
0.38324430393546277, 0.38422746990418355
0.3787746647770631, 0.3821389912017606
0.3839801591627603, 0.3904115505498213
0.3837348740869944, 0.3819844167430318
0.38081870707511173, 0.3781528721287108
0.38106399215087755, 0.37574194563578367
0.3820996402485555, 0.37858192043809386
0.3798375667720484, 0.3827215666806376
0.38624223263926744, 0.37527316649431514
