ATE real, ATE estimado
0.3437261528398561, 0.3414135369093449
0.34339910607216834, 0.3460350358349215
0.34162760274719284, 0.3383563312096557
0.34290853592063664, 0.3412964448077025
0.34315382099640246, 0.33838546792282886
0.34001962280606124, 0.3504333461018464
0.3436171372506268, 0.3500363078268294
0.33830262727570043, 0.33455005152071227
0.34307205930448054, 0.3476329615349702
0.33991060721683203, 0.33472990074558395
0.342854028126022, 0.34543070434834294
0.3384934045568516, 0.34838946462510934
0.3386841818380028, 0.33689914637396257
0.3415730949525782, 0.33931281494034693
0.3406192085468222, 0.34720910717063624
0.3441349612994658, 0.3458621209975322
0.34187288782295866, 0.3525567829771857
0.34143682546604165, 0.34981532497350865
0.3376757876376322, 0.3340302610260454
0.34162760274719284, 0.3581419708422224
0.3417093644391148, 0.34583636281265784
0.3372124713834078, 0.3424170215171675
0.34034666957374904, 0.34142789030612425
0.34091900141720266, 0.3323772106053232
0.3422271884879538, 0.3380020514220513
0.34176387223372945, 0.34910672297027634
0.3459064646244413, 0.3501538770451943
0.3459337185217486, 0.342527869720575
0.3424724735637196, 0.3436153246841403
0.3393382753733784, 0.3338935099523336
0.33980159162760276, 0.33761859668786987
0.3396108143464515, 0.3319576803785679
0.34091900141720266, 0.3379963283113835
0.3369944402049493, 0.31979186537111226
0.3413005559795051, 0.3388998270061362
0.33958356044914423, 0.3379598452936513
0.3426359969475635, 0.35341084793157707
0.34056470075220757, 0.32592515187940174
0.3435081216613976, 0.3361822687581082
0.34015589229259785, 0.3388908414244821
0.342854028126022, 0.3520621740712959
0.34656055815981684, 0.34243822682365066
0.336967186307642, 0.3438525436653185
0.342935789817944, 0.3447467498513028
0.34200915730949527, 0.35704128343647656
0.33963806824375886, 0.33917889024912584
0.3424724735637196, 0.34613639697460413
0.3462880191867437, 0.3492273840484607
0.33418728878229587, 0.32784104475990716
0.3453068788836804, 0.35102681631925126
0.3427722664341001, 0.3332323874805819
0.34364439114793416, 0.33759546733392165
0.34424397688869507, 0.34647513039186595
0.34018314618990514, 0.3517102729836527
0.3414095715687343, 0.3365757583531749
0.338956720811076, 0.3482823367615521
0.34135506377411967, 0.3435761766238892
0.3402376539845198, 0.3319444575925029
0.34424397688869507, 0.3540498795520716
0.3400741306006759, 0.32448195254282985
0.34601548021367057, 0.33797088576822865
0.3395290526545296, 0.33008869628400717
0.3413278098768124, 0.34589662191402754
0.3411370325956612, 0.33676812064578165
0.340428431265671, 0.3370715011801646
0.34219993459064646, 0.3327506840278891
0.33800283440532, 0.3268183945152059
0.33999236890875395, 0.3487647950204258
0.3409735092118173, 0.34846963492976857
0.3448708165267633, 0.34294780397987445
0.3406192085468222, 0.34114418569653204
0.34051019295759294, 0.3403903525300732
0.34617900359751447, 0.33865355572644273
0.341818380028344, 0.33421864541200774
0.34211817289872454, 0.3447270136358112
0.3392837675787638, 0.3309480993266388
0.3437806606344707, 0.33846403937403124
0.3367764090264908, 0.33419264171108376
0.3348413823176714, 0.3446917597067215
0.34568843344598277, 0.34048470851277174
0.34552491006213887, 0.3520585427322477
0.3445437697590755, 0.33501709726330253
0.3400468767033686, 0.34126753527475706
0.3346778589338275, 0.33002690847897753
0.341818380028344, 0.34055654690224424
0.34151858715796357, 0.3445376634116505
0.34089174751989537, 0.34336657786624997
0.33813910389185653, 0.33129680723955324
0.340864493622588, 0.3614241679617912
0.3471056361059632, 0.3418669904867742
0.3402104000872125, 0.3493454044312868
0.3394472909626077, 0.3393904521836443
0.3388204513245394, 0.3356308792929513
0.3399378611141393, 0.34480954218336113
0.34124604818489046, 0.33790985794854955
0.33797558050801263, 0.35296681098753396
0.3437806606344707, 0.3306842120935609
0.34168211054180747, 0.33564071541805673
0.3406464624441295, 0.32895583079832547
0.34108252480104656, 0.3355346853950095
0.3399378611141393, 0.34636073925943295
0.3400741306006759, 0.3351803248144727
0.3382753733783931, 0.34236796241686374
0.33871143573531015, 0.3313190159139361
0.3432628365856317, 0.3472692522244917
0.33631309277226645, 0.3421458466703825
0.3415730949525782, 0.3505458548992428
0.3402104000872125, 0.35113731615864197
0.33958356044914423, 0.337832263687478
0.3420909190014172, 0.35530368921610256
0.3360950615938079, 0.32252672429949303
0.34288128202332935, 0.34444697108696515
0.34072822413605147, 0.3400211217709227
0.33982884552491005, 0.3468015829392911
0.33982884552491005, 0.33576120371079854
0.34271775863948545, 0.3354103532042553
0.34484356262945604, 0.36479128936838784
0.3386841818380028, 0.3316726422506965
0.34219993459064646, 0.33277558901645854
0.3425814891529489, 0.3420112905567112
0.3442712307860024, 0.33710943068288535
0.34271775863948545, 0.33183678009093565
0.3398833533195247, 0.35079446589971447
0.33931102147607106, 0.34183165377339386
0.3461517497002071, 0.35282607278370287
0.3439441840183146, 0.33263038228320496
0.3451706093971438, 0.34936332975445333
0.33862967404338823, 0.33391357958403867
0.34203641120680256, 0.3452330170974702
0.338956720811076, 0.3218698388166744
0.34331734438024636, 0.34355667372441223
0.341900141720266, 0.34632034151121777
0.34236345797449036, 0.3443140882516644
0.341382317671427, 0.3363621682515703
0.3437534067371634, 0.33474831232444613
0.342417965769105, 0.3375832083694594
0.34323558268832444, 0.3408219561932314
0.34323558268832444, 0.35327408846876057
0.34018314618990514, 0.34368565203456514
0.3411915403902758, 0.34899717166632443
0.3450070860132999, 0.3493978544606413
0.340428431265671, 0.3557692686752251
0.3426632508448708, 0.3355689811607093
0.3410280170064319, 0.34268362862280555
0.34091900141720266, 0.3279783644539537
0.34217268069333917, 0.34648114080256576
0.34307205930448054, 0.3408702860411964
0.34127330208219775, 0.339481006471131
0.34279952033140737, 0.35461455890840976
0.33745775645917364, 0.33745418966158913
0.34146407936334894, 0.333130645650641
0.3377302954322468, 0.329062974978124
0.3398833533195247, 0.33854494265200663
0.33819361168647116, 0.3151199863642692
0.3436988989425488, 0.35914187732723557
0.34290853592063664, 0.3386488765559834
0.34160034884988555, 0.3454533819969369
0.3424452196664123, 0.33297513634560316
0.3440531996075439, 0.35951665139810096
0.3455794178567535, 0.350818000775883
0.3431810748937098, 0.35553988728315655
0.3442984846833097, 0.343528429844947
0.3411915403902758, 0.3228488871369738
0.3438896762237, 0.34255495120154444
0.34236345797449036, 0.342119498340531
0.34331734438024636, 0.34959461384337326
0.3482230458955631, 0.3570208140986084
0.3402649078818271, 0.325920304077677
0.3398833533195247, 0.34495127819664567
0.34348086776409026, 0.3421447489051057
0.3415730949525782, 0.3329920110396939
0.3426632508448708, 0.3404708826450675
0.3387931974272321, 0.33920719183357284
0.3382481194810858, 0.3418750220617973
0.34015589229259785, 0.341785746088336
0.3400468767033686, 0.3386867423340375
0.33800283440532, 0.3366030020711004
0.34476180093753406, 0.3323969781948968
0.3399378611141393, 0.34314565180842177
0.3397198299356808, 0.329457923591151
0.34110977869835385, 0.3330219342976931
0.3439169301210073, 0.3450649414372362
0.34168211054180747, 0.3518499295579135
0.3426087430502562, 0.3433998199780368
0.33854791235146625, 0.33775197011022784
0.34547040226752423, 0.36581925142160765
0.3414095715687343, 0.3344262652186838
0.3426087430502562, 0.3505623523065262
0.3383298811730077, 0.34723367981538855
0.3397743377302954, 0.33499989171986355
0.3421454267960318, 0.3456176387535758
0.3406464624441295, 0.3320107459545478
0.33835713507031506, 0.3356568913139232
0.3411642864929685, 0.33568342256950545
0.3362585849776518, 0.339383497387744
0.3427722664341001, 0.35570151226046937
0.34435299247792434, 0.3366813253143387
0.3413005559795051, 0.3415486369692279
0.34527962498637305, 0.33537947117841427
0.3397743377302954, 0.33672853476962006
0.33963806824375886, 0.34433097425653714
0.3436171372506268, 0.3535873041983819
0.33903848250299795, 0.34640676141787574
0.3431810748937098, 0.33128254591332507
0.33991060721683203, 0.3310577776413195
0.34031941567644175, 0.35415662000753423
0.34331734438024636, 0.3406031164382676
0.34568843344598277, 0.34310397506794255
0.3381663577891639, 0.33631124012763547
0.34255423525564155, 0.35437794353951757
0.3441349612994658, 0.34226425056670007
0.34252698135833426, 0.33433908121532174
0.3442167229913878, 0.34053751505323676
0.3390112286056906, 0.3280287386239201
0.34143682546604165, 0.34680507964184504
0.34162760274719284, 0.34474935350630104
0.34732366728442166, 0.3535450549130773
0.34255423525564155, 0.3426616757163181
0.3404829390602856, 0.3348333359933068
0.33966532214106615, 0.336356636844663
0.3447890548348414, 0.33005392393912747
0.3444347541698463, 0.34652197918151745
0.3388204513245394, 0.34144371836107396
0.3411642864929685, 0.3275480271973715
0.34525237108906576, 0.33175512971140186
0.3382753733783931, 0.35187436198963873
0.3410552709037392, 0.3469625855636867
0.3387659435299248, 0.33433059963605405
0.341818380028344, 0.3464878061343315
0.34219993459064646, 0.3439007192920537
0.3395290526545296, 0.3477658451693794
0.3391202441949199, 0.351650448882897
0.341900141720266, 0.32654515122129213
0.3446255314509975, 0.35058658297552725
0.33852065845415896, 0.32401780470382424
0.3412187942875831, 0.3521908005722227
0.342935789817944, 0.35039224474833014
0.33999236890875395, 0.32120327493073175
0.34380791453177806, 0.3451271054473412
0.3393382753733784, 0.3396126012865516
0.3424724735637196, 0.34908642601616163
0.33846615065954433, 0.3351011699870081
0.3446527853483048, 0.35004099039325903
0.340428431265671, 0.3265932396367167
0.3422271884879538, 0.33855830566320266
0.34274501253679274, 0.34081673909277216
0.34015589229259785, 0.33471438971769985
0.3407827319306661, 0.3494709243469827
0.33579526872342746, 0.3424433203592836
0.341818380028344, 0.3435037479136035
0.3397743377302954, 0.3444720760634238
0.34176387223372945, 0.34316992164360816
0.345361386678295, 0.3444182301742444
0.33819361168647116, 0.3414909574321593
0.33794832661070534, 0.3371840166603114
0.3425814891529489, 0.3464886172218933
0.342417965769105, 0.341098760140664
0.34329009048293907, 0.3450946717288069
0.34160034884988555, 0.3264695238886356
0.33890221301646134, 0.3346969533915515
0.3386024201460809, 0.3395335639556058
0.3444892619644609, 0.34204141788968895
0.3415458410552709, 0.33788155149381616
0.34315382099640246, 0.3404429223930664
0.34290853592063664, 0.33333084326794726
0.3392020058868418, 0.3410232405391206
0.34716014390057776, 0.3309374017689458
0.3395290526545296, 0.3443533186071499
0.340864493622588, 0.34087600826085596
0.3403739234710564, 0.34568761715576907
0.3459064646244413, 0.3513924287746897
0.3462607652894364, 0.3501885099267416
0.33958356044914423, 0.33584123184056147
0.34051019295759294, 0.3374520105843216
0.3354409680584324, 0.33999449969465023
0.3389294669137687, 0.32907303717915526
0.3400741306006759, 0.336397083600648
0.34108252480104656, 0.3478117516992939
0.34034666957374904, 0.33339189283335247
0.341900141720266, 0.3403558215275905
0.342336204077183, 0.34639957410259814
0.34356262945601224, 0.3518089088373605
0.34067371634143684, 0.3368868896375804
0.3394472909626077, 0.33200209111814993
0.34195464951488064, 0.3497591685751517
0.33903848250299795, 0.33184715055470915
0.3424452196664123, 0.33402709045743184
0.34416221519677315, 0.34651783990216894
0.33794832661070534, 0.339526702150618
0.3409735092118173, 0.3509777284228713
0.3439169301210073, 0.3341673378248595
0.3393382753733784, 0.3263525388534988
0.34187288782295866, 0.35934462583878635
0.3373214869726371, 0.33645475300159244
0.3398833533195247, 0.3392631747860926
0.34307205930448054, 0.34662634604108
0.34162760274719284, 0.336920673813765
0.3365583778480323, 0.3315264173577128
0.3402649078818271, 0.3490571146445865
0.33947454485991496, 0.3362030829152398
0.3420909190014172, 0.33543436093517065
0.3421454267960318, 0.3543226417815997
0.3423089501798757, 0.32617486633649995
0.342417965769105, 0.33362097136829294
0.34056470075220757, 0.3247039940306803
0.3364766161561103, 0.33849261604561653
0.3389294669137687, 0.34973783845326933
0.337485010356481, 0.3450900534075928
0.34203641120680256, 0.34043690496969026
0.33963806824375886, 0.35398079424493256
0.3362313310803445, 0.31834538524597833
0.34091900141720266, 0.3425981917332955
0.3401286383952905, 0.33762547799198184
0.3388204513245394, 0.3230218439168073
0.34367164504524145, 0.3511420501946716
0.3407827319306661, 0.33575683419589786
0.341382317671427, 0.34630379189159
0.3436988989425488, 0.33816343328147014
0.3416548566445002, 0.34148294288924386
0.33939278316799304, 0.34810437453253923
0.33811184999454924, 0.3352798370721535
0.3417366183364221, 0.3430528177022122
0.33887495911915405, 0.3261697119367144
0.33803008830262726, 0.3325407763569246
0.3384116428649297, 0.3311464452589933
0.33854791235146625, 0.34243157639239297
0.3411370325956612, 0.33659677669008625
0.3426359969475635, 0.345793563938885
0.3413278098768124, 0.3378599656478123
0.3435081216613976, 0.3440119888620228
0.3441077074021585, 0.33763634165182566
0.34179112613103674, 0.3432078740093354
0.3413005559795051, 0.3388512057841283
0.3396108143464515, 0.3258472305955622
0.34252698135833426, 0.3379079563430363
0.3431810748937098, 0.3506754835400156
0.3372942330753298, 0.33245671760845097
0.34040117736836367, 0.3229639126072431
0.33974708383298813, 0.3379485513843773
0.3389839747083833, 0.3322329682895514
0.3444620080671536, 0.35099915765620154
0.33745775645917364, 0.341443738249273
0.341382317671427, 0.3451321467079606
0.3424997274610269, 0.3457745524536051
0.34059195464951486, 0.338791487253325
0.34151858715796357, 0.33614772838022344
0.34015589229259785, 0.33181127440781144
0.3431810748937098, 0.3359995480158333
0.3376757876376322, 0.3311197998134414
0.342935789817944, 0.3276365584327511
0.3377030415349395, 0.3488428527012624
0.33914749809222716, 0.34324856935015324
0.3405374468549002, 0.3284662453474695
0.33999236890875395, 0.32969404699017346
0.34187288782295866, 0.33548799299748544
0.3463425269813583, 0.348522207585444
0.3366401395399542, 0.3290664677983147
0.34108252480104656, 0.3294664153142087
0.3386841818380028, 0.3503358145596108
0.34075547803335876, 0.3440608263990504
0.3400741306006759, 0.3417393105908556
0.33942003706530033, 0.33348705106834275
0.3432083287910171, 0.34317860490083096
0.33958356044914423, 0.353542602311145
0.34312656709909517, 0.3427111114253929
0.34296304371525127, 0.34408531612544047
0.3459064646244413, 0.3458008556705279
0.3466695737490461, 0.34857608432339016
0.3408099858279734, 0.3395654580089654
0.34200915730949527, 0.33910259628377815
0.34056470075220757, 0.3349806698479929
0.33745775645917364, 0.33071646991801407
0.34108252480104656, 0.33982730188055355
0.34124604818489046, 0.3333050359128835
0.33794832661070534, 0.3483828297619632
0.34051019295759294, 0.352050019574834
0.3407827319306661, 0.33463754146770675
0.33762127984301754, 0.3410526452491459
0.3389294669137687, 0.34727273886721094
0.33759402594571025, 0.3445639189790678
0.3426087430502562, 0.33312411756256566
0.33955630655183694, 0.3330387953222268
0.34288128202332935, 0.3378181743097586
0.3435081216613976, 0.3359356511772862
0.34219993459064646, 0.3535930960044337
0.3384116428649297, 0.3388000955392143
0.3415458410552709, 0.35283042008525756
0.3421454267960318, 0.3405280842940769
0.3382208655837785, 0.3320671267760049
0.34315382099640246, 0.3299028031604514
0.3430175515098659, 0.3460924811843011
0.34290853592063664, 0.3367066015060902
0.3410552709037392, 0.34101487673667624
0.34146407936334894, 0.339335972395413
0.3399378611141393, 0.3546978383042394
0.343371852174861, 0.3374310282321632
0.3424997274610269, 0.3482590846970564
0.3393655292706857, 0.33420406615323583
0.34290853592063664, 0.3494219402633187
0.3391202441949199, 0.3198369859833601
0.3385751662487736, 0.3361918576012608
0.34015589229259785, 0.337777935512231
0.33955630655183694, 0.3511875223323258
0.3411642864929685, 0.3328472491351461
0.3422271884879538, 0.3321513476078617
0.33980159162760276, 0.34683805092306097
0.3384116428649297, 0.3404597851493112
0.3420909190014172, 0.35320654198870843
0.34127330208219775, 0.3357387107950347
0.3422544423852611, 0.34484719379409273
0.34211817289872454, 0.33603666756981654
0.34364439114793416, 0.3605237890558253
0.34484356262945604, 0.35110955772950136
0.34274501253679274, 0.3524100458443405
0.3437534067371634, 0.35224950165854063
0.3388477052218467, 0.35158246252805214
0.3408099858279734, 0.3480677915411746
0.3453341327809877, 0.33955452912348616
0.3373759947672517, 0.35583787845964937
0.33942003706530033, 0.3435911534732642
0.3429902976125586, 0.3544954196548454
0.3388477052218467, 0.3388961832075743
0.3386569279406955, 0.3429379912097129
0.3392837675787638, 0.33404756806125224
0.34279952033140737, 0.34143305769008914
0.3410280170064319, 0.34944494878605853
0.3409735092118173, 0.33502644302316864
0.3386841818380028, 0.33549285438195764
0.3475144445655729, 0.34173788298764546
0.34459827755369016, 0.3440696223654449
0.3417366183364221, 0.3517716906936561
0.337485010356481, 0.3511367860189897
0.343371852174861, 0.3371927399600205
0.34217268069333917, 0.3365738357399497
0.3414095715687343, 0.3389679032156794
0.3416548566445002, 0.3511239198096932
0.3416548566445002, 0.3462317121234068
0.3401286383952905, 0.3235517284859558
0.3438896762237, 0.3378732932785492
0.3380845960972419, 0.3309278289686003
0.33925651368145643, 0.3446510871842381
0.3430993132017879, 0.3417170252856117
0.3391747519895345, 0.3394568952763316
0.3435898833533195, 0.3374862291730911
0.34669682764635346, 0.3451944544468662
0.33595879210727136, 0.3271728609373845
0.34367164504524145, 0.3627030288684632
0.3444892619644609, 0.34041191621655054
0.34001962280606124, 0.3438656514507011
0.34269050474217816, 0.3479914964899906
0.34160034884988555, 0.3452384808723826
0.33982884552491005, 0.3450311367337032
0.3437806606344707, 0.3387383333935152
0.3398833533195247, 0.35008206940490394
0.33966532214106615, 0.3408933698290836
0.3407009702387441, 0.34096655603535936
0.3453068788836804, 0.3559260185751928
0.3376757876376322, 0.33458702797198414
0.3469421127221193, 0.35304355649385444
0.34083723972528074, 0.36200484283886636
0.33862967404338823, 0.3419828148735373
0.34151858715796357, 0.3399739292155737
0.34239071187179765, 0.3308691594645483
0.33922925978414914, 0.32672285553768365
0.3444620080671536, 0.35447478073793154
0.33797558050801263, 0.3324290368118781
0.3393655292706857, 0.33441042031777934
0.34146407936334894, 0.3390239248066952
0.33980159162760276, 0.35803865743323643
0.33982884552491005, 0.3268493672352648
0.33726697917802245, 0.34101502122498384
0.33947454485991496, 0.33555824025345016
0.33775754932955415, 0.35851193444068036
0.3385751662487736, 0.34073650043350234
0.3390929902976126, 0.33435647835791527
0.34432573858061705, 0.33984286739194997
0.3415730949525782, 0.33714684687856344
0.3378938188160907, 0.33964033492828316
0.34279952033140737, 0.3487507006572837
0.34604273411097786, 0.3524785287249809
0.33903848250299795, 0.3224485541315065
0.3382208655837785, 0.337934361285519
0.3426359969475635, 0.32416083112558713
0.33811184999454924, 0.3342653665623463
0.341818380028344, 0.3465057899576806
0.3420636651041099, 0.32697551652131185
0.3422816962825684, 0.33836471680390157
0.3484955848686362, 0.3422354591037621
0.3370489479995639, 0.35123215097066374
0.3459064646244413, 0.34516887738677965
0.3416548566445002, 0.3362989036399936
0.3411915403902758, 0.34054396714572155
0.34015589229259785, 0.34248111655920904
0.34034666957374904, 0.33410625894475354
0.3424452196664123, 0.34014005570146016
0.33955630655183694, 0.3396151921059539
0.3450615938079145, 0.347510848516193
0.340864493622588, 0.33727529705874015
0.3420636651041099, 0.3371465251890833
0.33819361168647116, 0.33133859804232757
0.3435353755587049, 0.3512107591647186
0.3440531996075439, 0.3399855844920098
0.3424724735637196, 0.3586540010216879
0.3384116428649297, 0.33978371908451876
0.3407009702387441, 0.3337817759641072
0.3448708165267633, 0.338457615239394
0.3419819034121879, 0.348033248665178
0.34271775863948545, 0.341219386331751
0.3424452196664123, 0.3410486743928475
0.34200915730949527, 0.3466644312722643
0.34072822413605147, 0.3382178983292168
0.34269050474217816, 0.34287062287832415
0.33873868963261744, 0.34357610079309925
0.34143682546604165, 0.34729414265225556
0.3473781750790363, 0.3497643266548544
0.34094625531450995, 0.3454767018472573
0.3423089501798757, 0.3381313389162165
0.34089174751989537, 0.33902981235878815
0.33775754932955415, 0.3444267171706664
0.342854028126022, 0.3406349854703281
0.3447890548348414, 0.3420023793692506
0.3437806606344707, 0.35749945884510487
0.33999236890875395, 0.3368590736938534
0.341382317671427, 0.35170319188875276
0.34307205930448054, 0.3360583208566007
0.3382753733783931, 0.33790477536858543
0.3426632508448708, 0.340227678836618
0.34110977869835385, 0.3362276908213161
0.3484955848686362, 0.3328511794321174
0.33999236890875395, 0.33260813993912985
0.34451651586176824, 0.3488110012430233
0.3366128856426469, 0.32933821136255625
0.3426359969475635, 0.3454359789726962
0.3358770304153494, 0.33671870155284767
0.34083723972528074, 0.34044820557802147
0.34236345797449036, 0.336885692749722
0.3437261528398561, 0.34876417607414867
0.33931102147607106, 0.3363477469176286
0.3420636651041099, 0.34354094689332393
0.3440531996075439, 0.3414340439862491
0.34151858715796357, 0.3470313574603957
0.34091900141720266, 0.3414946261620982
0.3398560994222174, 0.33977653897612486
0.3404829390602856, 0.34028582193378565
0.3377302954322468, 0.3323655252741078
0.33991060721683203, 0.33814123910316274
0.3412187942875831, 0.31845995729302445
0.34459827755369016, 0.34619982849804476
0.34339910607216834, 0.34796859982696554
0.3440531996075439, 0.3327957833094294
0.3434263599694756, 0.3336725804695616
0.336967186307642, 0.3353540737552141
0.3396925760383735, 0.36027047306630616
0.34001962280606124, 0.33755027738868393
0.3427722664341001, 0.34683742369550663
0.3438896762237, 0.34416597819329325
0.337403248664559, 0.33162225586948524
0.3436171372506268, 0.3350275035466428
0.34348086776409026, 0.3345613875978788
0.3426087430502562, 0.34843846350853974
0.34683309713289, 0.3420523599133861
0.3435353755587049, 0.34655349148634396
0.34051019295759294, 0.3434265180532676
0.341382317671427, 0.3415320624634839
0.34323558268832444, 0.3439490644516622
0.33743050256186635, 0.33458927215665557
0.34083723972528074, 0.3378987861894678
0.33931102147607106, 0.337167438574119
0.3430993132017879, 0.35154545540142146
0.34329009048293907, 0.3490517137110552
0.3425814891529489, 0.3596617597177309
0.3386024201460809, 0.32484904890083566
0.33942003706530033, 0.34816032741275543
0.34162760274719284, 0.33560957527561097
0.3432628365856317, 0.3491219341236214
0.34383516842908535, 0.34405454539387803
0.34146407936334894, 0.3484183626949953
0.33890221301646134, 0.3384780159285604
0.3419273956175733, 0.34720427820615896
0.3417093644391148, 0.3481207755584871
0.3426632508448708, 0.33643430371232463
0.34067371634143684, 0.33900503823003225
0.3378393110214761, 0.332440701470864
0.34056470075220757, 0.33821847394115606
0.34296304371525127, 0.350775494305625
0.3406464624441295, 0.35441255969563323
0.3413005559795051, 0.34425639790793955
0.34288128202332935, 0.34738499798811456
0.34200915730949527, 0.3387251741957631
0.3405374468549002, 0.33885857238901473
0.340864493622588, 0.34316814608395546
0.3425814891529489, 0.3481555973803078
0.34001962280606124, 0.34528612115758817
0.34031941567644175, 0.3463696564822278
0.341900141720266, 0.34621846931569844
0.3409735092118173, 0.3522439897630953
0.34135506377411967, 0.3384485155404565
0.3425814891529489, 0.34377336418364074
0.34364439114793416, 0.33794923587374603
0.3392837675787638, 0.3428544717006034
0.34492532432137796, 0.36732209785013653
0.33966532214106615, 0.36196793746070705
0.3400741306006759, 0.3466036582425658
0.34051019295759294, 0.3407732100263874
0.3403739234710564, 0.33290165733705257
0.34383516842908535, 0.34160656317912735
0.3417093644391148, 0.3401319379802558
0.34219993459064646, 0.34676494507598915
0.342854028126022, 0.354960376616726
0.3438624223263927, 0.3437795545481284
0.33974708383298813, 0.33051899815734953
0.3406464624441295, 0.33894928394419344
0.34339910607216834, 0.3510689461143539
0.3402921617791344, 0.3385864478344662
0.34367164504524145, 0.3487692479064183
0.34399869181292925, 0.3512647650872123
0.34089174751989537, 0.3465992066284257
0.34435299247792434, 0.33412464511242956
0.3408099858279734, 0.33384567622445127
0.3457156873432901, 0.3286554587537248
0.3398833533195247, 0.3374003242915682
0.3444892619644609, 0.33596391901009526
0.34476180093753406, 0.3435200487205644
0.34094625531450995, 0.3361840101003817
0.34176387223372945, 0.34868538839689023
0.3417366183364221, 0.336292808133858
0.34269050474217816, 0.35316112560492224
0.34018314618990514, 0.34401425368954813
0.34323558268832444, 0.3543325434982439
0.34072822413605147, 0.3341542791097213
0.3472146516951924, 0.34453468257796915
0.33939278316799304, 0.3418547090256233
0.3424724735637196, 0.3351813748844015
0.34473454704022677, 0.34797873617155123
0.3407827319306661, 0.34975737913672755
0.3419819034121879, 0.3340613078609077
0.34304480540717325, 0.3392435134631484
0.3410280170064319, 0.34797740378341174
0.3435898833533195, 0.3457940633606294
0.34091900141720266, 0.351450875087727
0.3387931974272321, 0.34848675735241
0.3395017987572223, 0.32745672812857174
0.3449798321159926, 0.34914043131382483
0.3388477052218467, 0.3362067224026425
0.34468003924561214, 0.3473784726752821
0.3434263599694756, 0.34483526369957096
0.3436171372506268, 0.3427458897381632
0.34187288782295866, 0.3411056432794991
0.33574076092881283, 0.3325609145655375
0.3475962062574948, 0.3417079546261729
0.33996511501144666, 0.3405978897968911
0.34329009048293907, 0.3330946150138655
0.343371852174861, 0.3524923665100639
0.34364439114793416, 0.34359217859855207
0.3422271884879538, 0.33744966507891405
0.3377302954322468, 0.3366176682710059
0.3422271884879538, 0.34205903764313483
0.33852065845415896, 0.32291196051255733
0.3411915403902758, 0.33782555697897776
0.3419819034121879, 0.33857433984159907
0.3388477052218467, 0.3422728633421098
0.3395290526545296, 0.33855396405587357
0.3428267742287147, 0.34349339608588825
0.3402921617791344, 0.3302011564667684
0.34075547803335876, 0.3530579181306717
0.33852065845415896, 0.3450449999471005
0.3388477052218467, 0.3326102178085394
0.3421454267960318, 0.3484630306317099
0.34067371634143684, 0.3474663911368849
0.3398560994222174, 0.3483861266850678
0.3410007631091246, 0.3332634950652995
0.3404556851629783, 0.33944661794805037
0.33922925978414914, 0.3491016485323149
0.3410280170064319, 0.36227166956484
0.34162760274719284, 0.3376374750984297
0.3425814891529489, 0.33087216035701006
0.3395017987572223, 0.33094201777786403
0.3410280170064319, 0.3331306481199281
0.3409735092118173, 0.3471024731386168
0.3415730949525782, 0.3567742440302671
0.33813910389185653, 0.3396960398836525
0.3385751662487736, 0.3462979966828281
0.34075547803335876, 0.35809384516014153
0.3424997274610269, 0.3500568992941605
0.34255423525564155, 0.35237541805703115
0.34495257821868525, 0.34015544516276375
0.33546822195573966, 0.34235904730826827
0.34424397688869507, 0.34947670213451076
0.34290853592063664, 0.33616246895956325
0.342854028126022, 0.34849193130467415
0.34168211054180747, 0.3413909343520516
0.34067371634143684, 0.35124346938330575
0.34473454704022677, 0.3379408810208312
0.34110977869835385, 0.34322303573536284
0.34168211054180747, 0.34131659393538955
0.33862967404338823, 0.34134001601630054
0.3402104000872125, 0.32533152740564997
0.34304480540717325, 0.33897379031981517
0.3426632508448708, 0.336558222004015
0.3382753733783931, 0.33298279637492273
0.34168211054180747, 0.33924908966073575
0.3402104000872125, 0.3413330042133855
0.33838438896762235, 0.33191933724796563
0.3414095715687343, 0.3352196380456447
0.3440259457102366, 0.336154003559927
0.3402376539845198, 0.3418166614328949
0.34146407936334894, 0.3459195637785367
0.3434263599694756, 0.3384361273401939
0.3415730949525782, 0.33847010707132186
0.34713289000327047, 0.34455057807875306
0.3436171372506268, 0.3468222657997094
0.3444347541698463, 0.34157964874881047
0.33955630655183694, 0.33949127431284665
0.3392837675787638, 0.32553799508188486
0.3408099858279734, 0.3400547220477125
0.34304480540717325, 0.3323481683826942
0.33775754932955415, 0.34001876774318884
0.3443802463752317, 0.3367440704940091
0.33958356044914423, 0.3433001741617733
0.33931102147607106, 0.3353193452319241
0.34143682546604165, 0.34689326283175714
0.33999236890875395, 0.3482493217974797
0.3419819034121879, 0.3354528953241317
0.3404829390602856, 0.33917748638657763
0.3391202441949199, 0.34016928189286
0.34051019295759294, 0.3317619177093024
0.34307205930448054, 0.34200983659518913
0.3435081216613976, 0.3287589562356219
0.3382481194810858, 0.3358473873551783
0.3425814891529489, 0.34858767790050993
0.34176387223372945, 0.33546790129743254
0.3415458410552709, 0.3347308304045098
0.3411370325956612, 0.32838020533515044
0.3432628365856317, 0.34605308136179463
0.34345361386678297, 0.3369041774965297
0.3425814891529489, 0.3449709418389444
0.34252698135833426, 0.34036641791418454
0.3432628365856317, 0.34116378246258716
0.3463425269813583, 0.35529784937196457
0.3435081216613976, 0.3553088634375626
0.3382753733783931, 0.3361137563462899
0.3446255314509975, 0.3456626109755615
0.34348086776409026, 0.33081829930834294
0.342935789817944, 0.3380437414866897
0.34051019295759294, 0.3412585476319279
0.34364439114793416, 0.34949290431394586
0.3435081216613976, 0.3462521873512986
0.3406464624441295, 0.34194004468908434
0.33800283440532, 0.350853179167613
0.34184563392565137, 0.3391665714448394
0.3443802463752317, 0.3516194851016155
0.34451651586176824, 0.3538676400352844
0.33781205712416873, 0.3354946583746101
0.3373759947672517, 0.3335176701796593
0.3400741306006759, 0.3306096861332726
0.34612449580289983, 0.3376792858319114
0.3444892619644609, 0.3415848829832265
0.34146407936334894, 0.3502828631612507
0.3439441840183146, 0.33958712324665286
0.33505941349612994, 0.352976461040353
0.3363676005668811, 0.34502593690701744
0.3406464624441295, 0.3463770212378906
0.34162760274719284, 0.33289962409784013
0.3407827319306661, 0.34426171951110746
0.33803008830262726, 0.33064556106275456
0.3422816962825684, 0.3240112718693998
0.3406192085468222, 0.32647541934513336
0.34217268069333917, 0.3463636226251783
0.3410552709037392, 0.3316320724863119
0.33541371416112503, 0.33964074123318444
0.34339910607216834, 0.33305343767996476
0.34091900141720266, 0.34212123660991156
0.3396925760383735, 0.33921342862055914
0.3416548566445002, 0.33686467256862984
0.3386024201460809, 0.3380165077110717
0.34143682546604165, 0.34175793959126816
0.3412187942875831, 0.33703261260669526
0.33658563174533956, 0.326978424601742
0.34560667175406085, 0.3447823283698387
0.34151858715796357, 0.3415799082165952
0.33811184999454924, 0.3391458055763179
0.3451706093971438, 0.33562704212569505
0.3411370325956612, 0.35328696447495794
0.33830262727570043, 0.34895452857739356
0.33903848250299795, 0.34045163432224634
0.34339910607216834, 0.3491125120285946
0.34056470075220757, 0.32865362522018604
0.33759402594571025, 0.32278120515866227
0.34124604818489046, 0.3413279823991786
0.3437534067371634, 0.34351988547172646
0.3435081216613976, 0.34463413056914993
0.33955630655183694, 0.3458411121245243
0.34067371634143684, 0.33677909331098543
0.3377302954322468, 0.33020170296181106
0.3444892619644609, 0.346748597900631
0.3431810748937098, 0.3491803829404909
0.3416548566445002, 0.3538806161255633
0.33759402594571025, 0.34473503997625793
0.34691485882481193, 0.34697895031173553
0.34179112613103674, 0.3624414231526326
0.34296304371525127, 0.34876591621251424
0.3388477052218467, 0.35871521210432167
0.34236345797449036, 0.3489688725555533
0.3426632508448708, 0.3364597551672201
0.34367164504524145, 0.34557722162486654
0.3361223154911152, 0.3239156201771214
0.34015589229259785, 0.33963728534363974
0.34304480540717325, 0.3395729976839247
0.3413278098768124, 0.34090945802269024
0.34315382099640246, 0.34433104963026434
0.340864493622588, 0.3379126228410039
0.34127330208219775, 0.32392290604218754
0.34331734438024636, 0.3196933839562044
0.33991060721683203, 0.34756548012724475
0.34288128202332935, 0.35310890742122203
0.34083723972528074, 0.35128849915453003
0.3384116428649297, 0.338324714511578
0.3401013844979832, 0.3359987148823739
0.33854791235146625, 0.3359315512588946
0.34056470075220757, 0.3350251746630749
0.34255423525564155, 0.3351085463685347
0.3415730949525782, 0.3569163785556032
0.3441077074021585, 0.35188117666269597
0.33982884552491005, 0.33698168407768314
0.3402921617791344, 0.33679844281878457
0.3395017987572223, 0.3487853350573333
0.3424452196664123, 0.3387980380330649
0.3413278098768124, 0.3464244491301314
0.3420636651041099, 0.3245019745736446
0.3389839747083833, 0.33878595443385484
0.3453068788836804, 0.3289145880502986
0.33451433554998367, 0.33484970476268805
0.34307205930448054, 0.3415684620681355
0.3387931974272321, 0.3338043618856179
0.33931102147607106, 0.3368810307030531
0.34288128202332935, 0.3365118739201365
0.34075547803335876, 0.3410189595154997
0.3440259457102366, 0.345582584069612
0.342935789817944, 0.3413398809056284
0.33854791235146625, 0.34406014196740675
0.34255423525564155, 0.351065574301178
0.34108252480104656, 0.3363857801518354
0.3395290526545296, 0.3405156311686338
0.3402376539845198, 0.3321137493712616
0.34179112613103674, 0.33772771955645586
0.3429902976125586, 0.3443925933283645
0.3396925760383735, 0.3514397440082389
0.3407827319306661, 0.3460778041220134
0.3444892619644609, 0.34848838020852596
0.34239071187179765, 0.3375860811676289
0.34675133544096803, 0.3401079598336873
0.3419819034121879, 0.33621282062294644
0.3439441840183146, 0.3452888610267104
0.34255423525564155, 0.3376078567936577
0.34825029979287037, 0.3485678034786807
0.3397198299356808, 0.33996121133277557
0.3426087430502562, 0.34603409533830265
0.336967186307642, 0.3500955638699341
0.3426087430502562, 0.33839350785559574
0.3422271884879538, 0.3571431469658492
0.33982884552491005, 0.3455527404020975
0.34329009048293907, 0.3472107317460842
0.34408045350485117, 0.348260938653241
0.34288128202332935, 0.3602986767302137
0.3392837675787638, 0.3231312705713184
0.3449798321159926, 0.33352761655354124
0.34219993459064646, 0.3412687172896493
0.3401286383952905, 0.3268317413846291
0.3441077074021585, 0.32964079932574475
0.3455521639594462, 0.33954209750759196
0.34211817289872454, 0.3443182338947176
0.3375122642537883, 0.3343274836715642
0.33462335113921293, 0.33547458476164027
0.34146407936334894, 0.37209540429092136
0.3389294669137687, 0.3361364509708765
0.3397743377302954, 0.343514196316416
0.3415730949525782, 0.3451035391925391
0.33966532214106615, 0.33910769923054923
0.34176387223372945, 0.3381407165316831
0.34435299247792434, 0.3419148807190452
0.33781205712416873, 0.3243301283693293
0.3417093644391148, 0.3502980086235593
0.3413278098768124, 0.32881068416911496
0.3402104000872125, 0.3390772302904273
0.3441077074021585, 0.34532446211753515
0.3389294669137687, 0.341319768776411
0.34492532432137796, 0.34932553801790045
0.3414095715687343, 0.3406773961592323
0.34110977869835385, 0.3523057020586196
0.3401013844979832, 0.33984012370340233
0.3375122642537883, 0.3377186380261743
0.3445437697590755, 0.34654016021984996
0.3435898833533195, 0.3400856858379836
0.34418946909408044, 0.34245661805956384
0.34151858715796357, 0.3324942588705757
0.33974708383298813, 0.3304616850012031
0.34236345797449036, 0.34146900412395664
0.3386569279406955, 0.3446375161802659
0.34176387223372945, 0.3463857610958408
0.3384934045568516, 0.33548491915517387
0.34146407936334894, 0.3406520818370664
0.3461517497002071, 0.3499311154416191
0.3416548566445002, 0.3387325012838243
0.34001962280606124, 0.3461136018047959
0.3447890548348414, 0.3368817775974857
0.34367164504524145, 0.3542228705330558
0.3395017987572223, 0.34577210285814025
0.3454976561648316, 0.3396578083375015
0.3411370325956612, 0.3363596956534468
0.34168211054180747, 0.34067613900363136
0.33797558050801263, 0.3398206666871366
0.34636978087866566, 0.3553139856150782
0.33873868963261744, 0.3312247640477679
0.33922925978414914, 0.3480895668099916
0.3395290526545296, 0.3400258549494686
0.3368036629237981, 0.32755645770007413
0.34547040226752423, 0.34549145417460564
0.34399869181292925, 0.35469850416250864
0.3405374468549002, 0.32945660724913206
0.3405374468549002, 0.3567357893070044
0.3420909190014172, 0.34141015968489563
0.34211817289872454, 0.3412352540421709
0.3391202441949199, 0.3381074649950375
0.3426087430502562, 0.3273674149002508
0.33846615065954433, 0.3318500313627477
0.3412187942875831, 0.33005210611616353
0.3441077074021585, 0.3427344886801672
0.33982884552491005, 0.3418473731074737
0.3372124713834078, 0.33423538655863905
0.338956720811076, 0.34206362306399013
0.33634034666957374, 0.3322801792062057
0.3420909190014172, 0.3383084320166422
0.34511610160252915, 0.33416178191527346
0.3436171372506268, 0.33782127054498695
0.34399869181292925, 0.34029101290434693
0.3397743377302954, 0.31656281990973145
0.34151858715796357, 0.35009833812866964
0.34331734438024636, 0.3290859926520753
0.3452251171917584, 0.34338485185030176
0.3389839747083833, 0.3456393103573414
0.3366401395399542, 0.3406026195745653
0.34765071405210946, 0.34672213187813333
0.3402921617791344, 0.32482670906287614
0.34279952033140737, 0.35024534478918473
0.3416548566445002, 0.35914739730155115
0.342935789817944, 0.3452989030932698
0.3442984846833097, 0.35178175112642507
0.3432083287910171, 0.3290791252003925
0.34059195464951486, 0.3447487390002043
0.34252698135833426, 0.3383481039441477
0.3448163087321487, 0.33690134583550124
0.342336204077183, 0.3392258005601648
0.3396925760383735, 0.34247682374403066
0.3427722664341001, 0.3476995657034278
0.34329009048293907, 0.35583483665212945
0.34051019295759294, 0.33512759570110107
0.3402104000872125, 0.3574630478417507
0.341382317671427, 0.34701778577431946
0.33925651368145643, 0.3377130002074954
0.3432628365856317, 0.3360760192359963
0.3409735092118173, 0.33614317468024524
0.3439169301210073, 0.3359159043767944
0.34440750027253897, 0.3472463695971201
0.3412187942875831, 0.33856763514853094
0.3393655292706857, 0.35117069898463477
0.3435081216613976, 0.34145299116777705
0.3384116428649297, 0.3312869500225405
0.3438624223263927, 0.3329232480448231
0.3375667720484029, 0.3430052436135441
0.3405374468549002, 0.33693299019040024
0.337921072713398, 0.34994104154548816
0.33685817071841273, 0.33165842175907456
0.3392020058868418, 0.3457724923661617
0.3404556851629783, 0.3548025750536088
0.3411642864929685, 0.36054358098524747
0.3408099858279734, 0.33903821974128323
0.33873868963261744, 0.3467071403547507
0.3442984846833097, 0.347076819944102
0.33942003706530033, 0.3387883895775011
0.3439441840183146, 0.34882606729861204
0.34176387223372945, 0.3396608336017517
0.34435299247792434, 0.34107158129628146
0.3446527853483048, 0.3395067899356794
0.3406192085468222, 0.3384942552270771
0.34059195464951486, 0.33880997297832854
0.34040117736836367, 0.336004751291472
0.34312656709909517, 0.3415616919781166
0.3432083287910171, 0.3387678911323261
0.3438896762237, 0.33974887259146297
0.33505941349612994, 0.32922573948016
0.34525237108906576, 0.34330753856276686
0.33718521748610053, 0.33378193511799525
0.34367164504524145, 0.35130898623877216
0.343371852174861, 0.3387341119129492
0.3373759947672517, 0.34541374520106416
0.3416548566445002, 0.33411734330142717
0.341900141720266, 0.3277248663192657
0.3396925760383735, 0.3557073490836138
0.3451978632944511, 0.3467602611470436
0.33693993241033465, 0.3388548916612092
