ATE real, ATE estimado
0.9999999999999987, 1.0011630813261094
1.0000000000000016, 1.1142209921018789
1.0000000000000022, 1.0035175589639713
0.9999999999999964, 1.007664804842683
1.0000000000000029, 0.9400683605332537
0.9999999999999986, 0.9107069738657734
0.999999999999998, 1.0433150998680905
0.9999999999999998, 0.992961686877047
1.0000000000000007, 1.017487802671787
0.9999999999999993, 0.9930439129728283
0.9999999999999991, 0.9681170535517679
1.0000000000000004, 1.1039785561775461
1.0000000000000002, 0.990986958501743
0.999999999999999, 0.9653827351460509
0.9999999999999971, 1.0861389797114547
0.9999999999999973, 0.9515951093038041
0.9999999999999974, 0.9781357108524447
0.9999999999999991, 1.0009005219139104
0.999999999999996, 0.9771711778951802
0.9999999999999989, 0.9996268939469216
0.9999999999999986, 1.0740416926722645
1.0000000000000016, 1.0358834628058018
0.9999999999999976, 1.0373029160957836
0.999999999999998, 1.0207489340890148
0.9999999999999986, 1.0579910073771344
1.0000000000000027, 1.0519161723263248
0.9999999999999974, 1.015205103149006
0.9999999999999991, 1.0183863919171843
1.0000000000000002, 1.0363763211565216
0.9999999999999986, 0.9820485991224324
1.000000000000004, 1.1149426235392734
1.0000000000000007, 1.0069407662379208
0.9999999999999998, 1.0136096369041818
0.999999999999998, 0.9563821802144533
1.0000000000000004, 0.9382978763134721
0.9999999999999991, 0.956259032063909
0.9999999999999991, 1.020296433166529
0.9999999999999993, 0.9796778664015371
0.9999999999999984, 0.9823297598386915
0.9999999999999971, 0.9958883065302927
1.0000000000000029, 1.0227316753558398
0.9999999999999983, 0.9845223165931152
0.9999999999999987, 1.0101877967053383
0.9999999999999993, 1.070853841451881
1.0000000000000029, 0.982738872785395
1.0000000000000013, 0.9973544989556951
1.0000000000000029, 1.0451198201997367
1.0000000000000016, 1.071582861740991
0.9999999999999998, 1.007993483596933
1.0000000000000024, 0.9986060856024019
1.0000000000000013, 0.9884225435041983
1.0000000000000016, 1.0956096363541135
0.9999999999999959, 0.9939369384550808
0.9999999999999997, 1.032740833699212
1.0000000000000002, 0.9519143056419779
0.999999999999999, 1.0097428418053163
0.9999999999999949, 1.0585355700887171
0.999999999999999, 1.0155713748790056
1.0000000000000027, 1.0430246057351804
0.9999999999999986, 1.0047619517466533
0.9999999999999976, 0.936877370202539
0.9999999999999983, 1.0878551363413465
0.9999999999999992, 1.0459818649445016
1.0000000000000013, 1.0478021697231499
1.0000000000000002, 1.0369115597797183
0.9999999999999984, 0.9921978607342397
1.000000000000002, 1.0360510784953494
1.000000000000002, 0.9552275564778098
0.9999999999999992, 1.051600232317829
1.0000000000000016, 1.0312714049960892
0.9999999999999973, 1.0870182155045736
0.9999999999999983, 0.9575375486782134
0.9999999999999982, 1.0777701946479272
0.9999999999999977, 1.0090194006627062
1.0000000000000027, 1.0399867341130196
0.9999999999999978, 1.0311768710873819
0.9999999999999997, 0.9800008286038787
1.0000000000000004, 1.0330064433460848
0.999999999999998, 1.0826947894285353
1.0000000000000036, 0.9357232296534161
1.0000000000000004, 1.02499458617803
1.0000000000000018, 1.0357813058785483
1.0000000000000022, 0.9479608333402938
1.0000000000000013, 1.0302592107702204
0.9999999999999984, 0.9778974967223251
0.9999999999999986, 1.0381798736423438
1.0000000000000022, 0.9723273977695431
1.0000000000000027, 1.0000614206234169
0.9999999999999976, 1.0752258666181083
0.9999999999999998, 0.9479132584012027
0.9999999999999997, 1.0303109339301826
0.999999999999996, 1.0610582495688816
1.0000000000000007, 0.974235343655326
1.000000000000006, 1.0256372500615178
0.9999999999999986, 1.043010763315205
0.9999999999999986, 1.0588966565142417
0.9999999999999986, 0.9936915002100513
0.9999999999999959, 1.04484091142167
1.0000000000000044, 1.0300969690291837
0.9999999999999998, 0.9815128796985326
1.0000000000000022, 0.9879448508292102
1.0000000000000024, 0.978248594463648
1.0000000000000002, 0.9762778722904202
0.9999999999999961, 0.9619410847653627
1.0000000000000022, 1.0146520066892657
0.9999999999999992, 1.0474703888905887
1.0000000000000009, 0.9719358754458736
0.9999999999999966, 1.0400473954189038
1.0000000000000007, 1.0135088208632075
1.0000000000000004, 0.9504835767005264
0.9999999999999997, 1.0512465697978073
0.9999999999999986, 0.9564616146629032
0.9999999999999992, 0.9536775081490118
0.9999999999999998, 1.073167816486628
0.9999999999999991, 1.0068631315318903
0.9999999999999969, 0.9530045776314887
0.9999999999999982, 0.9856540571549403
1.0000000000000004, 0.9874414146610062
1.0000000000000038, 1.0452690535323967
1.0000000000000004, 1.0444255059878678
0.9999999999999987, 1.0215395486044294
0.9999999999999999, 1.0328253321464491
1.0000000000000007, 1.0047202363144967
1.0000000000000004, 1.113469558649807
1.000000000000001, 1.0467006152466587
1.0000000000000027, 1.05032444515939
0.9999999999999961, 0.9637902125277118
1.000000000000001, 0.9113437652636222
1.000000000000003, 1.0140380018435444
0.9999999999999974, 1.0466104239418288
0.9999999999999981, 0.9594311730622803
1.000000000000001, 1.0027115341851864
0.9999999999999971, 0.9776920120352216
1.0000000000000018, 0.9967363349590476
1.0000000000000004, 1.055936371523235
1.0000000000000033, 0.9887172596580869
1.0000000000000029, 1.070979387189778
1.0000000000000047, 0.9358132388413475
1.000000000000001, 0.9791512240456898
0.9999999999999998, 1.0179403028823188
0.9999999999999991, 0.9299972244867689
1.000000000000003, 1.0428318011526838
1.000000000000001, 1.0436075479257796
1.0000000000000024, 0.9837500075970546
0.9999999999999989, 1.0705464800897413
1.0000000000000002, 1.0685053384872178
1.0000000000000042, 1.0058298842589795
0.9999999999999976, 1.0125745132801585
1.0000000000000002, 1.0083813593440214
0.9999999999999971, 0.9229943644942556
1.0000000000000022, 1.0209678477799546
0.9999999999999976, 1.0338235465094674
1.000000000000002, 1.0148100815524572
1.0000000000000036, 0.957448434475656
1.0000000000000007, 0.9600787459497961
0.9999999999999968, 0.973661023775849
0.9999999999999981, 0.9658278414650847
0.9999999999999959, 0.9495637595667212
0.9999999999999986, 0.9985290225747879
0.9999999999999976, 0.9808421100405207
1.000000000000002, 0.9550952445833264
0.9999999999999984, 1.043544004760535
1.0000000000000004, 1.0723935803006708
0.9999999999999976, 0.9647238247500513
1.000000000000001, 0.9793949836147974
0.9999999999999967, 1.010110088529586
1.000000000000002, 0.9336649408434958
0.999999999999999, 0.9704588294002641
0.9999999999999978, 0.9724749707727952
0.9999999999999997, 1.0542615394353543
0.9999999999999993, 0.9845423740656588
1.0000000000000024, 1.0399680609718842
1.0000000000000004, 0.9939968768261369
0.9999999999999971, 0.9611865254287234
1.0000000000000016, 1.0270082547303299
0.9999999999999999, 0.9277435650016828
1.0000000000000013, 0.9261819838465802
0.9999999999999983, 1.0212223502531559
1.0000000000000022, 0.9926691863924021
1.0000000000000049, 1.0604777807168113
1.0000000000000007, 0.9834153875966414
1.000000000000001, 0.9889310977601239
0.9999999999999998, 1.0454202979671743
1.0000000000000016, 1.0080834420988949
1.0000000000000024, 1.011017506530431
1.0000000000000027, 0.9929309823446851
0.9999999999999983, 1.0907906721442697
1.0000000000000027, 1.0017518654860778
1.0000000000000033, 0.9315520484444626
0.9999999999999997, 1.0394069118159108
1.0000000000000007, 1.056595613466964
1.0000000000000007, 1.0812451639637262
1.0000000000000002, 1.0019814508891005
1.0000000000000024, 1.0029059396991338
0.9999999999999997, 1.0066473981191002
0.9999999999999984, 1.0217152079296319
0.9999999999999998, 1.0014815763672786
1.0000000000000007, 1.0230937809348397
1.0000000000000007, 0.9708908858958586
1.000000000000001, 0.9395763611375669
0.9999999999999989, 1.0111488181641288
0.9999999999999991, 0.958818637562074
1.000000000000001, 0.985003315552563
0.9999999999999982, 0.9323712741501299
1.0000000000000013, 0.9954260418106736
1.0000000000000016, 0.9809168555269213
1.0000000000000022, 0.9915381986235815
1.0000000000000013, 1.0718650018239295
1.0000000000000029, 0.9712200100588071
1.0000000000000022, 1.015005799286931
0.9999999999999987, 1.0349605703515712
0.9999999999999998, 1.0410549380716894
1.0000000000000013, 1.0088791041758212
0.9999999999999974, 1.0018593854216522
0.9999999999999989, 1.02444768501004
1.000000000000001, 1.01762781126095
0.9999999999999993, 1.0226338318566737
1.000000000000001, 0.9461951765505137
0.9999999999999984, 1.0178282323678844
0.9999999999999992, 0.9708174997277272
0.9999999999999971, 1.0073243460300658
1.0000000000000013, 1.047734715339347
0.9999999999999999, 0.9956615603062451
0.999999999999999, 1.0535686230827759
1.000000000000002, 0.8997448729625313
1.000000000000002, 0.9927472608170953
0.9999999999999972, 1.0013857671765705
0.9999999999999994, 1.0832214107901046
1.0, 0.926165924588646
0.999999999999996, 1.0175916144061044
0.9999999999999998, 0.9324840994196621
0.9999999999999989, 1.0340213775944833
0.9999999999999974, 1.0479044550609484
1.000000000000002, 0.9997160505597213
0.9999999999999989, 1.020565944082556
1.0000000000000022, 0.9617076595437466
1.0000000000000036, 1.0155205682721502
0.9999999999999982, 0.9862360054539663
0.9999999999999997, 1.0122941316739167
1.000000000000001, 1.014632068546715
0.999999999999999, 1.0459734457254117
1.0000000000000016, 1.016199820000768
0.9999999999999967, 0.9978424758516752
1.0000000000000013, 0.915049089375184
1.0000000000000007, 1.053225262067064
1.0000000000000004, 1.0542761048120985
1.0000000000000013, 0.992560945293986
1.0000000000000016, 0.9482683191208044
1.000000000000002, 1.0268163718876733
0.9999999999999999, 1.0059293902689668
1.000000000000001, 0.9379520315320494
0.9999999999999961, 0.9846593433115437
0.999999999999995, 1.052499542247447
0.9999999999999969, 0.9679676216051389
0.9999999999999978, 0.9757604982230135
1.0000000000000027, 1.047498115944104
0.9999999999999969, 1.0375861994975963
1.0000000000000007, 1.032826060798734
1.0000000000000036, 1.0105855411529798
0.9999999999999983, 0.9865391887707097
0.9999999999999984, 0.9842189831509637
1.0000000000000027, 0.9883529295358979
0.9999999999999998, 1.0295932638697798
1.0000000000000047, 0.9138768369103606
1.000000000000001, 1.0260333518570843
1.0000000000000033, 1.00643898957496
0.9999999999999973, 0.9980254133829047
1.0000000000000022, 1.00046646366829
1.0000000000000007, 1.0202662756264247
1.000000000000004, 1.012157923558757
0.999999999999999, 1.0222091239720346
1.000000000000003, 0.9389678212469128
0.9999999999999973, 1.0148608926004716
1.0000000000000042, 0.9880896651211813
0.999999999999998, 1.0568859593947535
0.9999999999999993, 1.063250453668114
1.0000000000000029, 1.0094984000839036
0.9999999999999989, 0.9520100772620317
0.9999999999999998, 0.9391352981068121
1.0000000000000004, 0.9408128584689303
0.9999999999999997, 1.047484946432869
1.0000000000000022, 1.0143662249670584
1.0000000000000027, 0.9838644032395494
0.9999999999999998, 1.0729955149451376
1.0000000000000016, 0.9786976884831499
1.0000000000000013, 1.003382755157473
1.0000000000000016, 0.9720064371515031
0.9999999999999972, 1.094088300485758
0.9999999999999984, 0.9974824969443219
0.9999999999999969, 0.9724912942104155
0.9999999999999982, 1.0095413772681372
1.0000000000000016, 1.0083815368430633
0.9999999999999984, 1.0167190701787365
1.0000000000000022, 0.9898042610218928
0.9999999999999992, 1.0400787477584013
0.9999999999999969, 1.0493149639303454
1.000000000000003, 0.9926818559980773
0.9999999999999991, 0.9735787512898196
0.999999999999999, 0.9868237576608203
0.9999999999999992, 0.9410670713165996
0.9999999999999977, 1.0025794323875559
1.000000000000002, 0.9468293178971117
0.9999999999999991, 0.9756634404119687
1.0000000000000007, 1.0441056115195981
0.9999999999999976, 0.9786650872883447
1.0000000000000022, 1.0120540500910726
1.0000000000000013, 1.0661952153566097
1.000000000000004, 1.0246949044189138
0.999999999999998, 0.9317278540735291
1.0000000000000024, 1.066427316903501
0.9999999999999997, 1.0248569086352586
1.0000000000000004, 0.9883218464301777
1.0000000000000013, 1.014686416505283
0.9999999999999974, 1.0634358089663702
0.999999999999998, 0.9661403904317707
1.0000000000000013, 1.0218030714863862
1.0000000000000016, 1.0263963015881385
0.9999999999999981, 0.9431514971499019
1.0000000000000027, 1.0281276030657807
0.9999999999999998, 1.0834706807830004
0.9999999999999976, 1.049756753214075
1.0000000000000013, 0.9982081698407026
1.0000000000000016, 0.9748251677365439
0.9999999999999987, 1.087207291353199
1.000000000000001, 1.0380005062761046
0.9999999999999978, 0.9992605354811954
0.9999999999999959, 0.9926036416097233
1.0000000000000053, 1.0311793141760248
1.0000000000000013, 0.9724438315351486
0.9999999999999994, 1.0982964452782433
1.0000000000000013, 0.9821299126419645
0.9999999999999978, 1.0053282830347605
1.0, 0.9609575294384721
0.9999999999999999, 0.9729358315767686
1.0, 1.0801646302723142
0.9999999999999989, 0.9489460661203489
0.9999999999999978, 0.9428292593345875
0.9999999999999983, 0.9146106273992255
1.0000000000000029, 1.0154397880925592
0.9999999999999992, 0.9429314106580736
0.9999999999999991, 1.0676623200795283
1.0000000000000018, 0.9796367938628624
1.0000000000000016, 0.9899057846381255
1.000000000000001, 1.0446468555994175
1.000000000000005, 0.9852021772077251
0.9999999999999976, 1.0088164047952968
1.000000000000003, 1.0215038752198229
0.9999999999999992, 0.9680450091796385
1.0000000000000002, 1.0236221614974663
0.9999999999999986, 0.9393251531138577
1.000000000000002, 0.9706524714890186
1.0000000000000002, 1.0847270250116656
1.000000000000001, 1.0086458306804094
1.0000000000000016, 0.9923373825325603
1.0000000000000004, 0.96966785573623
0.9999999999999961, 1.019658011346141
0.9999999999999968, 0.9316542570490078
0.9999999999999973, 0.9899976802927521
0.9999999999999974, 1.0180769328130104
1.0000000000000007, 1.037667874500197
0.9999999999999974, 1.0444304429697213
1.0000000000000013, 1.0235404684789742
0.9999999999999999, 1.0392815257803227
1.0000000000000018, 1.0596704082117363
1.0000000000000029, 0.9717916560776053
0.9999999999999963, 0.9981966222959322
0.9999999999999978, 1.0611832324833375
0.999999999999998, 1.0251439483773332
0.9999999999999963, 1.0305136656095104
0.9999999999999981, 1.0077035782097445
1.0000000000000044, 0.9426763173125451
1.0000000000000024, 0.9814428355892434
0.9999999999999974, 1.0732134255489216
0.9999999999999998, 1.0243842948702901
0.9999999999999993, 0.9820210545221386
1.0000000000000022, 1.0479456611652203
1.0000000000000009, 0.9924716080878673
0.9999999999999993, 0.9844301774842088
1.0000000000000036, 0.9626225211122222
0.9999999999999989, 0.9477132143727847
0.9999999999999998, 0.9929318700523995
0.9999999999999977, 0.9422863937492207
0.9999999999999941, 0.9840433321930067
1.0000000000000013, 1.0706921546023653
1.0000000000000002, 1.006566370718823
0.9999999999999993, 1.0191549569475806
1.0000000000000016, 0.985059454817649
0.9999999999999991, 0.9979803162896221
1.0000000000000027, 0.9429597953600823
0.9999999999999992, 0.9176726333385065
0.9999999999999974, 1.084913923669237
1.0000000000000004, 0.9841046174213075
0.9999999999999992, 1.0049065833511057
1.0000000000000024, 0.9594656081524287
0.9999999999999991, 0.9103501501563733
1.0000000000000004, 0.9790300719131009
1.0000000000000049, 0.9523650327155381
0.9999999999999992, 0.952048120755325
1.0000000000000036, 0.9128536335682838
1.000000000000001, 0.987343349393463
1.000000000000003, 1.0016089647724586
1.0000000000000042, 1.027401791430756
0.9999999999999981, 0.9963697938075604
0.9999999999999982, 1.0597893206782805
0.9999999999999966, 1.0147024965081273
0.9999999999999983, 1.0362599949111853
1.0000000000000038, 1.0385228139057499
1.000000000000002, 1.0069504975537864
1.0000000000000024, 0.9936645763009389
1.0000000000000038, 1.0736905342907443
1.0000000000000027, 1.0349725934653922
0.9999999999999968, 0.9657552023152935
0.9999999999999991, 0.9101152688463081
1.0000000000000016, 1.0823091487715926
0.9999999999999969, 0.9939112475454047
0.9999999999999949, 0.9282944427519264
1.000000000000002, 0.9973512662124461
1.0000000000000049, 1.0129205341069942
0.9999999999999974, 0.9713740361496345
0.9999999999999982, 1.0387500175714903
0.9999999999999983, 0.9689790597306434
1.0000000000000009, 0.9961561454967186
0.9999999999999971, 0.9721956431596549
0.9999999999999997, 0.9966072874005923
1.000000000000001, 1.017050344888046
0.999999999999998, 1.0147299661202385
1.000000000000004, 1.0363931219875542
0.9999999999999992, 0.9496394041125619
0.9999999999999983, 0.9815958539114222
1.0000000000000029, 0.9888704589908816
0.9999999999999991, 1.0387268289644143
1.0000000000000027, 0.9993443529630581
1.000000000000004, 1.0374163643806282
1.000000000000002, 1.0895445549364875
0.9999999999999994, 0.9838549993323011
1.0000000000000013, 1.0619528599583383
0.9999999999999957, 1.001122817198056
1.0000000000000024, 1.0376871072291602
0.9999999999999982, 1.1018921196955012
1.0000000000000018, 0.9987914689465938
0.9999999999999986, 0.9463874117287738
0.9999999999999984, 1.0188712007116363
1.0000000000000007, 1.0190023166713005
1.000000000000002, 1.0388066522268122
0.9999999999999968, 1.0114285696257965
0.9999999999999992, 0.9633158543162781
0.9999999999999993, 1.0641892245340216
1.0000000000000022, 1.0155117947133938
0.9999999999999997, 1.03479392535183
0.9999999999999973, 1.0117345294547273
0.9999999999999982, 1.009329448781092
0.9999999999999983, 0.9736361457353103
0.9999999999999958, 1.005250317105493
1.000000000000001, 1.0038489693558441
1.0000000000000009, 0.9985960354178253
0.9999999999999948, 0.9767929263586232
1.0000000000000007, 1.131547136704378
0.9999999999999993, 1.0356903076665187
1.0000000000000029, 0.9701766499738793
1.0000000000000047, 0.9388290776495675
0.9999999999999908, 0.9624115792313095
1.0000000000000036, 0.974538072036137
1.0000000000000007, 0.93996761631429
0.999999999999996, 1.0156354389143505
1.000000000000002, 1.0154108136453432
1.0000000000000018, 1.0576421358972117
0.9999999999999991, 1.0265873890997466
0.9999999999999998, 0.9768037985520059
1.0000000000000056, 1.0271221594857924
1.0000000000000002, 0.9587578825574253
0.9999999999999997, 1.0361963145042163
1.0000000000000016, 0.9615950191337002
0.9999999999999998, 0.936822584769278
0.9999999999999989, 0.9114683216858859
0.9999999999999982, 1.0856572428988558
1.0000000000000022, 1.041521064371069
1.0000000000000033, 1.0733609871680339
0.9999999999999991, 1.0619541144555447
1.0000000000000044, 1.0615327784236852
1.0000000000000029, 1.0586217040278258
1.0000000000000029, 1.000760347150367
0.9999999999999997, 1.0116021019339065
0.9999999999999986, 1.0601623418449817
0.9999999999999997, 1.1136666756580553
1.0000000000000024, 1.020085959404042
0.9999999999999999, 0.9800912569099837
1.0000000000000049, 1.0005229863759706
0.9999999999999982, 1.0679843613161368
1.0000000000000013, 0.9687450033608005
0.999999999999999, 0.939578595507027
1.0000000000000002, 1.062844316713222
0.9999999999999958, 1.0116456221912116
1.0000000000000018, 0.9881993905889241
1.0000000000000042, 1.0529104072721687
1.0000000000000004, 0.9888326377032252
0.999999999999999, 0.9546931913785277
0.9999999999999968, 1.002197517327342
0.9999999999999999, 1.0531597475508105
1.0000000000000002, 0.9539375764414706
1.0000000000000036, 1.0049074121550394
1.0000000000000002, 1.0161962895133332
1.0000000000000024, 0.9891271919559528
0.9999999999999989, 0.9564745599513349
1.0000000000000056, 0.9447587791197039
0.999999999999998, 0.9712432182186258
1.0, 0.9772879675837178
1.0000000000000002, 1.0044361900641237
0.9999999999999999, 1.0089723069975585
1.0000000000000013, 1.0292610135657012
0.9999999999999971, 0.9808409892468722
0.9999999999999987, 0.9655593148264112
0.9999999999999982, 0.9737851592530364
1.000000000000003, 0.9818459959954366
1.000000000000002, 1.0623850381643563
1.0000000000000018, 0.9883977398349961
0.9999999999999973, 0.9146394464430827
1.0000000000000007, 1.0362976172865896
0.9999999999999978, 0.9219071555247852
0.9999999999999981, 0.9655624604579154
1.0000000000000016, 1.0310498712904441
1.0000000000000007, 0.9423671901296833
0.9999999999999986, 0.9448845960010578
1.0000000000000004, 0.9886776111231481
1.000000000000001, 1.0291223770298756
1.0000000000000013, 0.968355120163848
0.9999999999999977, 0.9954008496840903
0.9999999999999991, 0.9983119986547009
0.9999999999999986, 1.0410203877302333
1.0000000000000004, 0.9487403379399908
0.9999999999999987, 0.9974084081619625
1.0000000000000004, 0.9792424281060799
1.0000000000000024, 1.0535884486215852
1.0000000000000002, 1.071164660396308
0.9999999999999993, 0.9680666329392291
1.0000000000000027, 0.9568288242628786
1.000000000000002, 0.9621138153364781
1.0000000000000044, 0.9978641267072671
0.9999999999999987, 1.0775041373561258
0.9999999999999993, 1.0106114708099676
0.9999999999999984, 1.0556579481513517
0.9999999999999966, 1.0313747966556563
1.0000000000000004, 1.1097633789924612
0.9999999999999986, 1.0650535399426366
1.0000000000000009, 0.9798854242891095
0.9999999999999994, 0.9612804343171263
0.9999999999999982, 0.995704708993208
0.9999999999999981, 1.0502116388516265
1.000000000000001, 0.974588037795035
0.9999999999999974, 1.0184946559537456
1.0, 1.021106769960139
1.0000000000000033, 0.9632425748267054
1.0000000000000029, 1.0577784185591697
1.0000000000000016, 0.9791077138469555
0.9999999999999991, 0.9696250165378858
1.0000000000000009, 0.987534996580004
1.0000000000000004, 0.9613575239267687
0.9999999999999969, 0.9472975234870036
0.9999999999999998, 1.0317686292525814
0.9999999999999993, 1.025434543732428
0.9999999999999994, 1.0345365350812652
1.0000000000000036, 0.9974361747800687
1.0000000000000022, 0.9956108579216384
1.0000000000000038, 0.9784862380985166
0.9999999999999969, 1.0761753484122272
0.9999999999999999, 1.0531205779492183
1.000000000000004, 0.9709037816267501
0.9999999999999997, 0.9428474812780555
1.000000000000001, 0.984845267865714
0.9999999999999986, 1.0026181719045628
0.9999999999999987, 1.0229340933790276
1.000000000000001, 0.9410239929603519
0.9999999999999987, 1.0035949780121254
1.000000000000002, 0.9603789124842527
0.9999999999999981, 1.0896973735760924
0.9999999999999974, 0.9460084939576642
1.0000000000000002, 0.9998436811204742
1.000000000000003, 0.9804104766294687
1.0000000000000038, 1.0739085502679349
0.999999999999996, 1.0025687051722418
0.9999999999999998, 0.9695808584767047
0.9999999999999971, 1.0097610505130148
0.999999999999999, 0.9831086505271904
0.9999999999999987, 1.029534706412955
0.9999999999999976, 0.9903792572762382
1.000000000000003, 1.0811691086224764
1.000000000000001, 0.984092131247076
0.9999999999999993, 0.9906299282855152
0.9999999999999991, 1.041250083038591
0.9999999999999983, 0.9395137041060855
1.000000000000002, 1.0390712798540078
0.9999999999999972, 0.9928502262771379
0.9999999999999994, 1.114061222898408
0.9999999999999999, 1.0135617681962186
0.9999999999999987, 0.9116066047514252
1.000000000000005, 1.1008136219449516
0.9999999999999932, 1.114562214629509
1.0000000000000002, 1.0142356590396653
0.9999999999999984, 0.9819176094470933
0.9999999999999958, 1.006846353111873
0.9999999999999968, 1.0752090776682823
0.9999999999999994, 0.9681338779464188
1.0000000000000009, 1.0968501858333861
0.999999999999998, 0.9830049952500645
0.9999999999999997, 1.0232988276380708
0.9999999999999987, 1.0613948479161393
0.9999999999999972, 1.0235198409052046
1.0, 1.0058878638849504
1.0000000000000022, 1.0014229830168473
1.0000000000000002, 1.0239737185151334
0.999999999999999, 1.0566972283635776
0.999999999999999, 0.9867195446210466
1.0000000000000018, 1.018063874143738
0.9999999999999989, 1.0234198520387996
1.000000000000001, 1.000343578376641
0.9999999999999997, 0.9512262917200702
1.000000000000002, 0.9567942262857406
0.9999999999999981, 0.9391204998596228
0.9999999999999977, 0.9515951670107332
1.0000000000000013, 1.0684712341302827
0.9999999999999998, 0.9925535681261239
0.9999999999999968, 1.0195167102941596
1.0, 0.9907110843175622
1.000000000000002, 0.9931018865355854
0.999999999999999, 0.957029980225685
1.0000000000000016, 1.0903367151631929
1.000000000000002, 0.9854740062832725
0.9999999999999984, 0.9316512616894401
1.000000000000001, 1.0813535495443194
0.9999999999999981, 0.9536581077742861
0.9999999999999948, 0.9929274184663869
1.000000000000004, 0.9889200837543715
1.0000000000000009, 1.0722035516129667
0.9999999999999989, 1.0166386828005323
1.0000000000000004, 0.9693590558307714
1.000000000000002, 1.0631083552320542
1.000000000000002, 1.0313482732241126
0.9999999999999989, 1.0175126979434173
0.9999999999999983, 1.0115198792203128
1.0000000000000007, 0.9493756077028163
1.0000000000000022, 1.0035988660148822
1.0000000000000069, 0.9840963060719732
1.0000000000000002, 0.9766053627423531
1.0000000000000007, 1.1159579820960406
1.0000000000000004, 1.0097171128205842
1.0000000000000027, 0.9942446437439487
0.9999999999999971, 1.013130206981165
0.9999999999999983, 0.9554835636405872
0.9999999999999964, 0.9669055757688493
1.0000000000000038, 0.9009004624610677
1.0000000000000029, 1.0234948058445656
1.0000000000000027, 0.995160384739796
1.0000000000000027, 0.9747073354961995
1.0000000000000002, 0.9881708953939123
1.0000000000000013, 0.9984677051105583
0.9999999999999983, 1.0202241616006884
1.0000000000000027, 1.012483235938218
1.0000000000000029, 0.9825455048874674
0.9999999999999964, 1.0336156644521028
0.9999999999999989, 0.9879818278427365
0.9999999999999991, 1.0284189979167968
1.0000000000000007, 0.9775720481938754
0.9999999999999958, 0.9934308406487384
0.9999999999999999, 1.0329322110194195
1.0000000000000004, 0.9590397249659964
0.9999999999999997, 0.9744046153628652
1.0000000000000002, 1.0035968137729008
1.000000000000003, 1.0455741756261632
0.9999999999999999, 1.0618066948196205
1.0000000000000016, 1.0163584202964864
0.9999999999999983, 0.9805551614943672
0.9999999999999982, 0.9344076196893784
0.9999999999999973, 1.0190887437601355
1.000000000000002, 0.996834757069548
1.0000000000000007, 1.0658733047132327
0.9999999999999999, 1.0577983461405849
0.9999999999999986, 1.0294293929214826
1.0000000000000016, 0.954914051590434
0.9999999999999989, 0.9691090761682668
1.0, 0.9437252493159948
1.0000000000000016, 0.9754232194793171
1.0000000000000016, 1.027496469480294
1.0000000000000027, 1.0381922469887301
1.0000000000000024, 0.9494050094757183
0.999999999999998, 0.9797321017678332
1.0, 0.9850701460694644
1.000000000000004, 1.050357812684663
1.0000000000000007, 1.0191194674582993
1.000000000000004, 1.03092246796474
1.0, 0.9577468539475343
1.0000000000000047, 1.0019513505437663
0.9999999999999982, 0.9901166413856085
0.9999999999999966, 1.020322507026438
1.0000000000000004, 0.8787081568247044
0.9999999999999994, 0.8447828453667817
0.9999999999999998, 0.9998932750670536
1.0000000000000007, 0.9568922003400967
0.9999999999999971, 0.9642925830220617
0.9999999999999997, 1.0530645797207048
1.0000000000000022, 0.9924801016232927
1.000000000000003, 1.002011383642765
0.9999999999999991, 0.9931796342274377
1.0000000000000029, 1.0100185285028784
0.9999999999999993, 0.9662976636238685
1.0000000000000022, 1.072743309517977
0.9999999999999997, 0.9853930066885794
0.9999999999999967, 0.9796642172756951
1.0000000000000007, 1.0186117087300373
1.0000000000000007, 0.9670341162600924
0.9999999999999991, 1.0231048337836341
0.9999999999999991, 1.0738029499030526
1.0000000000000033, 0.9180860348731994
1.0000000000000018, 0.9825861151834364
1.0000000000000022, 0.9151567661191764
1.0000000000000018, 0.9661986050198587
0.9999999999999982, 1.0331695428207344
1.000000000000002, 0.9653128591533918
0.9999999999999972, 0.966898118103576
1.000000000000001, 0.9744836033073965
1.0000000000000027, 0.9998755628527706
0.9999999999999999, 1.0482274365805038
1.0, 1.0239282841138364
1.0000000000000022, 1.0219153117605684
1.0000000000000047, 1.030410353110352
1.0000000000000029, 1.0085918945281065
1.0, 1.0117992630498447
0.9999999999999992, 0.9880530821566574
1.0000000000000033, 0.9647880240268617
1.0000000000000062, 1.0184384669370041
1.0000000000000009, 1.0266104376831273
0.9999999999999984, 1.040011474751028
1.0, 1.03239495170047
0.9999999999999978, 0.9576576904503616
1.0000000000000007, 0.9422065207723685
1.0000000000000018, 0.961170046065754
0.9999999999999986, 0.9307278860712265
0.9999999999999982, 1.038309182724094
1.0000000000000016, 1.079016096066985
0.9999999999999957, 1.0514000562773447
0.9999999999999957, 1.0067805454241312
1.0000000000000029, 1.007782773811689
1.0000000000000007, 0.9441766175252975
1.0000000000000004, 0.9653996543210711
0.999999999999998, 1.0787631506399609
0.9999999999999983, 0.9154323020800041
1.0000000000000007, 0.961097009448778
1.0000000000000038, 0.9991120930434279
0.9999999999999978, 1.050549333280218
0.9999999999999967, 1.0429436722224146
0.9999999999999983, 0.99704116060294
1.0000000000000022, 0.9183601336001987
1.0000000000000013, 0.9956062233775648
1.0000000000000007, 0.9604328417200717
1.000000000000001, 1.0894714587004235
0.9999999999999983, 0.9852581198976709
0.9999999999999984, 1.0194200803931277
0.9999999999999986, 1.0601679781478042
1.0000000000000058, 0.9939434439802219
1.0000000000000002, 1.0623067031722457
0.9999999999999959, 1.0716936638649797
0.999999999999995, 1.0087504574241344
1.000000000000003, 1.0258955460057597
1.0000000000000002, 0.9995807410254872
0.999999999999998, 0.9377718760443439
1.0000000000000002, 1.0017897007598124
0.9999999999999948, 0.9640409209088865
1.0000000000000004, 0.9727986434542915
0.9999999999999994, 0.9464506796157475
0.9999999999999997, 0.9774491409714995
1.0000000000000038, 1.0063997710380181
1.0000000000000002, 0.9989895100102208
1.0000000000000007, 1.0467296489211373
0.9999999999999993, 1.040513078250962
0.9999999999999983, 0.9762752821847851
0.9999999999999991, 0.9255638340959891
0.9999999999999972, 1.030546802763569
1.0000000000000018, 1.0020973803940516
0.9999999999999991, 0.9993733104559351
0.9999999999999991, 0.9958842610539524
1.0000000000000007, 1.0018646768259496
0.9999999999999991, 1.0334514454042187
1.0000000000000002, 0.9978178729206146
1.0000000000000022, 0.8660856837120348
0.9999999999999998, 1.0151837795117478
0.9999999999999981, 1.0110386924337862
1.0000000000000044, 0.9544791925759489
1.0000000000000004, 1.0625219838427868
0.9999999999999974, 1.0193815146578964
1.000000000000005, 0.9827862716807353
0.9999999999999969, 1.018556634084389
0.9999999999999997, 0.9180826800539901
1.0000000000000016, 0.9938722942796736
1.000000000000001, 1.0270648890471492
1.0000000000000033, 0.9478006081484147
0.9999999999999968, 1.0127340920551924
0.9999999999999987, 0.9640777871844721
0.9999999999999961, 1.0235651662549832
1.0000000000000013, 0.9576496553889077
0.9999999999999991, 0.9518637339058524
1.0000000000000002, 1.0406268972952268
1.0000000000000004, 0.8946111046656116
0.9999999999999981, 1.0565862277019373
0.9999999999999961, 0.9986859529726649
1.000000000000001, 1.0320478862612301
1.0000000000000027, 1.086074500191587
0.9999999999999993, 0.9976580071264474
0.999999999999999, 1.0202173767516736
0.9999999999999987, 0.9727253100985878
0.9999999999999997, 1.0178456506820188
0.9999999999999998, 1.0012824849690232
1.0000000000000007, 0.9956509379760912
1.0000000000000042, 1.0290066949527978
0.9999999999999982, 0.9551320402195913
1.0000000000000044, 1.0013544014460525
1.0000000000000016, 0.9757432522589337
1.0000000000000033, 1.0456142188044908
0.9999999999999998, 1.0169438667318418
1.0000000000000013, 1.0358407844326196
0.9999999999999999, 0.9769124586779071
1.0000000000000016, 0.9813548169914225
0.9999999999999993, 1.0275955781286206
1.0000000000000033, 0.9938998226527709
0.9999999999999961, 0.9276408258909169
0.9999999999999997, 0.938486568904365
0.9999999999999976, 1.0242932915546241
0.9999999999999994, 1.0651463429985422
0.9999999999999992, 0.99133146112225
1.000000000000002, 0.8945199282665158
0.9999999999999977, 0.9297485450315385
0.9999999999999986, 0.9659779267500882
0.999999999999999, 0.9201060997526105
1.0000000000000007, 1.0853483525779106
0.9999999999999987, 0.9937971182067504
1.0000000000000027, 0.9926235419036828
1.000000000000001, 0.9781249873132422
0.9999999999999966, 1.0691992710346399
0.9999999999999967, 0.9909021950651083
0.9999999999999992, 0.967823504950814
0.9999999999999993, 1.0289417758812918
1.0000000000000018, 0.9514135392118389
1.0000000000000002, 0.9827811651067718
1.0000000000000049, 1.0340753505859668
0.9999999999999973, 0.9935050574665566
0.9999999999999994, 0.953780512695836
1.0000000000000062, 1.0041637437477484
1.0000000000000027, 1.0022682536867042
1.0000000000000027, 0.9916869459635348
0.9999999999999993, 0.9619412383487449
1.000000000000002, 0.9898450718557288
1.000000000000001, 0.9902659504868713
0.999999999999999, 1.0670343384197185
1.0000000000000013, 1.0246923500208098
1.0000000000000027, 1.0003616314301202
0.9999999999999984, 1.0249613235635466
0.9999999999999992, 1.0071896314669
0.9999999999999963, 1.0123603865551292
0.9999999999999984, 1.0094260606911647
0.999999999999996, 1.0300625084775579
0.9999999999999992, 1.0333603346430924
1.0000000000000027, 1.0199686112842268
0.9999999999999972, 0.9694941333421367
1.0000000000000024, 0.998182130927756
0.9999999999999966, 0.9798738704910241
1.0000000000000022, 0.9821984231391987
1.0000000000000002, 1.0380826070580138
1.0000000000000007, 1.0145608124993957
1.0000000000000013, 1.013805849359332
1.0000000000000004, 1.0381729652908631
0.9999999999999971, 0.9690149412969666
0.9999999999999978, 1.060953265390649
1.0000000000000016, 0.9830092073329887
1.0000000000000047, 1.0023103283590582
1.0, 0.9321849769859747
0.9999999999999999, 0.9782159533570783
0.9999999999999989, 1.0308710410643178
0.9999999999999974, 0.9741885017545123
0.9999999999999926, 1.028251499811414
0.9999999999999993, 0.959734130099814
1.0000000000000007, 1.053989649019509
1.0000000000000038, 1.002544508595036
1.0000000000000027, 1.0300698809058997
1.0000000000000002, 0.9622856318696679
0.9999999999999983, 1.005404773969963
0.9999999999999999, 1.015871116940102
1.0000000000000007, 1.0520292016443462
1.0, 1.0513529320798363
0.9999999999999976, 1.0158614637632395
1.0000000000000009, 0.9933609839797457
0.9999999999999991, 0.9669289064559681
0.9999999999999993, 1.0380438710864226
0.9999999999999994, 0.979550016270506
0.9999999999999994, 0.9437212576278624
0.9999999999999974, 1.0285866782285287
0.9999999999999982, 1.018668980142261
1.0000000000000007, 0.9875645821927371
1.0000000000000007, 0.9863786444874441
0.9999999999999977, 0.9901334902979486
0.999999999999998, 0.9881320257518473
0.999999999999998, 0.9688941429775569
0.9999999999999983, 0.9631206555452476
0.9999999999999986, 1.0217997591062788
0.9999999999999987, 0.9987952948699893
1.0000000000000009, 1.0654116829547164
1.0000000000000009, 1.0427457833805374
1.0000000000000007, 0.9406757890116186
0.9999999999999963, 1.0056290546485662
1.0000000000000056, 1.0267121315581376
0.9999999999999958, 0.9952623579122459
0.9999999999999957, 1.0273259504388808
1.0000000000000016, 1.0953792975422882
1.0000000000000024, 0.9430798191580804
1.0000000000000002, 1.0108789924716604
1.0000000000000018, 1.0063894578450496
0.9999999999999969, 0.970985173399815
0.999999999999998, 0.9430035774029315
1.0000000000000016, 1.015216744121369
0.9999999999999982, 0.9950445383125339
1.0000000000000013, 0.9757491529075165
0.9999999999999989, 0.985016706961381
0.9999999999999981, 1.0823885651546337
0.999999999999999, 0.8861668827760009
1.000000000000002, 1.056398852999214
0.9999999999999963, 1.0470607551189697
0.9999999999999998, 1.014764747353179
1.000000000000001, 1.0044567681137146
0.9999999999999983, 0.9010730075537933
1.0000000000000013, 0.9862145133636501
0.9999999999999977, 1.0168888850322988
1.0000000000000016, 0.898663266284375
1.0000000000000016, 0.9962448441980861
0.9999999999999949, 0.9651949895550149
1.0000000000000002, 0.9864489039056721
0.9999999999999974, 1.0527837390747317
0.999999999999998, 0.9359503203676687
0.9999999999999992, 1.0697891252824434
1.000000000000001, 0.9769145490969846
1.0000000000000036, 1.036225772601788
1.0000000000000033, 1.0135025201409127
0.9999999999999994, 1.0371924784250761
1.0000000000000022, 0.9986226194299739
0.9999999999999992, 0.9666642987663944
0.9999999999999967, 1.0067797656550705
1.0000000000000029, 1.088134289169774
1.0000000000000004, 1.0454764632503448
0.9999999999999974, 1.060061865444411
0.9999999999999999, 1.0782659092197822
1.0000000000000016, 1.0021432751744472
0.9999999999999997, 0.9967100249618029
0.9999999999999983, 0.9843351522441823
1.000000000000003, 0.9741078841105802
0.9999999999999986, 0.9703237203718902
1.0000000000000016, 1.0210654659256098
1.0000000000000013, 0.9596175562148737
1.0000000000000007, 1.032457817774601
1.0000000000000007, 1.0298130477986045
1.0000000000000016, 1.0433595743677317
0.9999999999999989, 1.0637472081263153
0.9999999999999991, 0.9944109904795284
1.000000000000004, 0.993089471794317
0.999999999999996, 0.9963659660465451
0.9999999999999992, 0.9964518056294286
1.0000000000000036, 0.9736912966372441
0.9999999999999951, 1.0492645779206924
0.9999999999999998, 0.9877649214963979
0.9999999999999993, 1.0297114877641365
0.9999999999999997, 0.9541788032220959
1.0000000000000004, 0.9612045177994689
0.9999999999999983, 1.007209866007082
0.9999999999999978, 1.0283420055402934
0.9999999999999968, 1.1014772352768172
1.0000000000000075, 0.9834996584597983
0.9999999999999961, 0.9482447770426528
1.0000000000000007, 1.0448075975462316
1.000000000000004, 1.0562235947727463
0.9999999999999993, 0.976313489792032
1.0000000000000038, 1.0407188408969616
0.9999999999999989, 1.0077350358417791
0.9999999999999998, 0.958379231727738
1.0000000000000033, 1.0682102089264496
0.9999999999999997, 0.9796983816667085
0.9999999999999984, 0.9927673441992849
0.9999999999999966, 1.044812951844379
0.9999999999999978, 0.9737203782749855
0.9999999999999983, 0.9957108646947965
1.0000000000000062, 1.0138111132151668
1.0000000000000007, 0.9424348130117621
1.0000000000000027, 0.962374598419093
0.9999999999999967, 1.0247525379796945
1.0000000000000007, 1.025589671933211
1.0, 0.9972502207787526
1.0000000000000022, 0.9605187970365721
1.0, 1.055388781940627
1.000000000000002, 0.9731054699414651
0.9999999999999963, 0.9749005052525846
0.9999999999999993, 1.1215250552275275
1.0000000000000013, 0.996342767985495
0.9999999999999963, 0.9666352743205734
1.000000000000003, 0.9630502268918282
1.0000000000000036, 1.0980760764238522
0.9999999999999982, 0.9910161274051156
0.9999999999999972, 1.0148449531034072
