ATE real, ATE estimado
0.9999999999999973, 0.7920460792242708
0.9999999999999976, 0.7565685056735769
0.9999999999999959, 0.7653041094862384
1.000000000000001, 0.7593536125326429
0.9999999999999981, 0.7450942173964957
0.9999999999999981, 0.7953966961310514
1.0, 0.7172945638397022
1.0000000000000042, 0.7542225289182345
0.9999999999999964, 0.7676447432014047
1.0000000000000016, 0.7628978772439128
0.9999999999999959, 0.7568448385057054
1.0000000000000064, 0.7495464009662969
0.9999999999999989, 0.774985953300594
0.9999999999999974, 0.7339409049742087
0.9999999999999991, 0.7555291546494655
1.000000000000001, 0.7682535001262046
1.0000000000000038, 0.7733264603653693
0.9999999999999998, 0.774545976253488
0.9999999999999998, 0.7415024622688989
0.9999999999999986, 0.7339149894682525
1.0000000000000036, 0.8028633517106943
0.9999999999999991, 0.7765838760863267
0.999999999999999, 0.7386954036553144
0.9999999999999971, 0.7145051554707788
1.0000000000000013, 0.7483131786821512
1.0000000000000004, 0.8105356523987942
1.0000000000000022, 0.7801672349317064
0.999999999999996, 0.7230399281465607
0.9999999999999992, 0.7407354041077646
0.9999999999999993, 0.7839941236885452
0.9999999999999973, 0.807433758546531
1.000000000000002, 0.733016843550906
0.9999999999999999, 0.7805569792119507
1.0000000000000007, 0.73825261244385
0.9999999999999992, 0.7711151574234054
1.0000000000000036, 0.7484700345786394
0.999999999999999, 0.7610745934599775
0.9999999999999992, 0.7201023624182336
0.999999999999998, 0.7627434268573082
0.9999999999999954, 0.7423926376837401
0.9999999999999998, 0.766056954336789
0.9999999999999983, 0.7791112025275798
0.9999999999999977, 0.7946675734746915
1.0000000000000044, 0.7652594070178487
1.000000000000001, 0.7909973445327967
0.9999999999999991, 0.788155116644525
1.0000000000000027, 0.7961250538392002
1.000000000000003, 0.7363665433520046
1.0000000000000009, 0.7411290156049735
1.0000000000000013, 0.7476641413404426
1.0000000000000022, 0.7376540982648535
0.9999999999999977, 0.78759331103136
1.0000000000000013, 0.7787543503476937
0.9999999999999997, 0.7500712221073362
0.9999999999999984, 0.7381794675776561
0.999999999999998, 0.7645546725827523
0.9999999999999991, 0.7173692931144988
0.9999999999999966, 0.7693155885169823
0.9999999999999989, 0.7663826617893038
1.000000000000002, 0.7257712678091718
1.000000000000003, 0.74232918381494
0.9999999999999961, 0.7318831211865351
1.0000000000000029, 0.748702275546509
1.0000000000000013, 0.7334738281118991
1.0000000000000013, 0.752372874794844
0.9999999999999991, 0.75579510299217
0.9999999999999989, 0.7160484615749649
0.999999999999996, 0.7565405534626976
1.000000000000003, 0.7863662732207543
1.0000000000000022, 0.7722062135203474
1.0000000000000022, 0.7512120588477919
0.9999999999999968, 0.7855921390159977
1.0000000000000007, 0.7615482322195404
0.999999999999998, 0.7584239668042996
0.9999999999999972, 0.7474123861820513
0.9999999999999992, 0.7191246361840531
1.0000000000000038, 0.7935555144423414
1.0000000000000002, 0.777521881834747
1.0000000000000009, 0.7479484516753605
0.9999999999999976, 0.7056310604226719
0.9999999999999968, 0.7676608837161932
1.0000000000000004, 0.732012377352117
0.999999999999999, 0.7608720159852457
0.9999999999999993, 0.7961679597685221
1.000000000000006, 0.7621363742718203
1.0000000000000027, 0.7236139609599431
0.9999999999999999, 0.7341324307208866
1.0000000000000004, 0.779041665418508
1.0000000000000027, 0.7555242980934116
0.9999999999999948, 0.7539219479974459
1.0000000000000022, 0.7880246961740904
0.9999999999999976, 0.7667767349976966
0.9999999999999971, 0.7368600538054858
1.0000000000000016, 0.7547620252187418
0.999999999999999, 0.7854056666259471
0.9999999999999981, 0.7759977526697827
1.0000000000000016, 0.7351643299733341
0.9999999999999994, 0.7697959533423848
1.0000000000000022, 0.7468388736636261
1.0000000000000033, 0.7507743151420829
1.0000000000000004, 0.7541931153363859
0.9999999999999987, 0.7503584227754326
1.0000000000000007, 0.7633378982359044
0.999999999999999, 0.7772192997159352
1.0000000000000004, 0.807275351173726
0.9999999999999978, 0.7576547967907316
0.9999999999999966, 0.742431438012221
1.0000000000000004, 0.7739253117386946
1.0000000000000024, 0.7778965186109402
0.9999999999999967, 0.723586711303856
1.0000000000000027, 0.764161909141037
1.000000000000002, 0.7271373048931222
1.0000000000000002, 0.7636949574329293
1.0000000000000049, 0.768899429970128
0.9999999999999977, 0.7948298071297198
1.0000000000000022, 0.7451827170632985
1.000000000000001, 0.7232027597215693
0.9999999999999987, 0.7524331238449277
1.0000000000000007, 0.7519042187307459
0.9999999999999976, 0.7346493425761613
1.0000000000000002, 0.7439564547639572
1.0000000000000009, 0.7029907112935851
0.9999999999999993, 0.7487103699920499
0.9999999999999942, 0.7306925519949736
1.0000000000000018, 0.7604882845111276
1.0000000000000053, 0.7202895537330151
0.9999999999999993, 0.7242279028372679
1.0000000000000002, 0.7586431976874882
1.0000000000000007, 0.758833157289115
0.9999999999999977, 0.7428081028934538
0.9999999999999987, 0.7325048251240879
1.0000000000000004, 0.7379988174672032
1.000000000000002, 0.7697280407918582
0.9999999999999998, 0.7651508191803158
1.0000000000000002, 0.8209685146961216
0.9999999999999999, 0.7382683383580729
0.9999999999999998, 0.7467726907444532
1.0, 0.7205806821153167
0.9999999999999993, 0.7144918499314363
1.000000000000001, 0.7327122131802519
1.0000000000000038, 0.7460565961330953
0.999999999999998, 0.7869531569018914
0.9999999999999997, 0.7392098432462519
0.9999999999999997, 0.7239567505445468
0.9999999999999961, 0.7428570471058793
0.999999999999996, 0.7473731294324533
0.9999999999999972, 0.7597314986991127
1.0000000000000018, 0.7305128745249205
0.9999999999999983, 0.7787553641687661
1.0000000000000024, 0.7641616490550043
1.0000000000000013, 0.7757568105955908
1.0000000000000024, 0.7786368982403287
1.0000000000000004, 0.7242200515519323
1.0000000000000016, 0.7479678672861705
0.9999999999999998, 0.7444015495721363
0.9999999999999982, 0.7497556883958924
0.9999999999999964, 0.750809329787783
1.0000000000000004, 0.7471671531878732
1.0000000000000004, 0.721662045633317
1.0000000000000027, 0.7448014453532874
1.0000000000000004, 0.7670540289155874
1.000000000000001, 0.747387281727685
0.9999999999999986, 0.7186608857130596
1.0000000000000016, 0.7379260641291389
0.9999999999999981, 0.7802202411698449
0.999999999999999, 0.7804357609246454
0.999999999999998, 0.7419370508056146
1.000000000000001, 0.7278079077532326
0.9999999999999982, 0.7974898749862736
1.000000000000005, 0.7821639843409077
0.9999999999999992, 0.7364940376756619
0.9999999999999994, 0.7609158657188744
1.0000000000000013, 0.7564679729688946
0.9999999999999964, 0.770973412314355
0.9999999999999981, 0.783003303679643
1.0000000000000018, 0.7836122449159991
1.0000000000000038, 0.7331863921694828
0.9999999999999999, 0.7346933193338466
0.9999999999999948, 0.7715593931711692
0.9999999999999987, 0.7421696363554093
0.9999999999999973, 0.7669735914869547
0.9999999999999984, 0.7792844804016417
0.9999999999999969, 0.7828873130593699
1.000000000000003, 0.7451966016935165
0.9999999999999963, 0.7612124763923913
1.0000000000000007, 0.7357749578722156
1.0000000000000024, 0.7685685749192142
0.9999999999999981, 0.7392649736801894
0.9999999999999998, 0.7638318978540732
1.000000000000001, 0.7324560590040038
1.0000000000000022, 0.7827322289885597
0.9999999999999976, 0.7167438804243825
0.9999999999999987, 0.7694231734905774
0.9999999999999994, 0.7408344536095357
1.0000000000000004, 0.7625859247804946
0.9999999999999974, 0.7357599759647917
1.0000000000000049, 0.7714908639479772
1.0000000000000007, 0.7277321678144206
1.0000000000000002, 0.7086850017684398
0.9999999999999974, 0.7476340496594965
1.0000000000000033, 0.741215234798158
1.0000000000000007, 0.7930463862156573
1.0000000000000007, 0.7411700793372804
1.0000000000000004, 0.7358205907439952
1.0000000000000007, 0.7672232323758796
0.9999999999999984, 0.731315145861408
1.0000000000000007, 0.7609128602400346
1.0000000000000029, 0.797308848112261
0.9999999999999983, 0.7546249813352994
1.0000000000000013, 0.7083569266993531
0.9999999999999999, 0.7444954984425713
1.0000000000000004, 0.7669589114865611
1.0000000000000009, 0.7651754825230722
1.0000000000000027, 0.7516799990487383
0.9999999999999998, 0.7355104445636578
0.9999999999999967, 0.7838267422187688
1.0000000000000013, 0.7175271110431093
1.0000000000000002, 0.8024418408352132
0.9999999999999998, 0.7430524809159857
1.0000000000000036, 0.7757387449291577
1.0000000000000007, 0.7378320294497356
1.0000000000000013, 0.7918810399685619
0.9999999999999989, 0.6961845011484296
1.0000000000000016, 0.7527367450893612
1.0000000000000007, 0.7564793116942029
1.0000000000000002, 0.802883864997861
1.0000000000000004, 0.7362879425701282
0.9999999999999991, 0.7458326207586234
0.9999999999999993, 0.7357955405562246
0.9999999999999978, 0.7431806431607934
1.0000000000000013, 0.7777735131333184
0.9999999999999991, 0.7572194794877392
0.9999999999999963, 0.7144381224007493
1.000000000000001, 0.739868603160253
1.0000000000000007, 0.7562559153662453
1.0000000000000002, 0.7444525619078216
1.0000000000000027, 0.7631365483910104
1.0000000000000009, 0.7572231526542124
0.9999999999999991, 0.7551654490161757
1.0, 0.8004404037093014
1.0000000000000029, 0.7604437576983838
1.0000000000000007, 0.7296139963262369
1.0000000000000029, 0.7356607786727475
1.0000000000000047, 0.7688137903073882
0.9999999999999952, 0.7606555120282514
1.0000000000000016, 0.8023257394583209
1.0000000000000007, 0.7833925716474085
1.000000000000002, 0.7319189679930024
1.0000000000000004, 0.753088233400223
1.0, 0.7749480410424433
0.9999999999999993, 0.7817357227119316
1.0000000000000027, 0.7603408223549885
1.000000000000002, 0.752231754100924
1.000000000000003, 0.7703345524863735
0.9999999999999961, 0.7737907609450687
0.9999999999999997, 0.7280915980424477
0.9999999999999993, 0.7630641543724379
0.9999999999999973, 0.717375042500544
1.0000000000000022, 0.8208375799484495
0.9999999999999994, 0.7465471744491234
0.9999999999999959, 0.7261048608885516
1.0, 0.7424509821455849
1.000000000000005, 0.7555547251316679
0.9999999999999966, 0.7482238736912835
0.9999999999999998, 0.7621690077580046
0.9999999999999997, 0.7243190096728545
1.000000000000001, 0.726385174920868
1.0000000000000004, 0.7960429451687585
1.0000000000000038, 0.718355947483313
1.000000000000001, 0.7279055920772842
1.0000000000000007, 0.7640538386861366
1.000000000000002, 0.7559450212346407
1.0000000000000029, 0.774714238737398
1.000000000000002, 0.7803171827563975
1.0000000000000029, 0.7686035556440277
0.9999999999999998, 0.7126831108936073
1.0000000000000018, 0.7397643683265104
0.9999999999999999, 0.776479250158112
1.0000000000000007, 0.788814379118818
0.9999999999999963, 0.7546338431774378
1.0000000000000004, 0.7778481764052637
0.9999999999999987, 0.7424569839943967
0.9999999999999989, 0.751479161652643
1.0000000000000009, 0.7224633377928311
1.0000000000000007, 0.7652007156259345
0.9999999999999986, 0.7144886803651277
1.000000000000004, 0.7664008437598329
1.0000000000000016, 0.7520481519203586
0.9999999999999999, 0.7639562519385846
1.0000000000000036, 0.7458549000588569
0.9999999999999959, 0.7341624505779336
1.000000000000002, 0.7215914766165261
1.0000000000000027, 0.7720497958062946
0.9999999999999968, 0.7693754327126135
0.9999999999999983, 0.8042280002404707
0.9999999999999976, 0.7113275437436981
1.0, 0.7474172581430442
0.9999999999999992, 0.7350427292796156
1.0000000000000004, 0.7266998973407861
0.9999999999999967, 0.7534262660921225
1.0000000000000004, 0.7240424802797222
0.9999999999999961, 0.6919689018662655
0.9999999999999981, 0.725834271121807
1.0000000000000024, 0.7266425198899004
1.0000000000000016, 0.7516631878433958
0.9999999999999961, 0.7586367617162599
0.9999999999999992, 0.7361624316268067
0.9999999999999972, 0.7223651422292492
0.9999999999999986, 0.7945477231844247
0.9999999999999983, 0.7931647531092589
0.9999999999999976, 0.7703062726427043
1.0000000000000044, 0.7757803750902261
0.9999999999999998, 0.7566814103651738
0.9999999999999987, 0.7144406852461326
0.9999999999999983, 0.7332612415519287
1.0000000000000004, 0.7403132502785464
0.9999999999999992, 0.7604558913850041
0.9999999999999994, 0.7533896297403501
1.0000000000000002, 0.7117000261344991
0.9999999999999983, 0.7571831599829488
1.000000000000002, 0.762003362545386
1.0000000000000027, 0.749421083459112
1.0000000000000007, 0.6800047880774032
1.0000000000000027, 0.7316280182327319
0.9999999999999992, 0.7404817304944437
1.0000000000000029, 0.7459923573384386
1.0000000000000029, 0.7000837256094756
0.9999999999999991, 0.7315514848792166
0.999999999999999, 0.7748855976280673
0.999999999999998, 0.7425484145627955
0.9999999999999992, 0.704286332411999
1.0000000000000027, 0.7551546032851302
0.9999999999999987, 0.7499430181971569
1.000000000000004, 0.7389954737767896
0.9999999999999976, 0.7578751513367644
0.9999999999999984, 0.7704893336912205
1.0000000000000018, 0.7559151634589043
1.0000000000000036, 0.8149791414170056
1.0000000000000004, 0.7282545912473242
1.0000000000000004, 0.7139190844250731
1.0000000000000016, 0.757021460958526
1.0000000000000004, 0.7672024473064872
1.0000000000000016, 0.742733415587195
0.9999999999999994, 0.7259602807165377
0.999999999999999, 0.7394472603249743
0.9999999999999971, 0.7824555012572367
0.9999999999999981, 0.7666736250159782
1.0000000000000018, 0.7265340970981367
1.0000000000000022, 0.732863326615636
0.999999999999998, 0.7363477767888439
0.9999999999999992, 0.7910681317617441
1.0000000000000016, 0.7525104362806332
1.0000000000000009, 0.7495980251205773
0.9999999999999994, 0.697485918880566
1.0000000000000036, 0.7870760217597109
1.0000000000000016, 0.7901308223332209
1.0, 0.7589795797593452
1.0000000000000002, 0.7372429213082671
0.9999999999999984, 0.7765725088799394
0.9999999999999961, 0.7725040105927742
1.0000000000000069, 0.724360021474493
1.0000000000000004, 0.7204597921464968
1.0000000000000009, 0.7586509237898346
1.000000000000001, 0.7650296323706083
0.9999999999999984, 0.7662087682865051
1.0000000000000004, 0.7459427164103076
0.9999999999999968, 0.699263577889494
0.999999999999999, 0.7725681178623692
0.9999999999999991, 0.7849135128325735
1.0000000000000062, 0.7863711966308035
1.0000000000000016, 0.7521318619792159
1.0000000000000016, 0.7494106660148014
1.0000000000000029, 0.7707342588782251
1.0000000000000007, 0.7420813929002785
0.9999999999999967, 0.7545128565632586
1.0000000000000064, 0.7102316537787092
0.999999999999999, 0.7082351314536467
0.9999999999999974, 0.7328125207540267
0.999999999999999, 0.7190641369010428
1.0000000000000002, 0.7629329414626944
0.9999999999999989, 0.7183307294854934
0.9999999999999997, 0.7440907551151255
0.9999999999999976, 0.7576292063251492
0.999999999999998, 0.7230924555770812
1.0000000000000004, 0.7514261875712155
0.9999999999999991, 0.7335607791614247
0.9999999999999984, 0.7492766787705545
0.9999999999999986, 0.7101463175477242
1.0000000000000047, 0.7581753299431064
0.9999999999999997, 0.7754344671564031
0.999999999999998, 0.7488818821164052
1.0000000000000004, 0.7685345552644834
1.0000000000000004, 0.7309997018177176
1.0000000000000004, 0.7515773724054936
0.9999999999999993, 0.7370792132472398
0.9999999999999968, 0.7543691453768565
1.0000000000000016, 0.7248830453844023
1.0000000000000013, 0.724605441548415
1.0000000000000056, 0.7646144011389422
0.9999999999999977, 0.750581827134277
0.9999999999999971, 0.7324563147393267
1.0000000000000016, 0.7440106121250528
0.9999999999999977, 0.772912564659758
1.0000000000000007, 0.7467863954314139
0.9999999999999984, 0.7644902150455524
1.0000000000000007, 0.759964706055945
0.9999999999999987, 0.8079324401730551
0.9999999999999993, 0.7593120275585672
0.9999999999999959, 0.793346454051499
0.9999999999999974, 0.7461338548283072
0.9999999999999964, 0.72971247130077
1.0000000000000004, 0.7601130795228297
1.0000000000000007, 0.7660206335313013
0.9999999999999971, 0.7697509630016237
1.0000000000000042, 0.7723547014851184
1.0000000000000009, 0.7313807697483694
1.0000000000000024, 0.7366126115528485
0.9999999999999944, 0.7661112974237848
0.9999999999999994, 0.7989391762719055
0.9999999999999998, 0.8044219503560646
0.9999999999999964, 0.6979044192672661
0.9999999999999998, 0.7505482798030908
0.9999999999999992, 0.7531994661303231
1.0000000000000007, 0.7556041624303891
0.9999999999999974, 0.7307497257821163
1.0000000000000004, 0.7372576366050981
1.0000000000000004, 0.7340497106618209
0.9999999999999958, 0.746038438815024
1.0000000000000007, 0.7306097567650924
0.9999999999999982, 0.7558777053495881
1.0000000000000033, 0.7676425678577958
1.0000000000000009, 0.7339796669983315
1.0000000000000033, 0.7327495490867526
0.9999999999999989, 0.7687428815042765
1.0000000000000016, 0.7303238850023164
0.9999999999999998, 0.7410031051920443
1.0000000000000042, 0.7755301988246166
1.0000000000000004, 0.7634904380943053
0.9999999999999987, 0.7382586833712778
1.0000000000000009, 0.7670210168649554
1.0000000000000007, 0.7993964807653112
1.0000000000000013, 0.731751676956896
1.000000000000002, 0.7401970347836895
0.9999999999999986, 0.7595178588471818
0.9999999999999936, 0.7442222524892959
1.0000000000000004, 0.749362928351823
1.0000000000000013, 0.7417390719598658
0.9999999999999942, 0.7443866497962011
1.0000000000000027, 0.7707937990760758
0.9999999999999989, 0.7637100434887734
1.0000000000000018, 0.7524471334151199
0.9999999999999991, 0.7348142242255599
0.9999999999999987, 0.7765668108906374
1.0000000000000009, 0.7659610255016566
0.9999999999999982, 0.7749113717661884
0.9999999999999991, 0.7404682275993262
0.9999999999999978, 0.6976967658828468
0.9999999999999981, 0.762626927674477
0.9999999999999993, 0.7853037664963572
0.9999999999999972, 0.7906491549601534
1.0000000000000007, 0.7864994303258062
0.999999999999999, 0.7426869547947313
0.999999999999996, 0.7634852774141606
1.0000000000000004, 0.703689108927823
1.0000000000000016, 0.7665042558976083
1.000000000000002, 0.7300378799178162
1.0, 0.7494960619876345
0.9999999999999968, 0.688137507488817
1.0000000000000002, 0.7687658417912583
1.0000000000000033, 0.7785175889089612
1.0000000000000007, 0.7104125169408837
0.9999999999999994, 0.7552687944338651
1.0000000000000004, 0.7482770755217876
0.999999999999999, 0.7430090799722385
0.9999999999999986, 0.7601626360130274
1.0000000000000047, 0.7350168929131758
0.9999999999999987, 0.7286560707783418
1.0000000000000004, 0.7217013147094564
0.9999999999999971, 0.748642886123527
0.9999999999999964, 0.755044195495648
1.0000000000000022, 0.7533429987093307
1.0000000000000018, 0.7492396733129025
1.0000000000000016, 0.7500616455654805
1.0000000000000007, 0.7695550115283706
0.9999999999999982, 0.7845423801094824
0.9999999999999987, 0.7647830555784247
1.0000000000000033, 0.7952329175026386
0.9999999999999977, 0.7289272503761897
0.9999999999999999, 0.7724061599525288
0.9999999999999983, 0.7389508185932921
0.9999999999999984, 0.7515485959811643
1.0000000000000029, 0.7574247132525922
1.0000000000000004, 0.755851219297817
1.000000000000002, 0.7385981591627409
1.0000000000000027, 0.7830150245845533
0.9999999999999963, 0.728067581755927
1.0000000000000004, 0.7405442779647076
1.0000000000000016, 0.7532087005291109
1.0000000000000004, 0.7302023262135572
1.000000000000002, 0.7732477808116676
1.0000000000000004, 0.7606014188674637
0.9999999999999981, 0.7660294658110955
0.9999999999999989, 0.7636777405848036
0.9999999999999999, 0.7350463344176997
0.9999999999999964, 0.7843695497290994
0.999999999999999, 0.7569872822438706
1.0000000000000007, 0.7582179655924868
0.9999999999999986, 0.7618363035635871
0.9999999999999983, 0.7513961077904262
1.0000000000000022, 0.7212839579530154
0.9999999999999993, 0.7537501270146318
1.000000000000003, 0.7710170240982384
1.000000000000002, 0.7457983807377829
1.0000000000000007, 0.7361854612919945
1.0000000000000004, 0.757906880184384
0.9999999999999978, 0.7550884812432825
1.0000000000000038, 0.7212894278877969
1.0000000000000002, 0.7361450067883786
1.000000000000002, 0.7306320000650788
1.0000000000000042, 0.7131083588863322
0.999999999999998, 0.7825491182828265
1.000000000000004, 0.7339172456143397
1.0000000000000007, 0.7108834085543733
0.9999999999999982, 0.778506104531029
1.0000000000000038, 0.7516885283009773
1.0000000000000027, 0.7454219082866409
1.0000000000000049, 0.7487076509948278
1.0000000000000027, 0.7879255015335164
0.9999999999999991, 0.7629539820142985
1.000000000000002, 0.7371425419431878
1.000000000000002, 0.7894615950909599
0.9999999999999958, 0.7750385409130393
0.9999999999999973, 0.709147074195907
0.999999999999999, 0.7400554730139968
1.0000000000000013, 0.7476395029669551
1.0000000000000004, 0.7822339494001771
0.999999999999998, 0.7524460174360472
1.000000000000001, 0.7566397624839718
1.0000000000000016, 0.7772799309088572
0.9999999999999991, 0.706343963091745
0.9999999999999983, 0.742089724069966
1.0000000000000018, 0.7755635282074524
1.0000000000000024, 0.7650330101192452
0.9999999999999986, 0.7603006422965453
0.9999999999999987, 0.707152831143773
1.0000000000000002, 0.7854646980884159
1.0000000000000016, 0.7524842392320488
1.0000000000000007, 0.7663202517378392
1.0000000000000027, 0.7430050768498323
0.9999999999999978, 0.7227569137955945
1.0000000000000007, 0.7925255747131986
1.0000000000000022, 0.7669924411870258
0.9999999999999984, 0.7519511628982978
0.9999999999999977, 0.6927215017784368
1.0000000000000016, 0.7243980255734236
1.0, 0.7095502558989223
1.0000000000000027, 0.7385610981144527
0.9999999999999991, 0.771315504298278
0.999999999999999, 0.7611454504828696
1.0000000000000013, 0.8089289420720979
0.9999999999999972, 0.76358736973046
1.0000000000000027, 0.7624472487993544
0.9999999999999952, 0.7437102534692387
0.9999999999999947, 0.7182869076084707
1.0000000000000004, 0.7400998132205621
1.000000000000002, 0.7358015455566629
1.000000000000001, 0.8020169058288769
0.9999999999999966, 0.745161571882338
1.0000000000000024, 0.7484710938712382
0.9999999999999983, 0.7446271166491493
0.9999999999999989, 0.7511497955845721
1.0000000000000016, 0.7458050464463306
1.000000000000002, 0.7348559053340811
1.0000000000000022, 0.7169214497617576
1.0000000000000027, 0.7353163987469251
1.000000000000001, 0.7468767553525323
0.9999999999999973, 0.7670266478143751
0.9999999999999986, 0.7552591493618434
0.9999999999999959, 0.7610766441600755
1.0000000000000016, 0.7467990076387547
1.0000000000000018, 0.7632556116602798
1.000000000000001, 0.6936140043678177
1.0000000000000022, 0.7531483738196261
0.9999999999999977, 0.7520917419748151
0.9999999999999968, 0.7493516665189877
1.0000000000000022, 0.7993828339425093
1.0000000000000056, 0.6966849488558328
1.0000000000000007, 0.7753905414954875
1.000000000000002, 0.7516627902707139
0.9999999999999997, 0.7539542546457672
1.000000000000003, 0.7638754687014918
1.0000000000000038, 0.7324042180842806
0.999999999999998, 0.729644431259995
0.9999999999999954, 0.731587799058326
0.9999999999999983, 0.759836502278747
1.0000000000000016, 0.7626230746115403
0.9999999999999966, 0.7713162750869964
1.0000000000000002, 0.7838512388993143
0.9999999999999997, 0.7699010057141096
0.9999999999999994, 0.7525865500001447
0.9999999999999984, 0.7419640311537974
0.9999999999999986, 0.7508628315158579
1.0000000000000016, 0.7522964924475026
1.0000000000000007, 0.7359966059939711
1.0000000000000029, 0.7176711044270498
1.0000000000000004, 0.7220581655526199
1.0, 0.7333731169698471
0.999999999999998, 0.7957673492080438
1.0, 0.79614892634482
1.0000000000000013, 0.7744514066506039
1.0000000000000013, 0.7148109978452437
0.999999999999998, 0.7185024998465214
1.0000000000000029, 0.7467189649659898
1.0000000000000024, 0.7713461232163792
0.9999999999999987, 0.7654431242820827
0.999999999999998, 0.779490208592709
0.9999999999999971, 0.7392710891278689
0.9999999999999986, 0.7386385877689526
0.9999999999999991, 0.7842513899844152
1.0, 0.7735753994383412
1.0000000000000036, 0.7779188119832032
0.9999999999999993, 0.7803154810258377
0.9999999999999982, 0.7303757328681763
1.0000000000000036, 0.7923428094683729
1.000000000000002, 0.7389050214275088
1.0000000000000013, 0.7618450003751205
1.0000000000000024, 0.7551751682499178
1.0000000000000007, 0.7437967520989448
1.0, 0.7490318355278736
1.0000000000000016, 0.7670825173243263
0.9999999999999977, 0.7105211354489617
1.0000000000000002, 0.7448954536279411
1.0000000000000004, 0.74472276067582
1.0, 0.7474000539782683
0.9999999999999989, 0.7609595811043124
0.9999999999999987, 0.7503404211910354
1.000000000000001, 0.7585075788306971
1.0000000000000009, 0.7483282131070977
0.9999999999999966, 0.7797453282360856
0.9999999999999966, 0.7647527253448311
0.9999999999999994, 0.7673808177311319
1.0000000000000013, 0.7747771853023253
1.0000000000000004, 0.7891322039851014
0.9999999999999997, 0.7581140401779904
0.9999999999999984, 0.7653075877234476
1.0000000000000002, 0.7413819118935548
1.000000000000001, 0.7010287605300529
1.0000000000000029, 0.748194788281078
1.0000000000000004, 0.7253802425070204
1.0000000000000002, 0.7902504813209469
1.0000000000000004, 0.7778768736174568
1.0000000000000053, 0.6959020823320398
1.000000000000001, 0.7739197470223115
0.9999999999999999, 0.769748794046868
1.0000000000000007, 0.7387774381168241
1.000000000000001, 0.7896719636449473
1.0000000000000029, 0.721790414568194
0.9999999999999999, 0.7488745282812405
1.0, 0.7455930704444648
1.0, 0.6861967009237455
0.9999999999999976, 0.7879100176345629
1.0000000000000007, 0.7242538169388973
0.9999999999999984, 0.7842925209895437
1.0000000000000013, 0.766989682162162
1.0000000000000007, 0.7605716856387513
0.9999999999999987, 0.7454072521866209
0.9999999999999972, 0.7563857705897097
0.9999999999999984, 0.7510110629463653
1.000000000000001, 0.7380117209754055
0.9999999999999982, 0.7065105919759671
0.9999999999999974, 0.805433413276488
0.9999999999999981, 0.7536954246392269
1.0000000000000027, 0.7446106454816813
1.0000000000000009, 0.7863291674460052
1.0000000000000007, 0.7517825383753911
0.9999999999999977, 0.7438504894318573
0.9999999999999992, 0.7361776705116461
1.0000000000000036, 0.7756760137797577
0.999999999999999, 0.7827622781576394
1.0000000000000004, 0.7205943707235613
1.0000000000000007, 0.6919608292729644
1.0000000000000029, 0.7494379994080367
0.9999999999999999, 0.7519942803630854
1.000000000000005, 0.7117950814461089
0.9999999999999982, 0.7516639192309492
1.0000000000000007, 0.7271733047354555
1.0000000000000007, 0.7847279944275257
0.9999999999999994, 0.7573193569759065
1.0000000000000049, 0.7338221213519148
0.9999999999999974, 0.7321904934028748
0.9999999999999994, 0.7542022620261859
0.9999999999999993, 0.7358768722069395
0.9999999999999978, 0.7315135235255522
1.0000000000000009, 0.7473257055101654
1.0000000000000024, 0.7912823353242053
1.0000000000000004, 0.7533749820047654
1.0000000000000004, 0.732412847733029
0.9999999999999994, 0.7228255645205255
1.000000000000003, 0.7462664019999402
1.0000000000000002, 0.746030529112792
0.9999999999999973, 0.7443632268159026
0.9999999999999999, 0.7708531978381008
0.9999999999999959, 0.7887650655122266
1.000000000000001, 0.754559387779808
0.9999999999999951, 0.7425401508178509
1.0000000000000004, 0.7513838283630759
1.0000000000000022, 0.723678729185285
1.0000000000000002, 0.7400477056355258
0.9999999999999969, 0.6978505568198055
0.9999999999999968, 0.7740544644066776
0.9999999999999992, 0.7990148067981171
0.9999999999999983, 0.7475837012063435
0.9999999999999994, 0.7584759400375771
0.9999999999999999, 0.7474929177193772
0.9999999999999984, 0.7776449854565592
0.9999999999999978, 0.7333197840279156
1.0000000000000007, 0.7569791873152737
1.0000000000000056, 0.8089348465472559
0.9999999999999964, 0.7522169395571383
1.0000000000000009, 0.7494478617595093
1.0000000000000064, 0.7340704926193434
1.0000000000000002, 0.7829674916033442
1.0000000000000013, 0.7891146084093295
1.0000000000000018, 0.8046952772932141
0.999999999999999, 0.73993389516561
1.0000000000000044, 0.744116042862662
0.9999999999999993, 0.7267174262349743
0.9999999999999984, 0.7487256916706044
1.0000000000000004, 0.7798448243856604
1.0000000000000013, 0.7601279643531136
1.0000000000000002, 0.7825072708897419
0.9999999999999972, 0.7452450145312772
1.0000000000000002, 0.7823409048544624
0.9999999999999983, 0.7377000027689521
0.9999999999999968, 0.7754510649509632
0.9999999999999981, 0.7541370330581039
1.0000000000000004, 0.7414401765097447
0.9999999999999999, 0.7343408057329789
0.9999999999999984, 0.7825906991527488
0.9999999999999973, 0.7932786258363738
1.000000000000001, 0.7499846217273025
1.0000000000000013, 0.7216770780118671
0.9999999999999974, 0.6968827759591546
0.9999999999999978, 0.7087752573840983
0.9999999999999971, 0.7165539117990356
1.0000000000000016, 0.7533211507282255
0.9999999999999984, 0.7961518230639253
1.000000000000004, 0.7303808910384405
0.9999999999999956, 0.7646096666941168
1.000000000000002, 0.7433195336350971
0.9999999999999972, 0.7438645713756624
1.0000000000000033, 0.807328619966041
0.9999999999999983, 0.7304604498470539
1.0000000000000004, 0.748545412629221
1.0000000000000004, 0.7559315377280285
1.0000000000000036, 0.7279641005995571
1.0000000000000004, 0.7474254692343327
1.0000000000000002, 0.752401307770151
0.9999999999999991, 0.7844672769759737
0.9999999999999993, 0.707974424880302
0.9999999999999967, 0.7298241204396843
0.9999999999999977, 0.7682228206809489
1.0000000000000016, 0.813505196268001
1.000000000000002, 0.7612849547967317
1.0000000000000044, 0.7164158543255701
1.0000000000000013, 0.7595195350827684
1.0000000000000018, 0.765446245786082
1.0000000000000002, 0.745800660399363
1.0000000000000013, 0.7789550909410728
1.0000000000000007, 0.7669802255585503
0.9999999999999989, 0.7239587869375609
1.0000000000000018, 0.7873223584558354
0.9999999999999989, 0.8000693315604381
1.0000000000000013, 0.7567639674117893
1.000000000000001, 0.7326370443975745
1.0000000000000004, 0.7471000501947165
0.9999999999999993, 0.7368597671214616
0.9999999999999994, 0.7507801376843423
0.9999999999999989, 0.7500438921000234
1.0000000000000022, 0.7380006248268953
1.0000000000000013, 0.7878806296983152
0.9999999999999976, 0.7190061368819023
0.9999999999999973, 0.6997442676338907
0.9999999999999993, 0.7542232909090026
0.9999999999999966, 0.738955688780073
0.9999999999999991, 0.7559870678138843
1.0000000000000004, 0.8084130413803714
1.0000000000000033, 0.7687309126753952
1.000000000000003, 0.7774842119191566
0.9999999999999991, 0.7686505673576669
0.9999999999999983, 0.7522138224509655
0.9999999999999978, 0.7537981144367141
0.9999999999999973, 0.7750847122766239
0.9999999999999993, 0.7239442098746784
1.0000000000000002, 0.7792035747402031
1.000000000000004, 0.7563146854973685
1.0000000000000002, 0.7183011561724079
1.000000000000001, 0.768472499169651
0.9999999999999982, 0.7478412382997621
0.999999999999999, 0.7812964614706247
0.9999999999999997, 0.7256092424467229
0.9999999999999991, 0.7392269709715436
0.9999999999999992, 0.7240880951109493
1.0000000000000002, 0.702990563588213
1.0, 0.7605187692652076
0.9999999999999961, 0.7598953356605129
1.0000000000000002, 0.7453703862521978
1.0000000000000016, 0.7489276937676979
0.9999999999999987, 0.7301273665939572
1.0000000000000013, 0.7791004244866693
1.0000000000000007, 0.753506161344774
0.999999999999999, 0.7224031233185495
1.0000000000000004, 0.7351983289022017
0.9999999999999982, 0.7830812161013989
0.9999999999999983, 0.73908053808084
1.0000000000000004, 0.7624034817139259
0.9999999999999992, 0.7291597766243706
1.0000000000000004, 0.7264682884316
1.000000000000001, 0.7616306944659083
0.9999999999999993, 0.7200460252482103
1.0000000000000004, 0.7536562863731494
0.9999999999999966, 0.7618929007105587
0.9999999999999992, 0.7448447496859268
1.0000000000000004, 0.7160965977052527
0.9999999999999964, 0.7393108110605933
0.9999999999999967, 0.7703027771721638
0.9999999999999987, 0.7533837972470022
1.0000000000000007, 0.7404409039156199
0.9999999999999997, 0.7953862597457864
1.0000000000000013, 0.771261144246332
0.9999999999999994, 0.7466104923180757
0.9999999999999971, 0.7303518646433057
1.0000000000000038, 0.731604327584854
0.9999999999999994, 0.7437553400329961
0.9999999999999973, 0.7071583990895302
0.9999999999999963, 0.7628079243834696
1.0000000000000004, 0.7690888158280644
1.0000000000000022, 0.713066905694025
1.000000000000001, 0.7027482611557155
1.0000000000000027, 0.7475863381745149
1.0000000000000013, 0.7535808036642199
0.9999999999999998, 0.7694748047807146
1.0000000000000004, 0.7862974494006055
0.9999999999999978, 0.7439241526517272
1.0000000000000016, 0.8145035109456918
1.0000000000000027, 0.737575594716066
1.0000000000000029, 0.782200459945355
1.000000000000001, 0.7612689065159124
1.000000000000002, 0.7741595571381276
1.0000000000000002, 0.7564484427145913
1.0000000000000029, 0.752564571073862
0.9999999999999997, 0.7523261382068922
0.9999999999999987, 0.756571186158784
1.0000000000000002, 0.7450326018510941
1.0000000000000038, 0.7667030396881345
1.0000000000000022, 0.7766808182336098
0.9999999999999984, 0.7629966395069034
0.9999999999999969, 0.7279004066144472
0.9999999999999997, 0.7105032197699124
0.9999999999999992, 0.7374799532734938
1.0000000000000078, 0.7219612713153325
1.0000000000000049, 0.7284967288286294
0.9999999999999963, 0.7649871567676254
1.0000000000000009, 0.7329863749632329
1.0000000000000016, 0.7675954517770665
0.9999999999999966, 0.6775646830589781
1.0000000000000004, 0.7496106149164969
0.9999999999999998, 0.7855019233650846
1.000000000000001, 0.7473368207168852
1.0, 0.7417654984904053
1.0000000000000013, 0.7338045380771808
0.9999999999999977, 0.7233770382498941
0.9999999999999968, 0.7591350917463264
0.999999999999998, 0.7469144780404051
0.9999999999999976, 0.7493789497083713
1.0000000000000004, 0.7947118580080099
0.9999999999999974, 0.7127175291278885
0.9999999999999997, 0.777120634200834
1.000000000000001, 0.751481771633127
0.9999999999999973, 0.7755669075153995
0.9999999999999999, 0.7508284077041132
1.0000000000000022, 0.7387311700840609
1.0000000000000002, 0.7789441438439528
0.9999999999999997, 0.6796793701560058
1.0000000000000022, 0.7250467292664126
1.0000000000000013, 0.8033299952659049
0.9999999999999961, 0.7690410591553309
1.0000000000000002, 0.711756247089854
1.0000000000000002, 0.731222309975217
0.9999999999999944, 0.7539036901026397
1.000000000000002, 0.7022877519712751
0.9999999999999977, 0.7307389822608088
1.0000000000000022, 0.7383014721477893
1.0000000000000027, 0.7282038969548102
1.0000000000000027, 0.7342008253691178
1.0000000000000002, 0.7813083795255112
0.9999999999999999, 0.7377948180195555
1.0000000000000004, 0.7557228389356617
1.0000000000000018, 0.737852989972253
0.9999999999999981, 0.7342652067414455
0.9999999999999989, 0.7569110702986253
1.000000000000002, 0.6879953307067234
0.9999999999999987, 0.75789245472961
0.9999999999999997, 0.7536455596729351
0.9999999999999993, 0.769082661749305
1.000000000000002, 0.7312953703776391
0.9999999999999954, 0.7836939812533594
0.9999999999999981, 0.7241310661423385
1.000000000000002, 0.7428808442652107
0.9999999999999982, 0.7868934963146801
1.0000000000000029, 0.7805301689056607
1.0000000000000002, 0.7475041924413646
0.999999999999999, 0.8234390993979723
0.9999999999999993, 0.7497461028861995
1.0, 0.7385952512883259
1.0000000000000036, 0.7850059316139605
0.9999999999999999, 0.741766566023626
0.9999999999999969, 0.7512759260975671
1.0000000000000004, 0.7393539237718612
1.0000000000000009, 0.7463749802827643
1.0000000000000013, 0.7865253754979185
1.000000000000001, 0.7860427505609991
0.999999999999999, 0.7538164405345998
0.9999999999999972, 0.7563481425122225
0.999999999999998, 0.757242148483999
1.0000000000000007, 0.7025463947677035
0.9999999999999978, 0.7527912447070734
0.9999999999999987, 0.7926769327718886
1.0000000000000004, 0.7410419265764558
0.9999999999999959, 0.7474575979844164
1.0000000000000042, 0.7489866841383569
0.9999999999999983, 0.7788049250496163
1.0, 0.7463907847902981
0.9999999999999997, 0.7504165317477409
1.0000000000000002, 0.7387431305482599
1.0000000000000004, 0.752719191015629
1.0000000000000036, 0.7354112753202324
0.9999999999999972, 0.7676977032550549
0.9999999999999947, 0.7607981386980456
0.9999999999999994, 0.7584879867077495
0.9999999999999999, 0.7985806615441687
0.9999999999999998, 0.7649873991711248
0.9999999999999982, 0.7569078434986274
0.9999999999999977, 0.7438232657687177
1.0000000000000009, 0.7552954505460477
0.9999999999999991, 0.754043332769067
1.0000000000000009, 0.7257492491481908
1.000000000000004, 0.7850308791227101
0.9999999999999972, 0.7237820637561109
1.0000000000000007, 0.7505459301144308
0.9999999999999999, 0.7103329388082691
0.9999999999999993, 0.7744898384465081
1.0000000000000022, 0.7516725496923071
0.9999999999999986, 0.7348798906539078
0.9999999999999972, 0.7651266827205108
1.000000000000001, 0.7231838759915091
1.0000000000000002, 0.7684245442977952
1.000000000000001, 0.7361649437556225
0.9999999999999972, 0.7455438431876592
1.0000000000000002, 0.7610595785086011
1.0000000000000022, 0.7249822336594562
1.0000000000000009, 0.7498730800461818
0.9999999999999982, 0.7506939492244161
1.0000000000000016, 0.7294733753463939
0.9999999999999969, 0.7500819817971192
1.000000000000001, 0.7707384863829324
1.0000000000000029, 0.77315048121881
1.0000000000000016, 0.7340152833247447
0.9999999999999997, 0.7463230321898825
1.0000000000000009, 0.7170958683512774
1.000000000000003, 0.7482582367361769
1.0, 0.7606220843863531
0.9999999999999959, 0.7593439203611925
0.9999999999999972, 0.7494388196145061
1.000000000000001, 0.7380144691229487
1.000000000000003, 0.7380853804856748
0.999999999999998, 0.7719828008553945
0.9999999999999989, 0.7746189053946559
0.999999999999998, 0.7138722843842049
1.0000000000000002, 0.7843135330731439
0.9999999999999966, 0.7397757591326051
1.0000000000000029, 0.7297380436273282
1.0, 0.7414860207335279
1.0000000000000053, 0.7569972227950706
0.999999999999998, 0.7577577041307212
0.9999999999999978, 0.7206666504778206
0.9999999999999994, 0.727328267359912
0.9999999999999999, 0.7873558011515558
1.0000000000000018, 0.7272228274072106
1.000000000000004, 0.755485625447203
1.0000000000000007, 0.7628100403319258
1.0000000000000027, 0.7360063225978049
0.9999999999999982, 0.7791186062252335
0.9999999999999997, 0.800458251319663
0.9999999999999978, 0.7160567193994258
0.9999999999999976, 0.7296811099033035
1.0000000000000004, 0.7644449129066572
0.9999999999999989, 0.7974237414052995
1.0000000000000007, 0.7202779592159324
0.9999999999999967, 0.7564810812172157
