ATE real, ATE estimado
0.5061138439915671, 0.5255768268603394
0.5014757554462403, 0.4910738230925925
0.5010541110330288, 0.5136432637721446
0.4909346451159522, 0.49377864770951513
0.4986647926914968, 0.5065026002992963
0.4962754743499649, 0.5170334227388479
0.4905130007027407, 0.5088064169169588
0.4972593113141251, 0.5152895711927382
0.49950808151791987, 0.5136500708828521
0.5065354884047787, 0.5170226588856834
0.5059732958538299, 0.5283451735191397
0.492340126493324, 0.5184702601022808
0.49641602248770206, 0.5221850604157132
0.4892480674631061, 0.4879419423563581
0.49796205200281096, 0.5202056036506366
0.4999297259311314, 0.4980951295592792
0.4893886156008433, 0.5100712707530757
0.5031623330990864, 0.5355954106006859
0.49402670414617006, 0.511804866953944
0.49416725228390723, 0.5206964328370854
0.5033028812368237, 0.5129502670156535
0.4992269852424455, 0.5140874766714534
0.4982431482782853, 0.5231043809792892
0.4862965565706254, 0.5168399559587076
0.4972593113141251, 0.530178200808815
0.49009135628952916, 0.5142523715811413
0.5004919184820801, 0.5173839366337422
0.49191848208011246, 0.5107279446737897
0.49810260014054814, 0.523792533163981
0.49304286718200985, 0.5219903927946168
0.48896697118763177, 0.5305761911147803
0.4983836964160225, 0.5028724425133955
0.5004919184820801, 0.5147765892408918
0.5072382290934645, 0.5221123407240732
0.4997891777933942, 0.4935412108506216
0.5030217849613493, 0.5023896995641746
0.503583977512298, 0.5054174273597621
0.49599437807449054, 0.49190229272238656
0.501194659170766, 0.5322424013423867
0.49599437807449054, 0.4920821883356822
0.4916373858046381, 0.5312442768781297
0.5034434293745608, 0.5026134250063137
0.5069571328179902, 0.529997680004851
0.4989458889669712, 0.5119734669369755
0.4999297259311314, 0.4989635215042917
0.5038650737877723, 0.5421265755306199
0.5010541110330288, 0.5287672418693693
0.49458889669711875, 0.542091224429985
0.4971187631763879, 0.52836331458344
0.4971187631763879, 0.4785676331040625
0.49402670414617006, 0.5272067382876117
0.5013352073085031, 0.5152869675311528
0.4853127196064652, 0.4869427497979317
0.49360505973295854, 0.4890908689872714
0.5007730147575544, 0.4997155663193172
0.48896697118763177, 0.5158600049858002
0.4943078004216444, 0.5143828446959028
0.49585382993675337, 0.5282085049793002
0.49304286718200985, 0.5189899295532456
0.5000702740688686, 0.48397774203134897
0.4978215038650738, 0.5186317152364569
0.5009135628952917, 0.5190903087802231
0.49796205200281096, 0.5413144934902656
0.5089248067463106, 0.5476431305075496
0.49402670414617006, 0.5259063497636878
0.49754040758959944, 0.5302943698592271
0.5024595924104006, 0.5201979320652903
0.5037245256500351, 0.5064272286782662
0.49023190442726633, 0.5053056030562835
0.5000702740688686, 0.5082675563594593
0.498805340829234, 0.5201000920343186
0.49416725228390723, 0.5596086200929971
0.5007730147575544, 0.5137229655035431
0.49599437807449054, 0.5199708855224043
0.49739985945186227, 0.5258439263228685
0.4976809557273366, 0.5207327571050333
0.5038650737877723, 0.5076709226090023
0.5013352073085031, 0.4833472909959977
0.498805340829234, 0.5117952996941736
0.4952916373858046, 0.5173525615489956
0.4825017568517217, 0.4791184964486638
0.498805340829234, 0.516544731315961
0.5010541110330288, 0.521657458791772
0.49641602248770206, 0.5003483330440225
0.49810260014054814, 0.537887146930078
0.4976809557273366, 0.47815230153968713
0.49796205200281096, 0.5150413095022174
0.5038650737877723, 0.5033933374331196
0.5063949402670415, 0.5294333574088431
0.49852424455375965, 0.5096770119499666
0.4993675333801827, 0.49522537854663506
0.4968376669009136, 0.5038466906952359
0.5066760365425158, 0.5156695534270813
0.49304286718200985, 0.5185807614063521
0.4986647926914968, 0.513466049114317
0.4968376669009136, 0.4878430391367337
0.49950808151791987, 0.5246641569045369
0.5014757554462403, 0.5184885662875762
0.5083626141953619, 0.5276817123878815
0.4914968376669009, 0.5134992721491475
0.5017568517217147, 0.5367471329006133
0.4966971187631764, 0.5179084183140389
0.5000702740688686, 0.4977258551438995
0.4972593113141251, 0.48132546081908406
0.4993675333801827, 0.5214553815926654
0.5051300070274068, 0.5103715584870462
0.49360505973295854, 0.5196137500485679
0.5006324666198173, 0.4982328613652754
0.49346451159522137, 0.5279157038922335
0.49599437807449054, 0.5080136186443157
0.492340126493324, 0.5096710134314645
0.49458889669711875, 0.4960171776543119
0.4929023190442727, 0.5466559692642796
0.49810260014054814, 0.5071662497448479
0.5031623330990864, 0.5113740511432247
0.49501054111033027, 0.5286253247877651
0.49852424455375965, 0.500822754328945
0.48966971187631764, 0.5482140258386626
0.5055516514406184, 0.5268921246219218
0.4972593113141251, 0.5191076605299373
0.4947294448348559, 0.48639914507996207
0.4865776528460998, 0.5209362974454607
0.4952916373858046, 0.4899981993408581
0.5033028812368237, 0.5118284973337082
0.5087842586085735, 0.5146558424347712
0.5055516514406184, 0.5014195944248733
0.4962754743499649, 0.5025677495034967
0.5000702740688686, 0.5328567455013757
0.5026001405481377, 0.5217974666180644
0.5122979620520028, 0.5262607243308052
0.5010541110330288, 0.5175041398586159
0.49950808151791987, 0.49197569856286516
0.49402670414617006, 0.5089696044971411
0.48728039353478564, 0.4880191802208921
0.48896697118763177, 0.5190007386039507
0.4978215038650738, 0.5019500506101182
0.49501054111033027, 0.5134304274788889
0.5023190442726634, 0.5084686759243549
0.5004919184820801, 0.5040077282482608
0.5021784961349263, 0.5069142807700336
0.5037245256500351, 0.4885762972074863
0.4954321855235418, 0.5154761252557345
0.5096275474349965, 0.5602656524261888
0.49810260014054814, 0.48793076916479705
0.5034434293745608, 0.5009557511267175
0.4893886156008433, 0.5117533217584559
0.5083626141953619, 0.526254782825134
0.49585382993675337, 0.546087393996788
0.5107519325368939, 0.544715357545803
0.5072382290934645, 0.5385696565402412
0.48615600843288825, 0.510800287776375
0.49515108924806744, 0.5153616097002676
0.4978215038650738, 0.5111231401896716
0.48966971187631764, 0.5047619000585696
0.48896697118763177, 0.4982124544187498
0.4903724525650035, 0.5221775108941572
0.4944483485593816, 0.5005093535861693
0.4929023190442727, 0.4885748557800147
0.4943078004216444, 0.5403516960956197
0.49796205200281096, 0.522626636128792
0.5013352073085031, 0.5224840381207375
0.5023190442726634, 0.496319448889864
0.5009135628952917, 0.506268229813312
0.513281799016163, 0.5188508806018205
0.4929023190442727, 0.5008690007342708
0.5031623330990864, 0.5442578275923754
0.5174982431482783, 0.5329377522942738
0.49557273366127896, 0.5196755378188348
0.4986647926914968, 0.5127774530994292
0.4944483485593816, 0.5156537064675237
0.5049894588896697, 0.518990766490046
0.501194659170766, 0.5188600905826465
0.4799718903724526, 0.5039020443303487
0.498805340829234, 0.5241780848040762
0.49599437807449054, 0.508772823820823
0.4833450456781448, 0.5050128194503442
0.49360505973295854, 0.5097276153919447
0.4982431482782853, 0.5151489381918223
0.4971187631763879, 0.5202805191776821
0.49416725228390723, 0.5270535124209214
0.5004919184820801, 0.5396235388313719
0.49908643710470835, 0.5182224605926931
0.5010541110330288, 0.5034273446360011
0.4954321855235418, 0.48635422391551664
0.49739985945186227, 0.5563409352295161
0.49571328179901614, 0.4872913879482253
0.5007730147575544, 0.535829894073656
0.502740688685875, 0.5052918567707096
0.49697821503865075, 0.5400177889341494
0.5106113843991568, 0.5319104604589777
0.5069571328179902, 0.5261414367909769
0.49585382993675337, 0.505946587944956
0.4997891777933942, 0.5108967398284768
0.49501054111033027, 0.47571648289027213
0.5069571328179902, 0.5561442027492078
0.5080815179198875, 0.5195680685912898
0.49739985945186227, 0.48779634696704216
0.5092059030217849, 0.5223546662456394
0.5063949402670415, 0.5435255393901922
0.5056921995783555, 0.5223739706078309
0.49458889669711875, 0.5305694138715685
0.5030217849613493, 0.5322933071019368
0.5063949402670415, 0.4935572652207294
0.4948699929725931, 0.48970035467454437
0.49950808151791987, 0.5157224591073738
0.5041461700632467, 0.5065915076626556
0.5042867182009838, 0.5217411263142051
0.4937456078706957, 0.5146168387763854
0.49697821503865075, 0.507793395214024
0.5040056219255095, 0.5184679009896567
0.5066760365425158, 0.5098873027199001
0.5013352073085031, 0.5069248586813825
0.4892480674631061, 0.5354021431054703
0.49852424455375965, 0.5315293330457951
0.4954321855235418, 0.508504361552423
0.4976809557273366, 0.5119143022235766
0.5083626141953619, 0.5096309918112886
0.5014757554462403, 0.5270350408477436
0.4989458889669712, 0.519131319055579
0.5016163035839775, 0.5204425998876597
0.4943078004216444, 0.5295649106696897
0.5009135628952917, 0.49200920266772236
0.48517217146872804, 0.5284621484295143
0.4886858749121574, 0.5289681825262681
0.4971187631763879, 0.5039222074333273
0.4903724525650035, 0.5312671935437785
0.5018973998594518, 0.5399256092907526
0.49810260014054814, 0.5238865341126051
0.4966971187631764, 0.5441663676553444
0.49655657062543923, 0.5036998270386461
0.49557273366127896, 0.49477437912184685
0.4989458889669712, 0.507473763638377
0.5066760365425158, 0.5002119014484144
0.4952916373858046, 0.512294844861085
0.5052705551651441, 0.5315134590662383
0.49739985945186227, 0.5202922081292641
0.5030217849613493, 0.5199792567894677
0.4999297259311314, 0.50135660458682
0.49950808151791987, 0.538942634355512
0.5009135628952917, 0.5114653104088032
0.49360505973295854, 0.5107176181316693
0.49458889669711875, 0.5234244186701392
0.5093464511595222, 0.5249636677595243
0.500351370344343, 0.5230652763536655
0.4966971187631764, 0.5367335842449559
0.4976809557273366, 0.5057269308751815
0.501194659170766, 0.5326664254385085
0.4993675333801827, 0.5124856292225299
0.5009135628952917, 0.5252035789852222
0.49964862965565704, 0.5323818245880286
0.498805340829234, 0.5261829033513176
0.4983836964160225, 0.5510532531313171
0.49501054111033027, 0.5097756600773828
0.4968376669009136, 0.5035502176395729
0.4927617709065355, 0.5149122496156284
0.5028812368236121, 0.5318250721057608
0.5000702740688686, 0.5087127387042127
0.5013352073085031, 0.528222842248255
0.49641602248770206, 0.49499201489329897
0.4989458889669712, 0.5265938246857521
0.503583977512298, 0.520353585482922
0.49641602248770206, 0.5152273715580846
0.4966971187631764, 0.5062141645002597
0.5144061841180604, 0.524648525912088
0.48671820098383695, 0.5229158917304945
0.5023190442726634, 0.5106845475498268
0.49346451159522137, 0.5163974146191744
0.4914968376669009, 0.4928299899503611
0.4966971187631764, 0.5137249087409416
0.5090653548840478, 0.5397331739744605
0.5110330288123682, 0.5231497535213816
0.49599437807449054, 0.5283384407254053
0.5111735769501055, 0.5304377269852195
0.5121574139142656, 0.5002652175315897
0.49697821503865075, 0.52197111469185
0.5052705551651441, 0.5014008168576951
0.5082220660576248, 0.5251855595520016
0.5080815179198875, 0.5418934203070133
0.5010541110330288, 0.5270485383797185
0.4978215038650738, 0.5052464301420021
0.4966971187631764, 0.5169207821120231
0.4884047786366831, 0.4578944690949593
0.5028812368236121, 0.4840476488306209
0.4962754743499649, 0.5119252259144669
0.4892480674631061, 0.49636631260952485
0.5026001405481377, 0.5136738890318013
0.4983836964160225, 0.5340987668450996
0.49810260014054814, 0.5109642720958831
0.4971187631763879, 0.5230046062729101
0.5040056219255095, 0.5428800407660224
0.5041461700632467, 0.5189471718027387
0.4982431482782853, 0.5054045854958197
0.49360505973295854, 0.48488383587746764
0.5017568517217147, 0.5322781156798282
0.4999297259311314, 0.5115302068701094
0.4972593113141251, 0.5213961601855758
0.49248067463106115, 0.4885175735911859
0.48854532677442025, 0.5022463948758141
0.4978215038650738, 0.49998319515996104
0.5004919184820801, 0.5219048957375368
0.49852424455375965, 0.507348453044985
0.5018973998594518, 0.5047951000942225
0.504427266338721, 0.5208580297919967
0.5066760365425158, 0.484335565878212
0.5016163035839775, 0.5338663727547125
0.4929023190442727, 0.5160690990730826
0.5070976809557274, 0.5416395007131997
0.5016163035839775, 0.5160060484182213
0.4993675333801827, 0.528091127319906
0.49739985945186227, 0.507798943512696
0.4966971187631764, 0.5223654404396039
0.4986647926914968, 0.5036046407026038
0.4982431482782853, 0.539107822784863
0.4914968376669009, 0.5155139878227366
0.5028812368236121, 0.49178402640110513
0.49796205200281096, 0.5170057867083264
0.490794096978215, 0.5268875406962057
0.5014757554462403, 0.5318648567451525
0.49655657062543923, 0.5138607404294974
0.48517217146872804, 0.4834356651666499
0.49810260014054814, 0.49773954932215797
0.5017568517217147, 0.5267399789774347
0.5063949402670415, 0.5358261678130319
0.4962754743499649, 0.5347485651835706
0.48896697118763177, 0.5019687644619241
0.49754040758959944, 0.5286297197495811
0.498805340829234, 0.5344353176040973
0.5059732958538299, 0.5113766852945322
0.5009135628952917, 0.5096679009893024
0.49697821503865075, 0.48622675452899905
0.49501054111033027, 0.5208143230649221
0.4978215038650738, 0.5016760170849699
0.493183415319747, 0.5103955908727221
0.49641602248770206, 0.48850411369591784
0.49796205200281096, 0.511700821655477
0.4929023190442727, 0.511967284073785
0.49810260014054814, 0.4910851642692296
0.4992269852424455, 0.5175006097064757
0.4913562895291637, 0.48618514797047013
0.49416725228390723, 0.48359493674520704
0.49458889669711875, 0.5127467449696035
0.5040056219255095, 0.5078991216579025
0.4888264230498946, 0.5228807601767387
0.4921995783555868, 0.5144420617928516
0.49501054111033027, 0.4800574041699589
0.5056921995783555, 0.5138493674966746
0.48812368236120873, 0.5014511727770082
0.4914968376669009, 0.5034627400507755
0.4966971187631764, 0.5303593663928384
0.503583977512298, 0.543174457693182
0.5076598735066761, 0.5461701184319124
0.4948699929725931, 0.5244587596744475
0.4976809557273366, 0.5271497641368778
0.4982431482782853, 0.51999853876932
0.4971187631763879, 0.5000287032627169
0.5049894588896697, 0.5299837891108614
0.4999297259311314, 0.5152612841368007
0.4833450456781448, 0.5055652139259631
0.5122979620520028, 0.5359970397368985
0.49571328179901614, 0.4997808920928156
0.4962754743499649, 0.5274486082695264
0.500351370344343, 0.5310963020731345
0.5045678144764582, 0.519538901290004
0.4913562895291637, 0.5268311258937632
0.5007730147575544, 0.5220247293073921
0.5099086437104708, 0.523539720606254
0.49585382993675337, 0.5309851554395169
0.49641602248770206, 0.530939270027073
0.4933239634574842, 0.5243428424917586
0.493183415319747, 0.49106508297161017
0.48952916373858046, 0.5120236904741948
0.4913562895291637, 0.5193225382926857
0.4962754743499649, 0.5028748116648003
0.49655657062543923, 0.5132624175009963
0.4993675333801827, 0.5235908885811255
0.49964862965565704, 0.5321565011879252
0.4917779339423753, 0.4991131245053113
0.49796205200281096, 0.5244242223793919
0.4944483485593816, 0.5195871527202685
0.4898102600140548, 0.5213120018030009
0.5002108222066057, 0.5117375353741946
0.49205903021784964, 0.5602598965644425
0.49810260014054814, 0.5159574327730615
0.500351370344343, 0.5373305372632253
0.5016163035839775, 0.5283455240213584
0.4916373858046381, 0.5112385038007625
0.49346451159522137, 0.4965656295193681
0.48910751932536894, 0.4919736870217302
0.49571328179901614, 0.485568743022911
0.503583977512298, 0.5327211440853197
0.5087842586085735, 0.557960121691089
0.49121574139142654, 0.5301211498077406
0.4961349262122277, 0.49852084254147955
0.5023190442726634, 0.5406950758835508
0.501194659170766, 0.5205392591660394
0.5033028812368237, 0.51251976296628
0.5065354884047787, 0.5440414415222241
0.5014757554462403, 0.5529269789098965
0.49360505973295854, 0.5310526421682712
0.4989458889669712, 0.5407303448361123
0.4903724525650035, 0.5147703795159124
0.4929023190442727, 0.4976484145027759
0.5058327477160928, 0.49890850661336533
0.4972593113141251, 0.4917418610981649
0.5014757554462403, 0.5146197722937359
0.5061138439915671, 0.5255283177571025
0.49599437807449054, 0.505994037923024
0.4966971187631764, 0.5279797537443
0.4947294448348559, 0.5322009126449633
0.501194659170766, 0.5049958221087668
0.5002108222066057, 0.5282180997679443
0.5066760365425158, 0.533477185442932
0.502037947997189, 0.5555944935790368
0.5066760365425158, 0.5314167566929393
0.4884047786366831, 0.5411440414276235
0.5082220660576248, 0.5379117915732722
0.5047083626141954, 0.5471039645212145
0.5055516514406184, 0.5295142959722051
0.49908643710470835, 0.512561943505682
0.5018973998594518, 0.5274425463168017
0.49009135628952916, 0.48309486457225875
0.5051300070274068, 0.5291187713707262
0.4986647926914968, 0.5336558025849817
0.49655657062543923, 0.518908622656504
0.5014757554462403, 0.5395797886521936
0.49739985945186227, 0.5230092769743551
0.5000702740688686, 0.49743731061303315
0.5096275474349965, 0.5387307394626869
0.5061138439915671, 0.5310589432401933
0.5018973998594518, 0.5065138218924978
0.5055516514406184, 0.524436796252526
0.489950808151792, 0.49807129293868124
0.4937456078706957, 0.5158125307209424
0.5030217849613493, 0.5148987624837541
0.5128601546029515, 0.5153784772358578
0.5017568517217147, 0.5126085061934055
0.5010541110330288, 0.5389150863113428
0.5000702740688686, 0.531670180080994
0.49585382993675337, 0.5433643910751901
0.513281799016163, 0.5647742803776085
0.4986647926914968, 0.5318674676225388
0.5052705551651441, 0.5032783612373667
0.4937456078706957, 0.512194305626801
0.5056921995783555, 0.5241007902810229
0.5052705551651441, 0.5105103199230342
0.4874209416725228, 0.5163685015444911
0.4954321855235418, 0.5042422501954928
0.5066760365425158, 0.4970976943879675
0.4933239634574842, 0.5138796811854344
0.49655657062543923, 0.510695459299898
0.5114546732255798, 0.5296280825883625
0.5059732958538299, 0.5364176737684282
0.5073787772312017, 0.4937148357702794
0.5113141250878426, 0.5446682486186456
0.5083626141953619, 0.5080472739808136
0.48756148981026004, 0.5055292887938864
0.5055516514406184, 0.5046951707971754
0.4982431482782853, 0.49581415400775786
0.5041461700632467, 0.5575843882751156
0.49515108924806744, 0.5108398775821986
0.49796205200281096, 0.5213647131930969
0.49852424455375965, 0.5066343331560225
0.49205903021784964, 0.4874418103943116
0.5009135628952917, 0.5194437398353002
0.49248067463106115, 0.5409735569666771
0.5024595924104006, 0.5096007884386997
0.49964862965565704, 0.5351952603161967
0.4948699929725931, 0.48347473100054694
0.5076598735066761, 0.5414448947587909
0.4972593113141251, 0.5047494873815777
0.504427266338721, 0.5014328660112929
0.4966971187631764, 0.498913003937328
0.4962754743499649, 0.5413869831377133
0.4976809557273366, 0.525553612426977
0.5023190442726634, 0.5413815370981392
0.4878425860857344, 0.5073452622243367
0.49754040758959944, 0.5089490557651628
0.5093464511595222, 0.5155555902306239
0.48573436401967673, 0.5174678834189322
0.49515108924806744, 0.535916553081126
0.5018973998594518, 0.5129156957848057
0.5167955024595924, 0.5261768456875958
0.5051300070274068, 0.53099533612468
0.5018973998594518, 0.5145444657957234
0.4993675333801827, 0.5060790700518729
0.4992269852424455, 0.5168783294276769
0.502037947997189, 0.5235320492095503
0.48503162333099087, 0.48257391349015766
0.5070976809557274, 0.510812457942772
0.5023190442726634, 0.5356285940684195
0.4972593113141251, 0.4978353009163093
0.5007730147575544, 0.5193898633688411
0.4976809557273366, 0.4999715175923452
0.5041461700632467, 0.5506585447315715
0.49697821503865075, 0.507474867241545
0.5051300070274068, 0.5407691369253578
0.49950808151791987, 0.5278123223493949
0.489950808151792, 0.5322417210893297
0.5009135628952917, 0.5321531112405664
0.5083626141953619, 0.5522366390234341
0.5017568517217147, 0.49808008750302873
0.5048489107519325, 0.50626479329121
0.49810260014054814, 0.5263433356581433
0.49852424455375965, 0.526108986944532
0.4989458889669712, 0.49746818391684694
0.49557273366127896, 0.5117507409505707
0.5040056219255095, 0.5438282834687322
0.4961349262122277, 0.5130209814872686
0.5007730147575544, 0.499427193660437
0.4929023190442727, 0.5181967903609198
0.5047083626141954, 0.5097571412393498
0.4989458889669712, 0.5248280792193462
0.5118763176387913, 0.5277950279510004
0.4917779339423753, 0.5042986403246477
0.4971187631763879, 0.5234566147571931
0.5021784961349263, 0.5286743537797064
0.5030217849613493, 0.5116551670587401
0.502037947997189, 0.5542565447259239
0.5080815179198875, 0.537098107721367
0.5059732958538299, 0.5143978233227485
0.49697821503865075, 0.5280052640823755
0.4997891777933942, 0.5153991765333444
0.49655657062543923, 0.5137730799229622
0.5063949402670415, 0.5279224160851247
0.49557273366127896, 0.5316511891956933
0.4905130007027407, 0.5111220649746122
0.502740688685875, 0.5254091538829253
0.4982431482782853, 0.5086264808752313
0.4952916373858046, 0.5040905340486316
0.489950808151792, 0.5177513266935367
0.4986647926914968, 0.4980591248355013
0.48798313422347156, 0.525887870537881
0.5007730147575544, 0.5461440790434497
0.4992269852424455, 0.5023197538667641
0.498805340829234, 0.5621191993437568
0.500351370344343, 0.5231905348701396
0.5070976809557274, 0.5301926897861233
0.4944483485593816, 0.5117095814157798
0.4986647926914968, 0.5083973304104498
0.4968376669009136, 0.519259809366734
0.5111735769501055, 0.5441117834303573
0.500351370344343, 0.5154306957132287
0.4943078004216444, 0.5192760374944659
0.4952916373858046, 0.5367108130084213
0.4869992972593113, 0.49202553191268666
0.49304286718200985, 0.5047614472277149
0.5037245256500351, 0.5567170651454485
0.4971187631763879, 0.49298310784371635
0.5018973998594518, 0.5183604725921123
0.4966971187631764, 0.5196441323557718
0.5070976809557274, 0.5437443426588113
0.4944483485593816, 0.527666510602507
0.5107519325368939, 0.5132972460604962
0.5055516514406184, 0.5221294961109443
0.5026001405481377, 0.4969732096023688
0.4937456078706957, 0.5072013910827607
0.5013352073085031, 0.5023034260425796
0.4927617709065355, 0.5505728781702184
0.4944483485593816, 0.5240153016773652
0.49121574139142654, 0.5112165489586304
0.49739985945186227, 0.5042591865871892
0.49346451159522137, 0.5136475310336861
0.4947294448348559, 0.5166342320317227
0.49346451159522137, 0.5169295347652594
0.49585382993675337, 0.5219151121709235
0.506816584680253, 0.5458779752435341
0.5048489107519325, 0.5119227880767204
0.4888264230498946, 0.5104237296987045
0.4961349262122277, 0.5105546355395356
0.48910751932536894, 0.5126596078376858
0.4993675333801827, 0.4922865467024046
0.5093464511595222, 0.5456704393497935
0.490794096978215, 0.5028168817773911
0.5167955024595924, 0.531770379701714
0.4997891777933942, 0.5390004008848588
0.5013352073085031, 0.5221728086841447
0.49810260014054814, 0.5192389963103505
0.49515108924806744, 0.5231816617370293
0.5013352073085031, 0.5299190818563658
0.500351370344343, 0.5492249619218591
0.4886858749121574, 0.5080633542340766
0.4962754743499649, 0.5177327217833403
0.4916373858046381, 0.5275013396364573
0.4986647926914968, 0.5176766162033234
0.4966971187631764, 0.5027419831865418
0.5018973998594518, 0.49536332779952896
0.4929023190442727, 0.4918027020929793
0.4983836964160225, 0.5283218288743889
0.5016163035839775, 0.5287408844642143
0.5010541110330288, 0.510964473657171
0.493183415319747, 0.5201870227225671
0.500351370344343, 0.5297634582643141
0.5031623330990864, 0.5214038936745972
0.5002108222066057, 0.49061501248328554
0.4997891777933942, 0.5058020107620164
0.49458889669711875, 0.5286994092862519
0.48952916373858046, 0.5166548219056857
0.49908643710470835, 0.5226908140377917
0.5108924806746311, 0.5178717029838843
0.4905130007027407, 0.5039642598483302
0.4989458889669712, 0.5293810795382164
0.49360505973295854, 0.5257848875339628
0.5024595924104006, 0.5170623133639178
0.49262122276879833, 0.5023842797352385
0.5072382290934645, 0.52087228629907
0.49360505973295854, 0.5180158980482017
0.48798313422347156, 0.48951235734866244
0.49852424455375965, 0.5120454553111413
0.4886858749121574, 0.49870927033234996
0.49852424455375965, 0.511244787222672
0.4948699929725931, 0.5114344264936553
0.5010541110330288, 0.5350140366036757
0.506816584680253, 0.5396316261858994
0.4937456078706957, 0.5030427637319352
0.49585382993675337, 0.502268729713658
0.500351370344343, 0.4960713163209075
0.49599437807449054, 0.5109894355391422
0.5055516514406184, 0.49755896798224053
0.49754040758959944, 0.5093543244457592
0.4944483485593816, 0.4954707171247077
0.4978215038650738, 0.5166009639344599
0.500351370344343, 0.4995364548042572
0.501194659170766, 0.5175223973598724
0.501194659170766, 0.5199724057442722
0.504427266338721, 0.5110338273708845
0.48812368236120873, 0.5218291713316616
0.49557273366127896, 0.520536733126998
0.5007730147575544, 0.5149071953017802
0.49655657062543923, 0.5419943383307602
0.49810260014054814, 0.4931776507324414
0.49852424455375965, 0.5179328956152992
0.5048489107519325, 0.5258956662013893
0.49796205200281096, 0.5126475956857961
0.4937456078706957, 0.4901378860027554
0.4971187631763879, 0.5078091125389429
0.5030217849613493, 0.551706464519079
0.5014757554462403, 0.5435475041390758
0.5097680955727336, 0.5095190796348259
0.510049191848208, 0.513911088934891
0.48460997891777935, 0.5101083238232259
0.49416725228390723, 0.5151491960409949
0.48910751932536894, 0.49911027439829225
0.49458889669711875, 0.4965281619710028
0.4944483485593816, 0.5068354758529642
0.4909346451159522, 0.5185947240690698
0.5049894588896697, 0.5290297571610786
0.49107519325368937, 0.5514295540843682
0.5063949402670415, 0.530303461378433
0.5061138439915671, 0.5228410506159833
0.4916373858046381, 0.5120287390609141
0.5024595924104006, 0.5174204877525177
0.4944483485593816, 0.479274887952788
0.5075193253689388, 0.5166340577454313
0.4976809557273366, 0.5228901478386384
0.4917779339423753, 0.5319931226794872
0.5065354884047787, 0.5119364295151607
0.49065354884047785, 0.5101855813445626
0.5076598735066761, 0.531554747177341
0.4966971187631764, 0.5052906553318575
0.4929023190442727, 0.500791572069344
0.4921995783555868, 0.5417461788797248
0.5054111033028812, 0.5255917342288426
0.4968376669009136, 0.5407223486708808
0.4968376669009136, 0.4964393344591765
0.492340126493324, 0.5306659031830534
0.4916373858046381, 0.4971154946217172
0.5023190442726634, 0.5302760072645344
0.5010541110330288, 0.5240758487930327
0.49262122276879833, 0.5385406663828011
0.49599437807449054, 0.5258620746039836
0.5052705551651441, 0.4893665068627326
0.5054111033028812, 0.5255838424053294
0.48952916373858046, 0.5585016979737599
0.4966971187631764, 0.5001473507265575
0.5176387912860154, 0.5270987342838909
0.4921995783555868, 0.5312346251218755
0.4868587491215741, 0.5085366527645181
0.5013352073085031, 0.48529896377134224
0.4999297259311314, 0.5343034552337641
0.48615600843288825, 0.5012535427125856
0.5083626141953619, 0.5525213316009625
0.4999297259311314, 0.5426693641811048
0.5049894588896697, 0.5242232980226387
0.5063949402670415, 0.5181954057766032
0.5065354884047787, 0.5255264381550888
0.4903724525650035, 0.5144581904135683
0.49346451159522137, 0.49666195108258054
0.5017568517217147, 0.5220061505763409
0.49697821503865075, 0.5136288770492261
0.5059732958538299, 0.5208852788194006
0.4954321855235418, 0.5161930886207331
0.4971187631763879, 0.5212009086686886
0.5042867182009838, 0.5109621175849843
0.4937456078706957, 0.5106426973418181
0.5040056219255095, 0.520339621960505
0.4997891777933942, 0.512627408810569
0.4954321855235418, 0.528924363530823
0.49571328179901614, 0.5311690415140219
0.5087842586085735, 0.5415435622673765
0.502037947997189, 0.5104323002546144
0.4993675333801827, 0.5290561950255751
0.500351370344343, 0.5212625995115399
0.5054111033028812, 0.553757390745486
0.502037947997189, 0.5568730029033576
0.49950808151791987, 0.5472843722352786
0.5010541110330288, 0.5287009112556497
0.4954321855235418, 0.4981292389470088
0.49697821503865075, 0.5194761171385702
0.5037245256500351, 0.5316293426285106
0.4971187631763879, 0.4982757960199242
0.484328882642305, 0.5099645644619266
0.49501054111033027, 0.4997245456858767
0.4944483485593816, 0.4879344907193774
0.48460997891777935, 0.5067531017645861
0.49416725228390723, 0.5060266000059848
0.5038650737877723, 0.5221386690619215
0.5040056219255095, 0.49749466701724565
0.49697821503865075, 0.49329288024717927
0.5004919184820801, 0.5203567833327291
0.4992269852424455, 0.531806708437566
0.49248067463106115, 0.5192781592846321
0.5061138439915671, 0.5049234576930335
0.49304286718200985, 0.5009881386022175
0.49641602248770206, 0.48641403284174095
0.5030217849613493, 0.5285336338962672
0.502037947997189, 0.5351091666516342
0.4992269852424455, 0.509951139951463
0.5048489107519325, 0.5188750091808227
0.5049894588896697, 0.5373980708882247
0.49964862965565704, 0.4844901345461337
0.4982431482782853, 0.5150408229948493
0.4961349262122277, 0.5313442949299485
0.5017568517217147, 0.5265412663410625
0.5037245256500351, 0.5241152871313776
0.49009135628952916, 0.5117579204061967
0.501194659170766, 0.5263782676318235
0.4947294448348559, 0.49742555801505633
0.5063949402670415, 0.5203670865084369
0.49908643710470835, 0.5078902343221505
0.4944483485593816, 0.5082633632713647
0.4847505270555165, 0.5103509803650569
0.48896697118763177, 0.5032372253565386
0.4978215038650738, 0.5075175134685043
0.48798313422347156, 0.5023819139245508
0.5018973998594518, 0.5313800708878894
0.4986647926914968, 0.5477441903632261
0.502037947997189, 0.5176107637395676
0.5042867182009838, 0.501588754298708
0.5117357695010541, 0.5448329322092018
0.4978215038650738, 0.5335672919797828
0.4971187631763879, 0.5024190031444303
0.4999297259311314, 0.53396534539334
0.4952916373858046, 0.5017610592983197
0.4999297259311314, 0.5430771913174482
0.4966971187631764, 0.5410353830461451
0.4909346451159522, 0.5217372402347967
0.4986647926914968, 0.5152671806777096
0.490794096978215, 0.5172544297811001
0.5144061841180604, 0.5198908845743809
0.5059732958538299, 0.5196102920039065
0.5111735769501055, 0.5235156296052783
0.4886858749121574, 0.4986443146417833
0.502740688685875, 0.5415887365966017
0.504427266338721, 0.5465845851992157
0.48952916373858046, 0.5011627645169298
0.49262122276879833, 0.5191276343455434
0.5038650737877723, 0.5040147657616671
0.4978215038650738, 0.5086016815334015
0.4943078004216444, 0.514281116802422
0.5021784961349263, 0.5312956355747253
0.5087842586085735, 0.5255151583164963
0.49501054111033027, 0.5237552883624781
0.4944483485593816, 0.5237543749442324
0.4865776528460998, 0.5325363020532903
0.4933239634574842, 0.5173784607749145
0.49515108924806744, 0.49541298189378247
0.49416725228390723, 0.5344342644828133
0.5031623330990864, 0.5218232879222806
0.49501054111033027, 0.5326166142208465
0.5006324666198173, 0.5205977153416101
0.500351370344343, 0.5305293732193483
0.498805340829234, 0.5374652352278932
0.4992269852424455, 0.5206054293363573
0.49065354884047785, 0.5187572069717095
0.4983836964160225, 0.5101790621363449
0.49346451159522137, 0.5157449174972514
0.5058327477160928, 0.5135201240071354
0.4971187631763879, 0.473847090086299
0.4937456078706957, 0.5218535406924381
0.5086437104708362, 0.5330479604968875
0.500351370344343, 0.5006820712653319
0.49964862965565704, 0.5309984821573417
0.49557273366127896, 0.5117349697142727
0.5052705551651441, 0.5202152632652297
0.4961349262122277, 0.5042347721283247
0.501194659170766, 0.5279674641103489
0.4992269852424455, 0.5555035992472599
0.49107519325368937, 0.5175796646455054
0.49515108924806744, 0.5127762922257402
0.4943078004216444, 0.5223895739281587
0.5056921995783555, 0.5262754878034066
0.4947294448348559, 0.5180339415633022
0.500351370344343, 0.4952161034321158
0.4997891777933942, 0.5245134827921761
0.49360505973295854, 0.513284889174471
0.5030217849613493, 0.5377183465249095
0.4944483485593816, 0.5083478365724833
0.49248067463106115, 0.5148222531078275
0.5069571328179902, 0.5240131979829102
0.4976809557273366, 0.4895178032094445
0.4938861560084329, 0.5173640383159263
0.5072382290934645, 0.5184303673425116
0.5069571328179902, 0.5280140762109351
0.5018973998594518, 0.5237946728682361
0.49950808151791987, 0.5158211064022609
0.48966971187631764, 0.5041239405863742
0.49908643710470835, 0.5099464277221406
0.4948699929725931, 0.513675628406965
0.5021784961349263, 0.5236000016539448
0.49304286718200985, 0.5066565067927721
0.49191848208011246, 0.5111861328007972
0.4972593113141251, 0.5428040532026046
0.4982431482782853, 0.5264168612222795
0.5006324666198173, 0.5211698175123762
0.49739985945186227, 0.5175312581031362
0.4976809557273366, 0.5222954728662483
0.5021784961349263, 0.5606496753543421
0.5048489107519325, 0.5370453573435282
0.5018973998594518, 0.5394843048423478
0.49739985945186227, 0.5324812920536409
0.4972593113141251, 0.5108147415989257
0.5006324666198173, 0.5243278424439605
0.5017568517217147, 0.5131845769693129
0.5061138439915671, 0.5230880614966478
0.5000702740688686, 0.5315195189257228
0.4947294448348559, 0.5256034283834922
0.506816584680253, 0.5317044846087351
0.5030217849613493, 0.5215268364148449
0.49852424455375965, 0.5370665101692059
0.4986647926914968, 0.4946140055627184
0.5028812368236121, 0.5361553749867556
0.4937456078706957, 0.49588214672252945
0.48123682361208714, 0.5008188744115417
0.49557273366127896, 0.5250983690274623
0.4962754743499649, 0.5159848362820236
0.49501054111033027, 0.49996197013948557
0.5042867182009838, 0.49200046523144514
0.4966971187631764, 0.5026661785579324
0.5026001405481377, 0.5176436195378381
0.5023190442726634, 0.534124348280472
0.48910751932536894, 0.504088006886322
0.5030217849613493, 0.5453143644930882
0.4968376669009136, 0.5336929898724742
0.49950808151791987, 0.5421619053507538
0.49810260014054814, 0.5415799785838736
0.4937456078706957, 0.5067884614837141
0.49107519325368937, 0.518462389798124
0.5089248067463106, 0.5194108574173567
0.49852424455375965, 0.5270221129439533
0.49950808151791987, 0.520460155164211
0.49023190442726633, 0.5093932233439629
0.4986647926914968, 0.5292842793193888
0.5006324666198173, 0.512231897368019
0.49796205200281096, 0.5089606860803734
0.5094869992972593, 0.5318457455175565
0.490794096978215, 0.5255721871286072
0.48728039353478564, 0.49389394329634195
0.4954321855235418, 0.5233974396325983
0.4986647926914968, 0.4925082734501482
0.49852424455375965, 0.546545193802928
0.5058327477160928, 0.5346951306150126
0.49852424455375965, 0.5184465583268042
0.5014757554462403, 0.5399345064363893
0.4966971187631764, 0.5149361259536273
0.5079409697821504, 0.5248707135104314
0.4983836964160225, 0.5158960587985879
0.4947294448348559, 0.5118846376041003
0.5007730147575544, 0.5164144205420602
0.5006324666198173, 0.5104900571544841
0.49739985945186227, 0.5373781080657027
0.4877020379479972, 0.5358214625191104
0.5082220660576248, 0.5242199866703555
0.493183415319747, 0.49395042741678097
0.5002108222066057, 0.5069525929399419
0.5058327477160928, 0.5151668128917193
0.5009135628952917, 0.5297840331060489
0.4952916373858046, 0.5030290843170014
0.5031623330990864, 0.5006784161053062
0.49501054111033027, 0.5115734795314092
0.5110330288123682, 0.5521897346335802
0.5024595924104006, 0.5085941042892788
0.49655657062543923, 0.5116547239070398
0.5052705551651441, 0.5317333944185086
0.5009135628952917, 0.5223663532297087
0.4962754743499649, 0.4725344996152949
0.5023190442726634, 0.5132051554345729
0.5014757554462403, 0.5021297510283956
0.49950808151791987, 0.536648604087937
0.5004919184820801, 0.5388025042764073
0.5038650737877723, 0.5571650872096147
0.49402670414617006, 0.5240129241073967
0.4954321855235418, 0.5165069470096507
0.51890372452565, 0.5656637682288381
0.4905130007027407, 0.49582610738471977
0.4948699929725931, 0.5321172662194926
0.4944483485593816, 0.5088540265416083
0.49346451159522137, 0.5065158760977883
0.4954321855235418, 0.5329717559989526
0.5051300070274068, 0.5035371702380398
0.4986647926914968, 0.47374833009322753
0.5055516514406184, 0.5256522283588303
0.4989458889669712, 0.48670227708418606
0.4961349262122277, 0.533454146720843
0.510049191848208, 0.5015099747056863
0.4916373858046381, 0.5101387548341025
0.49571328179901614, 0.5210166574768873
0.4983836964160225, 0.5390235430546787
0.5058327477160928, 0.5449760776940656
0.5069571328179902, 0.5361531847627179
0.4966971187631764, 0.5354635583680661
0.49950808151791987, 0.5152290367777326
0.5040056219255095, 0.5158930453351285
0.493183415319747, 0.5092086670409525
0.5076598735066761, 0.5091552664330994
0.49557273366127896, 0.5032268921590478
0.48573436401967673, 0.503866126586077
0.5030217849613493, 0.5410803397979885
0.4962754743499649, 0.5257622750844443
0.4878425860857344, 0.49552312650640934
0.501194659170766, 0.5005537625380418
0.5006324666198173, 0.49762480697117756
0.5121574139142656, 0.5386664383171561
0.49908643710470835, 0.5342946946651435
0.4966971187631764, 0.49588739704727447
0.48418833450456783, 0.48762299528923964
0.4954321855235418, 0.5270473999242369
0.4905130007027407, 0.5146082307818372
0.49908643710470835, 0.5227206543416839
0.49304286718200985, 0.5155007290501799
0.504427266338721, 0.5071403931011481
0.5110330288123682, 0.5260145819652655
0.500351370344343, 0.5219479177282973
0.501194659170766, 0.5310762045606604
0.5037245256500351, 0.5421589038904024
0.501194659170766, 0.5145656853219706
0.4938861560084329, 0.4995387700518713
0.4997891777933942, 0.5031286378267118
0.49191848208011246, 0.49773063816953705
0.5004919184820801, 0.5332300716826354
0.49739985945186227, 0.5332509031163366
0.4986647926914968, 0.509104578432118
0.4913562895291637, 0.5045978278954172
0.498805340829234, 0.5261525981503492
0.4978215038650738, 0.5043110751178188
0.5007730147575544, 0.5088915678372582
0.5013352073085031, 0.5407846733791469
0.503583977512298, 0.5106482709186638
0.490794096978215, 0.5146066052348921
0.5024595924104006, 0.4974194196181388
0.5028812368236121, 0.5014193083983135
0.4976809557273366, 0.5048155531901122
0.49262122276879833, 0.5187070754776058
0.4878425860857344, 0.4997858996102126
0.4884047786366831, 0.5026507280543883
0.49641602248770206, 0.5286198377277415
0.49852424455375965, 0.5190823363477374
0.5014757554462403, 0.5173795723954268
0.5021784961349263, 0.5228280167123469
0.498805340829234, 0.5201353568352904
0.4938861560084329, 0.5238583660269996
0.49655657062543923, 0.5103398257862104
0.5017568517217147, 0.5309590804367668
0.49009135628952916, 0.5356019171049202
0.4992269852424455, 0.5035122465114482
0.5002108222066057, 0.5138466932327955
0.4913562895291637, 0.5238192227960162
0.504427266338721, 0.4949467171351273
0.4968376669009136, 0.5019943205025589
0.5017568517217147, 0.5177419112666625
0.49739985945186227, 0.5029549171966209
0.49908643710470835, 0.5103456308034534
0.49402670414617006, 0.5018509288087869
0.49599437807449054, 0.5299252878383544
0.5054111033028812, 0.5283675246692435
0.49599437807449054, 0.5127992090013003
0.4903724525650035, 0.5040921477438749
0.5037245256500351, 0.5307635346947798
0.4971187631763879, 0.5144427876989703
0.49641602248770206, 0.5108682413552437
0.5054111033028812, 0.511971912574297
0.5097680955727336, 0.5049987785003658
0.5056921995783555, 0.5129496626619954
0.4948699929725931, 0.5176741462543364
0.4982431482782853, 0.5365180771836283
0.5086437104708362, 0.5170712780991594
0.4982431482782853, 0.5244749790335107
0.4961349262122277, 0.5117065406098613
0.49346451159522137, 0.526673473643982
0.4982431482782853, 0.49974634025326736
0.4986647926914968, 0.52032137006764
