ATE real, ATE estimado
0.4275474349964863, 0.4285344659602254
0.4258608573436402, 0.43872802660154975
0.43569922698524244, 0.44584790653940004
0.4352775825720309, 0.4416604515101005
0.43401264933239636, 0.40791232199729005
0.430498945888967, 0.4763182324581562
0.43345045678144767, 0.42183283549810424
0.42965565706254394, 0.4190906571407688
0.4292340126493324, 0.4350675769245013
0.43134223471539, 0.430302210432023
0.4289529163738581, 0.4311697277970365
0.4292340126493324, 0.43441668869354505
0.4241742796907941, 0.43288815961025096
0.43513703443429375, 0.40854304694661514
0.4397751229796205, 0.43454926807909877
0.4241742796907941, 0.42196802967049646
0.4372452565003514, 0.42290332627724414
0.4378074490513001, 0.4325830533974679
0.4331693605059733, 0.4371108117110574
0.4364019676739283, 0.43444808711405886
0.42501756851721717, 0.4298088234351226
0.43134223471539, 0.4405174099814548
0.4364019676739283, 0.4347532234630251
0.42825017568517215, 0.4313402628930931
0.4348559381588194, 0.42921588939378397
0.4330288123682361, 0.4429244839119964
0.4349964862965566, 0.4231037934503772
0.42333099086437104, 0.394710651874233
0.43415319747013353, 0.45576070108973216
0.43401264933239636, 0.42479293358621806
0.4399156711173577, 0.4370948032712449
0.4319044272663387, 0.40886143699218924
0.43555867884750527, 0.41694582599854413
0.4359803232607168, 0.44936619555792395
0.4378074490513001, 0.42770186107299535
0.4399156711173577, 0.43637565776854115
0.43513703443429375, 0.43707327108191607
0.43007730147575546, 0.4354603722037563
0.4292340126493324, 0.4451597010897299
0.4383696416022488, 0.43301726453628864
0.4397751229796205, 0.4405203722186903
0.4372452565003514, 0.4115900065851375
0.43134223471539, 0.43740949170611165
0.43513703443429375, 0.4169143869142238
0.43120168657765284, 0.42011026252710393
0.43274771609276175, 0.4218494243669665
0.4358397751229796, 0.46731063438893344
0.4333099086437105, 0.4331503589459391
0.4333099086437105, 0.43401375387763524
0.44638088545326776, 0.4375926320845071
0.4269852424455376, 0.4379374932125089
0.43668306394940265, 0.41823049978452004
0.43851018973998596, 0.45036064881142274
0.43668306394940265, 0.45919570572813734
0.43134223471539, 0.463173747350325
0.4344342937456079, 0.4535541934209367
0.43752635277582574, 0.45014365016253227
0.43569922698524244, 0.45660805344514815
0.4303583977512298, 0.41381043847803123
0.4245959241040056, 0.43196311567088924
0.44019676739283203, 0.4429445076794585
0.4309205903021785, 0.4376926801923731
0.42825017568517215, 0.45232213838999696
0.4240337315530569, 0.43852432091980775
0.4252986647926915, 0.45076437722489215
0.43738580463808857, 0.4297507586469345
0.43569922698524244, 0.4506896449037935
0.4358397751229796, 0.43258643039270067
0.42389318341531973, 0.4246266279997631
0.4185523541813071, 0.453200224272258
0.43865073787772313, 0.4189216274135288
0.4387912860154603, 0.4626101069365411
0.42487702037948, 0.4353531503820528
0.4407589599437807, 0.44102031587040263
0.4299367533380183, 0.4250991450288583
0.4260014054813774, 0.42902159056369127
0.43359100491918484, 0.4373894234170811
0.4404778636683064, 0.4429084568037191
0.41588193956430075, 0.4039139223278433
0.43794799718903726, 0.4508759470100054
0.43106113843991567, 0.4295197696305132
0.4213633169360506, 0.4335189338195684
0.44005621925509486, 0.4659245399542212
0.42557976106816586, 0.42902963296489555
0.4399156711173577, 0.45110467123604125
0.42881236823612084, 0.43851878259395527
0.43359100491918484, 0.4480261544731861
0.4376669009135629, 0.4632194126156818
0.42515811665495434, 0.41540325641545456
0.4268446943078004, 0.38166177455046485
0.4342937456078707, 0.458475201604819
0.44399156711173576, 0.4394379011549857
0.4303583977512298, 0.408617337465142
0.43106113843991567, 0.42517242548733747
0.43218552354181305, 0.4498819773265757
0.4293745607870696, 0.4540998623745558
0.4299367533380183, 0.3870202755802535
0.4347153900210822, 0.45086506896175876
0.42501756851721717, 0.36136548833564
0.42122276879831344, 0.3911315739284538
0.4274068868587491, 0.43096326738721974
0.4333099086437105, 0.42512453274039674
0.4392129304286718, 0.4480514407067508
0.4307800421644413, 0.4497589300911434
0.4364019676739283, 0.4606855467356605
0.4348559381588194, 0.4164074407342683
0.4338721011946592, 0.4498678489591535
0.4303583977512298, 0.402691091252698
0.43738580463808857, 0.4370654257500453
0.4354181307097681, 0.40704837052549386
0.44146170063246665, 0.45389659783717323
0.4326071679550246, 0.4444857225925489
0.4359803232607168, 0.4313335665704559
0.43626141953619113, 0.426631315062106
0.42670414617006325, 0.4450305354414369
0.4219255094869993, 0.3943425356732462
0.4265635980323261, 0.4301701065503528
0.4275474349964863, 0.4478016476062575
0.4208011243851019, 0.39277368730079243
0.4209416725228391, 0.4035544205735171
0.44104005621925507, 0.4660637987943709
0.42768798313422346, 0.42551371572344643
0.43457484188334505, 0.40323492730763516
0.4383696416022488, 0.44886227301246595
0.42951510892480677, 0.46790646913337575
0.4268446943078004, 0.4317892937437902
0.42951510892480677, 0.42294346787067477
0.4326071679550246, 0.4252030421339013
0.43457484188334505, 0.4540301964889127
0.43668306394940265, 0.44392728477066773
0.42726633872101194, 0.41959879677340683
0.44061841180604355, 0.41491197285238013
0.42881236823612084, 0.42868605609586025
0.44595924104005624, 0.43553467754237657
0.4320449754040759, 0.4457629855889362
0.43710470836261417, 0.4469279782382776
0.43134223471539, 0.4255057531323386
0.4285312719606465, 0.44805813925635724
0.4452565003513703, 0.43688700160034016
0.4342937456078707, 0.4109078212266192
0.430498945888967, 0.44542308088552246
0.43359100491918484, 0.44484548011467695
0.4497540407589599, 0.4838726322946087
0.4319044272663387, 0.44288410945961326
0.4299367533380183, 0.4313681882039642
0.44399156711173576, 0.4473383322844229
0.43752635277582574, 0.4296530667835255
0.42276879831342234, 0.4024951006671944
0.43569922698524244, 0.42256908345924177
0.4397751229796205, 0.4466553475645955
0.43345045678144767, 0.426300515306826
0.4293745607870696, 0.4031636873691917
0.4297962052002811, 0.43420114989831754
0.428109627547435, 0.41008826416538346
0.44342937456078707, 0.40442219975216165
0.430498945888967, 0.4495761404906558
0.42782853127196063, 0.435821079440349
0.4309205903021785, 0.442834332736008
0.4423049894588897, 0.4491513520331856
0.4432888264230499, 0.44042848521566685
0.4326071679550246, 0.4223887876762935
0.43176387912860154, 0.4213398596461418
0.4387912860154603, 0.4367506770515984
0.43063949402670415, 0.4518842315739592
0.428109627547435, 0.44120327039277035
0.4387912860154603, 0.4413306317565554
0.43752635277582574, 0.43716393758057415
0.43710470836261417, 0.41150619011850015
0.4289529163738581, 0.42570916746371557
0.43007730147575546, 0.44467863242368505
0.4333099086437105, 0.45042684718167064
0.4372452565003514, 0.4274261734805373
0.4432888264230499, 0.45304315578172577
0.4348559381588194, 0.44250013229394347
0.43021784961349263, 0.42977944809104324
0.43401264933239636, 0.42980620790857504
0.42670414617006325, 0.4309619360812767
0.4328882642304989, 0.4343425224313853
0.4365425158116655, 0.41508558316786626
0.4241742796907941, 0.4369099194733646
0.4368236120871398, 0.4517245359867224
0.43021784961349263, 0.4437884764255356
0.4408995080815179, 0.45731027699247573
0.43752635277582574, 0.44737541047696355
0.4403373155305692, 0.42771614525587803
0.4372452565003514, 0.4399117473153391
0.4365425158116655, 0.40965459735198856
0.4389318341531975, 0.4428878803166162
0.43808854532677444, 0.4423934798517522
0.4254392129304287, 0.4586745867199451
0.4348559381588194, 0.43580284385795315
0.4293745607870696, 0.42869653929479506
0.42557976106816586, 0.40584963114918177
0.43513703443429375, 0.45558680976331684
0.43176387912860154, 0.4260045757391036
0.43134223471539, 0.4273501895041315
0.4234715390021082, 0.45431792456915826
0.43007730147575546, 0.4282830071606649
0.44188334504567817, 0.4432141918914332
0.43555867884750527, 0.4311324210552572
0.42557976106816586, 0.4235889012168712
0.4328882642304989, 0.40947384094830874
0.4269852424455376, 0.42341495235513016
0.4279690794096978, 0.4311027432365352
0.42262825017568517, 0.4359257047128852
0.4330288123682361, 0.4302542330744544
0.4352775825720309, 0.4326920571921997
0.4283907238229093, 0.4147596221838584
0.4333099086437105, 0.4450206113393006
0.44061841180604355, 0.4463658034536243
0.42881236823612084, 0.46636597887210546
0.428109627547435, 0.41848438732797955
0.42670414617006325, 0.4347605913390328
0.43907238229093465, 0.4360045351665655
0.4289529163738581, 0.4442126975973942
0.4297962052002811, 0.40432309034891317
0.42122276879831344, 0.4022917017710396
0.4358397751229796, 0.41646032443662495
0.4247364722417428, 0.4129274081413478
0.4348559381588194, 0.401372400417874
0.43569922698524244, 0.44623456399707023
0.4349964862965566, 0.4297119329620192
0.4326071679550246, 0.4276796717420644
0.44005621925509486, 0.45419616832832227
0.4326071679550246, 0.4191889982041921
0.430498945888967, 0.41796447714738305
0.43176387912860154, 0.45269490010657537
0.4260014054813774, 0.42297806717954706
0.4309205903021785, 0.4570764586131462
0.4326071679550246, 0.43842101963840086
0.4383696416022488, 0.4688372651243864
0.4389318341531975, 0.4398094753310817
0.4303583977512298, 0.39840078921414257
0.4330288123682361, 0.44070003746421216
0.43120168657765284, 0.42742868161250586
0.43513703443429375, 0.43959351260370766
0.4314827828531272, 0.4302955141777952
0.42389318341531973, 0.4534040955625694
0.43134223471539, 0.4600533207364822
0.43949402670414617, 0.4665473617517993
0.43218552354181305, 0.4372390648685917
0.4289529163738581, 0.4233903665335154
0.44356992269852424, 0.433758836777301
0.42614195361911456, 0.42886815517323384
0.4333099086437105, 0.42066118401646907
0.43794799718903726, 0.4329264455299689
0.43359100491918484, 0.4412730961417044
0.4347153900210822, 0.41348213532038963
0.43162333099086436, 0.41439627555371916
0.43345045678144767, 0.399421642848906
0.4229093464511595, 0.42699391783631946
0.42670414617006325, 0.39558930698913564
0.4392129304286718, 0.4359539297354357
0.43569922698524244, 0.40099725320975743
0.433731553056922, 0.43215328465425673
0.41981728742094165, 0.4292662709059809
0.41981728742094165, 0.4287306062708974
0.4368236120871398, 0.43940353194855647
0.43513703443429375, 0.4486399715045137
0.44019676739283203, 0.443683845471171
0.43415319747013353, 0.44756799790698487
0.43626141953619113, 0.4332596962561043
0.43176387912860154, 0.42681370830606313
0.436964160224877, 0.46337404296570384
0.433731553056922, 0.42000490521035244
0.4314827828531272, 0.4341844389209311
0.43007730147575546, 0.4686046721985856
0.43401264933239636, 0.43438288137978504
0.4320449754040759, 0.4502936590684974
0.42572030920590304, 0.4386248984044754
0.4208011243851019, 0.43963009492734606
0.43513703443429375, 0.45373559737603286
0.43457484188334505, 0.43344139167733414
0.41714687280393536, 0.4189761851364191
0.43569922698524244, 0.4497453433463057
0.4342937456078707, 0.42251323879727226
0.4423049894588897, 0.45018996375231973
0.4427266338721012, 0.4529666948345701
0.4408995080815179, 0.43151407270546344
0.43134223471539, 0.43682013436717565
0.44581869290231907, 0.47279619165445214
0.4324666198172874, 0.42096811067980716
0.43851018973998596, 0.42450553116036116
0.4399156711173577, 0.4398558249633588
0.4292340126493324, 0.4016161097860912
0.42782853127196063, 0.4240300979331926
0.4403373155305692, 0.4277936541799872
0.4299367533380183, 0.43546903540279897
0.42867182009838367, 0.43303522080663426
0.4365425158116655, 0.4422250355279338
0.45045678144764584, 0.4575676942641516
0.4314827828531272, 0.44670647682075426
0.4403373155305692, 0.47117681909605863
0.4354181307097681, 0.45458860960865705
0.43106113843991567, 0.49174902777533913
0.43513703443429375, 0.4933034589358863
0.4320449754040759, 0.4262754796763469
0.430498945888967, 0.42100034388171625
0.43415319747013353, 0.43897181734426094
0.43063949402670415, 0.45070912765584714
0.42726633872101194, 0.42272942537352254
0.4364019676739283, 0.4151521266164949
0.4413211524947294, 0.45869557958071694
0.4349964862965566, 0.4395646966115135
0.4437104708362614, 0.43328845106542246
0.43513703443429375, 0.44710009565773523
0.43851018973998596, 0.4558476888125061
0.42515811665495434, 0.43762004063931503
0.4387912860154603, 0.4513166004495593
0.42951510892480677, 0.4239720288109886
0.43808854532677444, 0.416692177713963
0.4442726633872101, 0.45931816661503744
0.43851018973998596, 0.4273764231827644
0.4368236120871398, 0.4480256896122843
0.4328882642304989, 0.43883810434115966
0.4285312719606465, 0.4320225871728205
0.43401264933239636, 0.4313266722557238
0.4368236120871398, 0.42806618149147546
0.43626141953619113, 0.4491184930174774
0.42262825017568517, 0.43182985437237864
0.4344342937456079, 0.4385157420070077
0.43106113843991567, 0.4561453623925758
0.42333099086437104, 0.42649681438106213
0.4368236120871398, 0.4449054342165106
0.42951510892480677, 0.43728782893319984
0.4274068868587491, 0.44819868732874457
0.4456781447645819, 0.4006373623402166
0.4241742796907941, 0.4320500412975829
0.4376669009135629, 0.4488817769402045
0.4319044272663387, 0.42379714488174974
0.4399156711173577, 0.44636614242689404
0.4333099086437105, 0.4361396929439226
0.42909346451159525, 0.4546496064120668
0.42515811665495434, 0.3743423600068582
0.4219255094869993, 0.3931924098534207
0.43176387912860154, 0.4003081114595266
0.43134223471539, 0.3953872469449496
0.4407589599437807, 0.46137558229454845
0.44356992269852424, 0.4339760194326915
0.43021784961349263, 0.45147388567262225
0.4359803232607168, 0.4416790245991452
0.43555867884750527, 0.4284938892727205
0.4407589599437807, 0.45253071675462436
0.4314827828531272, 0.430823746548541
0.42712579058327477, 0.42306182489017724
0.4303583977512298, 0.40578545704049634
0.43401264933239636, 0.4110882369497648
0.43232607167955023, 0.4407211545972888
0.42726633872101194, 0.41996761347422684
0.43710470836261417, 0.4631477262937783
0.4423049894588897, 0.465629915545958
0.4219255094869993, 0.42737666392962065
0.4195361911454673, 0.41104260596663916
0.4326071679550246, 0.4266739207142375
0.43457484188334505, 0.40187641959328585
0.4389318341531975, 0.4490455510566607
0.42670414617006325, 0.4247883553564103
0.43232607167955023, 0.43569501335032407
0.43134223471539, 0.42550597217210967
0.4365425158116655, 0.4296839591166241
0.4347153900210822, 0.45039455705298426
0.4309205903021785, 0.42508570244304766
0.44019676739283203, 0.4354817472467661
0.43359100491918484, 0.41861232716499325
0.428109627547435, 0.40540303168121644
0.4397751229796205, 0.44812513491732997
0.44188334504567817, 0.45912693788355075
0.43612087139845396, 0.4627970519798608
0.42825017568517215, 0.4299707193227881
0.43415319747013353, 0.4308566807432605
0.436964160224877, 0.43673586703978434
0.43063949402670415, 0.46410871546574517
0.43808854532677444, 0.456182476220179
0.4378074490513001, 0.4318356631652065
0.44061841180604355, 0.43959917080736555
0.44258608573436403, 0.4673443572774448
0.433731553056922, 0.4288462376681678
0.4403373155305692, 0.44153607120656896
0.4319044272663387, 0.4212272427107076
0.4314827828531272, 0.4192059319413195
0.4382290934645116, 0.44504518774281876
0.4275474349964863, 0.4172547194752657
0.4283907238229093, 0.4087815740601509
0.4299367533380183, 0.40811998719011705
0.4254392129304287, 0.4193319548017106
0.43738580463808857, 0.4520225953924634
0.4428671820098384, 0.4563997538635212
0.43513703443429375, 0.4289806262706177
0.43063949402670415, 0.4189509637732782
0.4407589599437807, 0.42458190466616313
0.42487702037948, 0.39620030324488653
0.4229093464511595, 0.410704653319227
0.4236120871398454, 0.4270018848549341
0.4205200281096276, 0.39446824674923375
0.43612087139845396, 0.4245502414303385
0.4333099086437105, 0.44593535187516453
0.42712579058327477, 0.43757139672788864
0.43710470836261417, 0.4730726907121362
0.4397751229796205, 0.4455502214116725
0.4383696416022488, 0.4226251850406314
0.4448348559381588, 0.44034242698185483
0.42867182009838367, 0.45719393782589
0.4307800421644413, 0.4156453261140662
0.4397751229796205, 0.40941423917257347
0.4399156711173577, 0.4500684366214562
0.4219255094869993, 0.39808567223726943
0.43232607167955023, 0.46305094947959635
0.43513703443429375, 0.44653547764726914
0.43176387912860154, 0.42918962926344345
0.4303583977512298, 0.4142327185844365
0.43710470836261417, 0.45545548639604333
0.43555867884750527, 0.44530090704656056
0.4399156711173577, 0.45155955727496633
0.4285312719606465, 0.44581362856818146
0.4348559381588194, 0.4326283298878291
0.4348559381588194, 0.41288371183642636
0.4403373155305692, 0.4412971200526194
0.43274771609276175, 0.4628205990849949
0.44005621925509486, 0.4490532172004194
0.42726633872101194, 0.454260006221101
0.4365425158116655, 0.44422148557770547
0.43218552354181305, 0.43410593057612745
0.43612087139845396, 0.4206440124661825
0.4150386507378777, 0.4173041268942807
0.4331693605059733, 0.42108257975372515
0.42319044272663386, 0.4239761660497152
0.4319044272663387, 0.44487945638726395
0.43218552354181305, 0.4193980163891637
0.43865073787772313, 0.44194149532575583
0.43808854532677444, 0.44111654820218876
0.441742796907941, 0.4230234224296772
0.4319044272663387, 0.4226802488482263
0.42614195361911456, 0.42224010502044473
0.4320449754040759, 0.44240754555815537
0.441742796907941, 0.45546224276033476
0.4489107519325369, 0.4328540187248152
0.4349964862965566, 0.44287832315691555
0.43063949402670415, 0.4487112588353424
0.42768798313422346, 0.41571923026152774
0.4352775825720309, 0.4028887181850928
0.43401264933239636, 0.4272970095735632
0.4328882642304989, 0.41371775252735715
0.4342937456078707, 0.413841829512623
0.4328882642304989, 0.43425972062016555
0.43710470836261417, 0.4202507913893805
0.44019676739283203, 0.4364684282609404
0.43401264933239636, 0.4210964162167974
0.44356992269852424, 0.43409584207411583
0.430498945888967, 0.42770166645417146
0.43232607167955023, 0.4584540446458005
0.4156008432888264, 0.4056882679946515
0.43612087139845396, 0.43794212516651965
0.43176387912860154, 0.42133937425416534
0.4293745607870696, 0.4456018405082495
0.43021784961349263, 0.434402869039864
0.44595924104005624, 0.43008572663803174
0.4285312719606465, 0.4146124206161844
0.43021784961349263, 0.44443360521017455
0.42825017568517215, 0.43384058646654405
0.43738580463808857, 0.38621123305657534
0.43612087139845396, 0.42240010034123077
0.4244553759662684, 0.4389929810694593
0.436964160224877, 0.4563798299463864
0.43752635277582574, 0.4219004091051916
0.4338721011946592, 0.4320150448772815
0.43907238229093465, 0.46439912363154956
0.4347153900210822, 0.44045873317934053
0.4338721011946592, 0.4490223434154102
0.42557976106816586, 0.41384450123670546
0.4265635980323261, 0.4253127803753187
0.4230498945888967, 0.4154379171758666
0.43808854532677444, 0.44337911227875176
0.4274068868587491, 0.41353216013847277
0.4175685172171469, 0.4119483135232276
0.43359100491918484, 0.4482000802939301
0.43808854532677444, 0.44404467744231524
0.4303583977512298, 0.42090893609431446
0.4283907238229093, 0.44843807502538197
0.4338721011946592, 0.43741840711241015
0.4437104708362614, 0.427204033042239
0.44146170063246665, 0.45608839098291304
0.4330288123682361, 0.4548918490373425
0.43865073787772313, 0.4549350366637251
0.4319044272663387, 0.430140643287531
0.44553759662684467, 0.42464079276000627
0.4326071679550246, 0.39304193148452743
0.42909346451159525, 0.42673850297407406
0.4383696416022488, 0.4028567748261664
0.42881236823612084, 0.4383211426033782
0.4348559381588194, 0.43407412384257665
0.4358397751229796, 0.45358482223187707
0.43232607167955023, 0.43317985287263344
0.4331693605059733, 0.425883507641284
0.43232607167955023, 0.4565034645634212
0.4359803232607168, 0.43913498848989013
0.44244553759662686, 0.43656520597159465
0.4275474349964863, 0.4120418192070268
0.43612087139845396, 0.4381076596513466
0.4236120871398454, 0.4610142384029337
0.43612087139845396, 0.3992427855226094
0.4378074490513001, 0.4312702248843136
0.41981728742094165, 0.43554415690289305
0.4347153900210822, 0.453783517283384
0.44061841180604355, 0.41626781520406153
0.43949402670414617, 0.45677043686482627
0.42825017568517215, 0.468745482306545
0.43134223471539, 0.4257482538188309
0.43851018973998596, 0.46326136202813445
0.4319044272663387, 0.4313983144038442
0.4347153900210822, 0.4312250228194696
0.42782853127196063, 0.4067580415523111
0.42628250175685173, 0.41205667219315095
0.44806746310611384, 0.4529973605021781
0.4338721011946592, 0.44686293996396426
0.43401264933239636, 0.43219002436916437
0.4364019676739283, 0.4504642473082718
0.42768798313422346, 0.4563818688558305
0.42768798313422346, 0.4392267090697047
0.4297962052002811, 0.4100130328486304
0.4236120871398454, 0.45847265377681273
0.44342937456078707, 0.44607885697292626
0.4397751229796205, 0.4318682846378352
0.41939564300773013, 0.44935806435397785
0.43218552354181305, 0.4408330096427872
0.428109627547435, 0.4203159600711069
0.4389318341531975, 0.4167463391764468
0.44019676739283203, 0.4244934398048441
0.43007730147575546, 0.42845864130415384
0.44300773014757555, 0.46709937421423414
0.4247364722417428, 0.442235903028546
0.43851018973998596, 0.4333990632136867
0.43162333099086436, 0.4107864831500508
0.4328882642304989, 0.42606822023582946
0.43021784961349263, 0.44784673262264824
0.43162333099086436, 0.43685033661311284
0.43794799718903726, 0.4746138603660307
0.4319044272663387, 0.4336423846168043
0.43668306394940265, 0.4359876419349728
0.4403373155305692, 0.4174539328918876
0.42881236823612084, 0.4108541490171314
0.43021784961349263, 0.43650560868046345
0.4387912860154603, 0.4637089308559872
0.4297962052002811, 0.43609249611711526
0.43808854532677444, 0.4402412671208877
0.4252986647926915, 0.40980292688576964
0.4364019676739283, 0.4379487588922088
0.4319044272663387, 0.4299245343465195
0.4333099086437105, 0.45861252162636634
0.42487702037948, 0.4126041784019002
0.4413211524947294, 0.445226396118453
0.428109627547435, 0.41195853251155007
0.42333099086437104, 0.429223080181214
0.4328882642304989, 0.45523585755757545
0.4403373155305692, 0.45660067689652745
0.44146170063246665, 0.4453392742677184
0.43218552354181305, 0.4479018562471345
0.4299367533380183, 0.4407745736412232
0.4462403373155306, 0.4422430309802674
0.433731553056922, 0.4155880531702518
0.4378074490513001, 0.44346086355147063
0.439353478566409, 0.4496639967858976
0.4378074490513001, 0.4573178472716389
0.4348559381588194, 0.4497660293823789
0.4299367533380183, 0.42326991999213354
0.4378074490513001, 0.41941657268905025
0.4324666198172874, 0.4172949778190019
0.42951510892480677, 0.4223253518097624
0.42501756851721717, 0.4183896082850767
0.433731553056922, 0.4292789157174643
0.44061841180604355, 0.4343820762090821
0.41869290231904427, 0.43861641262088197
0.4354181307097681, 0.446975459484867
0.4338721011946592, 0.4737787177267749
0.4269852424455376, 0.4401975157121707
0.4283907238229093, 0.41830507672626527
0.42768798313422346, 0.4301408206741564
0.4314827828531272, 0.44188774775155626
0.4387912860154603, 0.44831597611632906
0.43274771609276175, 0.4369264035571916
0.4348559381588194, 0.43376326676663907
0.4342937456078707, 0.415890082163926
0.433731553056922, 0.44555848120106245
0.4365425158116655, 0.4493178844459286
0.44019676739283203, 0.41562081519513555
0.4399156711173577, 0.4389025555159907
0.43232607167955023, 0.3945170253556091
0.43612087139845396, 0.43617780783073384
0.4349964862965566, 0.4209985930769278
0.44652143359100493, 0.4392314240506467
0.42614195361911456, 0.4247414590204089
0.43626141953619113, 0.43191246441496745
0.44118060435699225, 0.41979554337471925
0.42951510892480677, 0.427938707852887
0.41630358397751227, 0.39845547640427764
0.43218552354181305, 0.44169922882772106
0.4376669009135629, 0.45676391631520674
0.4397751229796205, 0.45818097611215564
0.4368236120871398, 0.4272338476762428
0.42487702037948, 0.41477899900487497
0.42572030920590304, 0.4455204589380621
0.43710470836261417, 0.4232627399199477
0.4407589599437807, 0.4279871445509911
0.43120168657765284, 0.4564775078116828
0.4383696416022488, 0.4335864545134804
0.43120168657765284, 0.4123294577015294
0.4359803232607168, 0.425047816796247
0.4383696416022488, 0.4293532586252713
0.43232607167955023, 0.4325944726270739
0.4408995080815179, 0.44298517877357724
0.43949402670414617, 0.4523195438934647
0.44455375966268446, 0.44364390833975886
0.4234715390021082, 0.4004953685285978
0.44019676739283203, 0.45542317704013563
0.4299367533380183, 0.40460808996495135
0.4236120871398454, 0.40395445112212325
0.4408995080815179, 0.41563672494635323
0.43457484188334505, 0.4328274046130549
0.43359100491918484, 0.46507228879779816
0.4407589599437807, 0.468100349314014
0.4348559381588194, 0.4080247265514528
0.4407589599437807, 0.43475451459784253
0.43569922698524244, 0.4394425395375132
0.4319044272663387, 0.42927464352159633
0.44258608573436403, 0.4360995949459526
0.4234715390021082, 0.4068088429492975
0.43232607167955023, 0.44986369188086933
0.4330288123682361, 0.4103485232024303
0.42670414617006325, 0.4087283461394034
0.4349964862965566, 0.41258750140190353
0.43274771609276175, 0.4333926284600173
0.42867182009838367, 0.406116498289535
0.42389318341531973, 0.42654496398532116
0.433731553056922, 0.4323308081725809
0.4331693605059733, 0.42538840769933023
0.43626141953619113, 0.46594280606886423
0.43555867884750527, 0.45590026436039416
0.43668306394940265, 0.4612101285234453
0.4333099086437105, 0.44909415574816697
0.42501756851721717, 0.4412909704049675
0.42726633872101194, 0.42295382728779285
0.43063949402670415, 0.4469508407010452
0.42951510892480677, 0.4109878259401718
0.4347153900210822, 0.4322774947427104
0.4275474349964863, 0.4295942692298555
0.43710470836261417, 0.4516505556394512
0.4342937456078707, 0.41829160383742464
0.4344342937456079, 0.43213207263059167
0.4352775825720309, 0.4616740575589521
0.4372452565003514, 0.45636908333474124
0.4382290934645116, 0.4449566410065683
0.4265635980323261, 0.44247746457071313
0.4342937456078707, 0.4559688967155883
0.4241742796907941, 0.422682016728848
0.43794799718903726, 0.4498642133542856
0.42965565706254394, 0.4482898182919053
0.44188334504567817, 0.4323097774483289
0.4328882642304989, 0.45337250221198666
0.4331693605059733, 0.42715656109958106
0.4265635980323261, 0.4227962223922132
0.43415319747013353, 0.4255539736789301
0.4292340126493324, 0.42554056202009377
0.4347153900210822, 0.41772704296051244
0.4244553759662684, 0.40905430508488416
0.44342937456078707, 0.4407914342976533
0.4349964862965566, 0.44179139487794633
0.4275474349964863, 0.43473035848316377
0.43134223471539, 0.45278632421574744
0.4432888264230499, 0.43576166089564705
0.43274771609276175, 0.4167835914228629
0.4368236120871398, 0.451138237922532
0.43626141953619113, 0.4292757457418385
0.4241742796907941, 0.4382048578338856
0.4348559381588194, 0.42680706266831586
0.43162333099086436, 0.40128555157400936
0.43345045678144767, 0.44040781241593413
0.43668306394940265, 0.4202362213751156
0.4403373155305692, 0.4178413026663003
0.43021784961349263, 0.4306766301276896
0.43134223471539, 0.4592486261064339
0.4241742796907941, 0.4216329524772972
0.4399156711173577, 0.44947454509867035
0.44005621925509486, 0.4646303759587093
0.43612087139845396, 0.4355273039504258
0.43907238229093465, 0.4578537078533885
0.44413211524947294, 0.42707474627786535
0.4408995080815179, 0.469173328507348
0.43176387912860154, 0.4088462387267182
0.43176387912860154, 0.42139082292755436
0.4354181307097681, 0.43413445090281805
0.42108222066057627, 0.405891461541523
0.4252986647926915, 0.4198515231012494
0.43021784961349263, 0.43756332441415596
0.43063949402670415, 0.42331314400102615
0.441742796907941, 0.4496131101973283
0.4234715390021082, 0.4248579110368505
0.42572030920590304, 0.45727110169384216
0.4421644413211525, 0.45676634442768416
0.4358397751229796, 0.4496109177502676
0.4331693605059733, 0.47414842386719674
0.42712579058327477, 0.4146395706045193
0.4399156711173577, 0.44526269306106275
0.43513703443429375, 0.4382276461059799
0.4359803232607168, 0.45281311749587405
0.4359803232607168, 0.47121269487645284
0.43218552354181305, 0.4312456457629546
0.4303583977512298, 0.449962753992383
0.43808854532677444, 0.45990703990017223
0.4303583977512298, 0.42211910775855677
0.4274068868587491, 0.4124220991879241
0.43232607167955023, 0.44263808353139633
0.4376669009135629, 0.4336491069532126
0.42768798313422346, 0.45055769218713126
0.4289529163738581, 0.44214326496561046
0.4358397751229796, 0.45082850167176314
0.4307800421644413, 0.4315682383851942
0.42867182009838367, 0.4296936893892196
0.4404778636683064, 0.4516362954078461
0.43626141953619113, 0.4471953161784118
0.43415319747013353, 0.4360526153333793
0.4326071679550246, 0.4088156245665618
0.436964160224877, 0.44328243528210226
0.4289529163738581, 0.40105740070007734
0.4333099086437105, 0.43968502323971226
0.4260014054813774, 0.4007347724414996
0.42487702037948, 0.4195457635125934
0.43457484188334505, 0.4475907232788022
0.4307800421644413, 0.4112096934331938
0.4403373155305692, 0.44099008281846463
0.42515811665495434, 0.4341725742518518
0.4359803232607168, 0.43186126853599177
0.43106113843991567, 0.42887751779278577
0.42375263527758256, 0.40448397599319563
0.436964160224877, 0.4543491249951094
0.4324666198172874, 0.4382989421889056
0.4383696416022488, 0.45209645439717605
0.43176387912860154, 0.42667215853150925
0.43808854532677444, 0.4507704627405969
0.42515811665495434, 0.44051315762395893
0.43457484188334505, 0.4637110239650597
0.4274068868587491, 0.42059352379342463
0.4320449754040759, 0.4388828923422058
0.43134223471539, 0.4429929825745733
0.4274068868587491, 0.42728795616687393
0.42122276879831344, 0.4222783879603297
0.4326071679550246, 0.4437640474860709
0.4240337315530569, 0.4191800890903523
0.4416022487702038, 0.43737334727091914
0.42557976106816586, 0.41809689279605716
0.436964160224877, 0.43129804997050314
0.428109627547435, 0.42969892454071074
0.43949402670414617, 0.4402736898223652
0.43794799718903726, 0.42234902889724024
0.4289529163738581, 0.4477015876630245
0.433731553056922, 0.4162309939452204
0.44244553759662686, 0.4463892249278756
0.4423049894588897, 0.45807475660569685
0.4307800421644413, 0.438933789676135
0.42726633872101194, 0.42465229300687235
0.44061841180604355, 0.4777879138909847
0.4416022487702038, 0.45935659335126616
0.42572030920590304, 0.4282146212366917
0.4264230498945889, 0.42335646825689605
0.436964160224877, 0.47532732064912564
0.4368236120871398, 0.4619455432430312
0.4268446943078004, 0.4553853636769046
0.4279690794096978, 0.4219248909486512
0.433731553056922, 0.4327004443777883
0.4331693605059733, 0.4477715332699824
0.4338721011946592, 0.4242047725775389
0.44750527055516515, 0.44870687176629337
0.43710470836261417, 0.4455408195945225
0.4387912860154603, 0.44659056609839637
0.43063949402670415, 0.44260784620895827
0.4320449754040759, 0.44726613974698703
0.4330288123682361, 0.4305829450004891
0.4354181307097681, 0.419816605870517
0.4240337315530569, 0.4246703638965715
0.42951510892480677, 0.4368799628862149
0.43555867884750527, 0.433893871103063
0.4348559381588194, 0.44485711364071684
0.42333099086437104, 0.43449716464501587
0.4245959241040056, 0.41473118736520226
0.433731553056922, 0.42783946622867675
0.4285312719606465, 0.433428993752727
0.4274068868587491, 0.41436690183312164
0.4376669009135629, 0.42301265356019063
0.4328882642304989, 0.4017261597115307
0.43134223471539, 0.45810677410865885
0.42262825017568517, 0.38900615360022295
0.4397751229796205, 0.4475572379681451
0.42670414617006325, 0.43839310349507987
0.4303583977512298, 0.4544867489421939
0.4354181307097681, 0.44851818593965775
0.4354181307097681, 0.4000450870377143
0.4297962052002811, 0.43841204013318247
0.44118060435699225, 0.44607164107190606
0.4333099086437105, 0.4183121858513024
0.44118060435699225, 0.44193111779384187
0.4387912860154603, 0.4212206087469201
0.4283907238229093, 0.40789651209506705
0.43021784961349263, 0.4320526112115827
0.4252986647926915, 0.43016045132811837
0.4279690794096978, 0.42510052126401854
0.42965565706254394, 0.420212843612031
0.4349964862965566, 0.44263513283035205
0.436964160224877, 0.45356157531510405
0.44146170063246665, 0.4451093517358005
0.4244553759662684, 0.414937076579097
0.43162333099086436, 0.43940411787819755
0.4264230498945889, 0.4003793446814265
0.4378074490513001, 0.42763804022843993
0.43021784961349263, 0.4451726462658902
0.4376669009135629, 0.4181389436151284
0.42965565706254394, 0.42883463197418925
0.43626141953619113, 0.4537866217284376
0.43851018973998596, 0.43948055880621323
0.43401264933239636, 0.43762435660323673
0.42965565706254394, 0.4269728310044136
0.43626141953619113, 0.43970762146687
0.4331693605059733, 0.4280441149710764
0.428109627547435, 0.4539552314613163
0.43218552354181305, 0.45253596623388365
0.4283907238229093, 0.392939774636707
0.4389318341531975, 0.4390871764964434
0.4331693605059733, 0.44395713967288186
0.4437104708362614, 0.43039001589068554
0.4244553759662684, 0.4121581239653827
0.42276879831342234, 0.4500376093989882
0.4342937456078707, 0.43059878844849814
0.4254392129304287, 0.4104609003468056
0.4326071679550246, 0.44414628639610776
0.4331693605059733, 0.45908096589630726
0.44118060435699225, 0.4474514093114432
0.4230498945888967, 0.4060803291506169
0.4230498945888967, 0.42481537695389293
0.43007730147575546, 0.4273257355164518
0.43794799718903726, 0.43912815387934634
0.4247364722417428, 0.43725167382947167
0.4208011243851019, 0.42976592529519964
0.43232607167955023, 0.4209944543582035
0.42614195361911456, 0.39899871661989833
0.4364019676739283, 0.4414961894413403
0.4338721011946592, 0.43454434301701816
0.44342937456078707, 0.44353296131207803
0.43401264933239636, 0.44010383749583004
0.430498945888967, 0.42340576939903357
0.4392129304286718, 0.46160895809911623
0.422487702037948, 0.4212014302363428
0.4344342937456079, 0.4237801673828023
0.436964160224877, 0.4395220994611567
0.43232607167955023, 0.4250951801572087
0.4292340126493324, 0.42854464299671113
0.43345045678144767, 0.426066563736005
0.4413211524947294, 0.42262860624490584
0.4254392129304287, 0.424867960102199
0.4240337315530569, 0.44350139017366713
0.43063949402670415, 0.40863624375214147
0.42614195361911456, 0.4336541700076314
0.43555867884750527, 0.4234745047426049
0.44146170063246665, 0.4137267798275152
0.4293745607870696, 0.4298921742334619
0.4293745607870696, 0.4388461322094782
0.43021784961349263, 0.43684717672473994
0.43232607167955023, 0.42881959354847365
0.4359803232607168, 0.42885604718883324
0.43162333099086436, 0.42720258651784393
0.42867182009838367, 0.42696561735677435
0.4399156711173577, 0.44312112290829
0.44104005621925507, 0.4386875139530413
0.43569922698524244, 0.4185707925863975
0.4365425158116655, 0.4166499540934357
0.4338721011946592, 0.4630890243633573
0.4309205903021785, 0.43969684596358416
0.44511595221363315, 0.4570975471178979
0.42066057624736475, 0.44443989799695266
0.4275474349964863, 0.4323456508246
0.4292340126493324, 0.4505554507543088
0.43021784961349263, 0.4207531172199334
0.4293745607870696, 0.4320439466962321
0.42670414617006325, 0.42621731833478393
0.4413211524947294, 0.43197298857413047
0.43569922698524244, 0.45903515740989836
0.4354181307097681, 0.4501973894165963
0.43710470836261417, 0.47844671408293865
0.44792691496837667, 0.42864738854867723
0.4342937456078707, 0.44127494807743667
0.43021784961349263, 0.4401954375228757
0.42782853127196063, 0.43306827351093113
0.43612087139845396, 0.44304064122793146
0.43794799718903726, 0.44290130101186576
0.42881236823612084, 0.4260142682076714
0.43626141953619113, 0.4098757365123252
0.4330288123682361, 0.4804785149521256
0.43401264933239636, 0.42145094156349683
0.428109627547435, 0.40863015198885816
0.4365425158116655, 0.43576174514281263
0.4368236120871398, 0.4279671971666043
0.4408995080815179, 0.40534586098623454
0.4252986647926915, 0.42180819228690997
0.436964160224877, 0.4443633645878276
0.4349964862965566, 0.4496060983555707
0.430498945888967, 0.4219746627530408
0.42881236823612084, 0.43735148631945
0.43865073787772313, 0.45833448922096687
0.4358397751229796, 0.43835288890192026
0.42881236823612084, 0.4304336303853706
0.4331693605059733, 0.4224721280614405
0.43612087139845396, 0.4403172186575947
0.4423049894588897, 0.40514667285666917
0.43218552354181305, 0.42393202108488176
0.42782853127196063, 0.41876057203512124
0.42951510892480677, 0.4494431477428821
0.4264230498945889, 0.42235022219070334
0.4307800421644413, 0.4444605793721049
0.4309205903021785, 0.43712763680102545
0.42670414617006325, 0.41990519366358814
0.43612087139845396, 0.41447840748242465
0.43513703443429375, 0.4504613858893174
0.4219255094869993, 0.4134324349558903
0.42726633872101194, 0.4500071071475713
0.4324666198172874, 0.44977035890631206
0.4352775825720309, 0.4246520058970636
0.4349964862965566, 0.4499546813549231
0.44413211524947294, 0.4626969693535854
0.43555867884750527, 0.42222392867881514
0.428109627547435, 0.4073744059175245
0.4324666198172874, 0.45283365073248544
0.43668306394940265, 0.42230240279024167
0.42431482782853125, 0.43300579659289834
0.42319044272663386, 0.42835814476156686
0.4230498945888967, 0.40925866286359147
0.43021784961349263, 0.4441525894263063
0.4324666198172874, 0.41792232533770807
0.4299367533380183, 0.40386538660204785
0.42768798313422346, 0.43269228943487276
0.43808854532677444, 0.45974263935399956
0.42867182009838367, 0.4014028956261947
0.43569922698524244, 0.4278181324043515
0.4372452565003514, 0.44376786344513375
0.43569922698524244, 0.41528007965313607
0.43555867884750527, 0.43740796206793425
0.4285312719606465, 0.4478518154703036
0.4303583977512298, 0.4236221847728969
0.4309205903021785, 0.4062875604876805
0.4292340126493324, 0.4532459760101554
0.4314827828531272, 0.40508232957997503
0.43710470836261417, 0.4271219883582652
0.4252986647926915, 0.407156983740175
0.4403373155305692, 0.4437487604279454
0.4365425158116655, 0.4470169936249533
0.4328882642304989, 0.447834521167685
0.43162333099086436, 0.44676861649367766
0.4349964862965566, 0.4543016818223297
0.4328882642304989, 0.41490692596301704
0.43752635277582574, 0.44768266992805994
0.43569922698524244, 0.42151067972186385
0.44455375966268446, 0.4554839753936177
0.42782853127196063, 0.4173488125975779
0.43007730147575546, 0.4379988907455176
0.4240337315530569, 0.42434250757933745
0.4372452565003514, 0.40426756032927097
0.43752635277582574, 0.4437371510835055
0.4268446943078004, 0.4306529570149999
0.4365425158116655, 0.4752294678870679
0.42909346451159525, 0.42882847194792434
0.4292340126493324, 0.4103330744835968
0.4202389318341532, 0.3902342419093155
0.43218552354181305, 0.4533685175218358
0.4264230498945889, 0.4393978402969918
0.43134223471539, 0.4450231482239355
0.4338721011946592, 0.4376841745336156
0.42825017568517215, 0.4063955892360559
0.4299367533380183, 0.4309390576424898
0.43176387912860154, 0.4196663764358063
0.4247364722417428, 0.4295732846038377
0.42515811665495434, 0.42641355800757985
0.43176387912860154, 0.41570334587173546
0.43865073787772313, 0.45386567871927397
0.43274771609276175, 0.452938745903495
0.42726633872101194, 0.43451344600247316
0.4275474349964863, 0.4606055214759282
0.42712579058327477, 0.4130534366978056
0.44848910751932536, 0.431908102939471
0.4333099086437105, 0.4135651388689405
0.42726633872101194, 0.41281322453718267
0.4382290934645116, 0.4228487690065789
0.43218552354181305, 0.4179064542003872
0.4254392129304287, 0.4347953229163755
0.4260014054813774, 0.42707580707032045
0.42951510892480677, 0.45136376186743715
0.4299367533380183, 0.4587298861375957
0.42670414617006325, 0.4435541442697339
0.43176387912860154, 0.43929660754051536
0.4354181307097681, 0.4096553657050689
0.4269852424455376, 0.4379370384223914
0.4326071679550246, 0.4578863169267648
0.43569922698524244, 0.44323684501775756
0.43359100491918484, 0.4084114103871884
0.42782853127196063, 0.41833097304728534
0.4333099086437105, 0.40444934209662964
