# MSE: 0.008340712579370883, 0.004217222817357934, 0.006457983108026853
# ATE, linear, probit, logit
0.5030425963488844, 0.36228483264956657, 0.41194065456569984, 0.43705487427429235
0.4898580121703854, 0.4030510106576097, 0.48182045061340517, 0.5070120277836475
0.5091277890466531, 0.4407810264836318, 0.5072047977831111, 0.5525013950617521
0.48377281947261663, 0.4759760821019977, 0.5676574134365986, 0.6204073271573673
0.49391480730223125, 0.40812838672091445, 0.48097193006338324, 0.5154221594487757
0.5121703853955375, 0.4608966458056919, 0.5340568283511606, 0.5864570641932065
0.5070993914807302, 0.4612525533450371, 0.5559363756078841, 0.5917852991677914
0.4969574036511156, 0.4529942893314024, 0.5393873659651527, 0.5832406700872754
0.4817444219066937, 0.4440576648405415, 0.5246634765059748, 0.579133630943327
0.5121703853955375, 0.42237358133758934, 0.4871905012055352, 0.5509789774421371
0.5101419878296146, 0.4528340442931855, 0.5208104859962934, 0.5698622776065829
0.48782961460446245, 0.43373684868757245, 0.5179822890909611, 0.5521304902165161
0.513184584178499, 0.5066732061357321, 0.603455721393422, 0.6474390650716872
0.5070993914807302, 0.44607199749913395, 0.5321000497742726, 0.5746136143382448
0.4898580121703854, 0.3709775072672018, 0.43120169738814107, 0.47052669877638986
0.48884381338742394, 0.3907843016366578, 0.4612087255667723, 0.4821848161554297
0.4827586206896552, 0.4072994153002101, 0.4814026484791555, 0.5263299021798533
0.5223123732251521, 0.38143847376630374, 0.47190007869103134, 0.515431281363078
0.4716024340770791, 0.422134689356117, 0.5169577539773281, 0.5391658718136595
0.486815415821501, 0.3823227490573129, 0.41987269825165985, 0.4727385920287196
0.49898580121703856, 0.4308098791777504, 0.5234022560927192, 0.5544956786121094
0.5172413793103449, 0.5262860936563698, 0.6217112214155615, 0.668882171732882
0.5040567951318459, 0.41121782937661355, 0.48282448470381767, 0.5078310504801351
0.4898580121703854, 0.3864430685625531, 0.4539697994869174, 0.5000820734266838
0.48782961460446245, 0.45519199836011615, 0.5375473419834519, 0.568223661786117
0.48782961460446245, 0.47559111584075775, 0.5569821142511793, 0.6076285121660574
0.5192697768762677, 0.40655142655269727, 0.4794007555856096, 0.511783767109787
0.49290060851926976, 0.39992637063154457, 0.47117492229969526, 0.4902100464344322
0.5070993914807302, 0.4336968467624023, 0.5274456490915129, 0.5511814245427359
0.5010141987829615, 0.3475748661934475, 0.4042025019513512, 0.4414285439850957
0.5020283975659229, 0.39472000239495175, 0.4701503179478782, 0.4917123003171595
0.48580121703853957, 0.4262215021388321, 0.49729945342966875, 0.5640308582664485
0.49898580121703856, 0.4528027504426988, 0.5265742772935189, 0.5639003633759895
0.4969574036511156, 0.4459892860621675, 0.5178347942620346, 0.581081968899552
0.5, 0.5148039857178544, 0.5929938319677994, 0.6186889360705874
0.5030425963488844, 0.4274951501023587, 0.5146324740855424, 0.5694756190063104
0.48782961460446245, 0.4402562822760111, 0.5254908046070355, 0.5782313502897594
0.5050709939148073, 0.5361807553493131, 0.6399987862276426, 0.6695259386187247
0.5, 0.48719483906421124, 0.5964073484359611, 0.6334313843813947
0.5091277890466531, 0.48058311259680575, 0.6005454244838404, 0.6294879445347179
0.4969574036511156, 0.5246645077173779, 0.6332311705241004, 0.7061845536034124
0.5121703853955375, 0.38692406084222486, 0.46372738951882486, 0.48907359865932576
0.4847870182555781, 0.44307767005320503, 0.5252546752532463, 0.5507507740411844
0.4827586206896552, 0.43800444456470866, 0.5160941740512746, 0.5451434549107529
0.5081135902636917, 0.44932453549534945, 0.5491905917607833, 0.5799062149389861
0.473630831643002, 0.36401410748274554, 0.4251569168227213, 0.460837746575447
0.48580121703853957, 0.47102666423269623, 0.5510913941440939, 0.5965102155674464
0.5040567951318459, 0.3951959316515291, 0.4508636229229084, 0.4723596117809352
0.49898580121703856, 0.4556353219764272, 0.566928496471892, 0.6024961128661577
0.4594320486815416, 0.3554591922062229, 0.42871727942932314, 0.47144576648312775
0.5162271805273834, 0.4238652041562133, 0.49372322315795925, 0.5563403023461694
0.5070993914807302, 0.42907165890795257, 0.5235566826939924, 0.5567493626467757
0.5050709939148073, 0.5182968439758051, 0.6420281010864883, 0.7021863340880701
0.5020283975659229, 0.4423543609834512, 0.5232160110464754, 0.5763761775514971
0.5101419878296146, 0.35937706856822904, 0.41717299728800794, 0.442061341121033
0.5192697768762677, 0.36580588967862065, 0.4071474729273752, 0.43828791806756145
0.5081135902636917, 0.4261844273590178, 0.49064483750401533, 0.5336840393136192
0.460446247464503, 0.36040344240719463, 0.45453417819832476, 0.4749961698628495
0.5152129817444219, 0.49753769939142295, 0.59491776594266, 0.6485840404091197
0.4908722109533469, 0.3502269583264395, 0.4147516152553157, 0.45859872778662725
0.49290060851926976, 0.3835417860864356, 0.4413672667177795, 0.47443731638057945
0.486815415821501, 0.34692369368160453, 0.42536324328293074, 0.44393003958299404
0.5121703853955375, 0.43842719523895834, 0.510333867214481, 0.5548561197626656
0.4908722109533469, 0.4305619007348489, 0.5237406127438751, 0.5625488498396827
0.4746450304259635, 0.41313475943557376, 0.4968872192481538, 0.5389764301994312
0.4634888438133874, 0.40237363000089954, 0.45890327388342844, 0.5053429225466027
0.5141987829614605, 0.43433691474106184, 0.5010372731947477, 0.5294739024694005
0.49594320486815413, 0.40943823186113515, 0.48397568838299576, 0.5166529194649232
0.5202839756592292, 0.45748858012624116, 0.5623331852770264, 0.6024084352900687
0.5040567951318459, 0.4042836063482475, 0.47436258784996177, 0.5036223530814025
0.4847870182555781, 0.48464440211885523, 0.5696826147890054, 0.6146568530885426
0.48782961460446245, 0.466202010084137, 0.5538241250416691, 0.5975586023935396
0.5081135902636917, 0.4491937153238126, 0.512365682102893, 0.5517472542752573
0.4949290060851927, 0.419098314465123, 0.49940474844991417, 0.5364968335106688
0.4898580121703854, 0.4690552664223988, 0.5470710124941172, 0.5834772659326056
0.5081135902636917, 0.5219792960468217, 0.6332150521723915, 0.6842607163157921
0.4746450304259635, 0.3937438419938969, 0.46291459242577426, 0.49680894567214934
0.4898580121703854, 0.31880276012374037, 0.3618221947021747, 0.3895846108743061
0.4969574036511156, 0.35725519703801184, 0.4088961042017253, 0.4291832101364207
0.5121703853955375, 0.38054377864135946, 0.43513712011178063, 0.4684474896752542
0.4695740365111562, 0.37337970355902494, 0.4344281909471125, 0.47536788824473036
0.4665314401622718, 0.4279925519592924, 0.5189748539177663, 0.5543809409591929
0.5162271805273834, 0.45053471354960695, 0.548685391099452, 0.5603370854391819
0.5121703853955375, 0.5759712476682091, 0.6355272121860407, 0.7014546361055669
0.5253549695740365, 0.4392319061476881, 0.5293831935135318, 0.5430193035184382
0.5040567951318459, 0.4083506131730324, 0.5005302165558378, 0.5318020342234516
0.5304259634888439, 0.37033316708201125, 0.4183054296999249, 0.4480943300095512
0.5111561866125761, 0.37477371086437133, 0.42863040368008254, 0.44932276122726866
0.49898580121703856, 0.4588375491695428, 0.5525852160885217, 0.5897848245023858
0.48782961460446245, 0.40319105241611974, 0.48481564544356903, 0.5140993139784436
0.49797160243407707, 0.3983973780003478, 0.47684883958629165, 0.5129999814647799
0.5020283975659229, 0.4933141524722361, 0.5816575435678017, 0.6295136397807387
0.5111561866125761, 0.4081913037620036, 0.47647225414872574, 0.48777877917780593
0.5212981744421906, 0.5504627672226767, 0.6207070254369864, 0.6721960413023563
0.5172413793103449, 0.3631696643083347, 0.43963669653885395, 0.4624896532657534
0.5091277890466531, 0.4557248669754559, 0.5479070497161842, 0.5798881697153803
0.5060851926977687, 0.3430355433787669, 0.40041797990143513, 0.4126007012138275
0.5121703853955375, 0.450794910507991, 0.5274794535511229, 0.5596202877422126
0.4665314401622718, 0.4204405185887524, 0.5311603575357123, 0.5675541892828819
0.48377281947261663, 0.4874545594044101, 0.602250075143566, 0.6342161129412258
0.5040567951318459, 0.43586402938561913, 0.5278217062933399, 0.5612759516678223
0.4614604462474645, 0.31794738779417214, 0.3805142869286181, 0.39656760438909955
0.49898580121703856, 0.5126338543691685, 0.5972004709020382, 0.6381093167668315
0.5304259634888439, 0.4168125554504185, 0.49885275402866236, 0.5225929829346081
0.4969574036511156, 0.3418595040157584, 0.42064634972511084, 0.42997883359079014
0.4969574036511156, 0.4547169501135512, 0.5485575838979844, 0.5783561050861484
0.4634888438133874, 0.45739683331177283, 0.535644253223182, 0.5725950633362459
0.48580121703853957, 0.546682063830164, 0.6650566842822201, 0.7037561484438295
0.5030425963488844, 0.41525132401949394, 0.4820831999876949, 0.5164147481340143
0.5192697768762677, 0.4557504530242371, 0.5311014564183963, 0.5632502288230105
0.4949290060851927, 0.3770719942158265, 0.45817403191624395, 0.47945119297639344
0.5182555780933062, 0.5051073344454035, 0.6020621424296226, 0.6468114477639205
0.5182555780933062, 0.41710830315590997, 0.5056686476657837, 0.5381036786941241
0.5212981744421906, 0.47236529173211494, 0.5729270722291122, 0.6088236354544591
0.5425963488843814, 0.4565891467243293, 0.5162724782044114, 0.5591418178371172
0.486815415821501, 0.4276050967212621, 0.5323441108655467, 0.5564032069153496
0.5040567951318459, 0.3850597463326414, 0.453698861240988, 0.49751221785626504
0.48377281947261663, 0.466528992785502, 0.5470509875233112, 0.5852546014858627
0.4949290060851927, 0.36332601122927766, 0.4506668869170076, 0.4747179654107135
0.5, 0.3538735196275176, 0.4235466861617292, 0.4483736488804109
0.4949290060851927, 0.39715497529301874, 0.4874334374719337, 0.5090692938218712
0.48073022312373226, 0.47421180992653555, 0.5619737395258243, 0.6012979241318109
0.47565922920892495, 0.5053191324750582, 0.6236062381989267, 0.6662662625925099
0.47971602434077076, 0.36350684696657004, 0.42492155266351495, 0.4595940459466926
0.4665314401622718, 0.4549119544264426, 0.5428965610674221, 0.5787139385613335
0.5030425963488844, 0.4185206646085987, 0.49881471489144563, 0.5230176394474261
0.5081135902636917, 0.43505849865780766, 0.5339298444260199, 0.5547783815650307
0.47971602434077076, 0.3123061950038475, 0.3762037631306895, 0.4022032354947903
0.5050709939148073, 0.43326502585601967, 0.5142939411505465, 0.5699568305462022
0.4614604462474645, 0.4058199951344551, 0.4892151871784811, 0.5417368939880342
0.5040567951318459, 0.42139760864434717, 0.4896336687678364, 0.5264752008249504
0.4949290060851927, 0.4038449809895139, 0.4889039267904033, 0.5195799324236637
0.4817444219066937, 0.35627723556900615, 0.4236332310335732, 0.4508435772139099
0.49594320486815413, 0.3874324306166227, 0.45684427764841473, 0.4771946637539991
0.47565922920892495, 0.37276383537617913, 0.43378695182210936, 0.4908842616409545
0.4969574036511156, 0.3561541373212891, 0.41649887025035226, 0.44777258934954
0.473630831643002, 0.41910912281593227, 0.4988330786602084, 0.5199689206735771
0.5081135902636917, 0.4508347602743054, 0.5231680915789336, 0.5627680635870577
0.49594320486815413, 0.41895942175348466, 0.47056845140810355, 0.5113576772058576
0.5081135902636917, 0.38301809729383324, 0.4387156155626011, 0.4616700403586838
0.46551724137931033, 0.3774039703538002, 0.44325900210498437, 0.48649208900905355
0.4949290060851927, 0.3942665913379991, 0.4751214493364655, 0.5039197958413107
0.47565922920892495, 0.3662073443687794, 0.4536083818339002, 0.4742663195700618
0.5091277890466531, 0.4291581974111949, 0.5200933693373779, 0.5719798205132325
0.5111561866125761, 0.38385621771310385, 0.4372481652041835, 0.4759776183965035
0.46754563894523327, 0.39111649454302555, 0.47260398593705255, 0.5141021901653374
0.513184584178499, 0.43209313189624754, 0.5220344421140115, 0.5425287765007876
0.5030425963488844, 0.4783919605112408, 0.5674972234776299, 0.6115184957404999
0.5243407707910751, 0.5033623484986235, 0.5897082917194955, 0.627933590226071
0.5141987829614605, 0.38442909252159496, 0.44384097424111224, 0.485119825282615
0.49797160243407707, 0.42787645322965817, 0.5041932330003782, 0.5365441669847347
0.4563894523326572, 0.30302270828029415, 0.35151796185638484, 0.37284349102164216
0.5172413793103449, 0.4078194785091398, 0.4854457786568057, 0.5279777131560113
0.5020283975659229, 0.427978102835555, 0.5111519030287048, 0.5454111699735028
0.48884381338742394, 0.4113954925430964, 0.48581806721247744, 0.5269752358504196
0.526369168356998, 0.38749615547674277, 0.43895595686196165, 0.4829646798098119
0.5141987829614605, 0.4773626295963851, 0.5810305305785095, 0.6403266285752961
0.5091277890466531, 0.4522001838525649, 0.5376847347815787, 0.5783338758845847
0.4918864097363083, 0.40916069633960905, 0.4968014192443647, 0.5254481390189565
0.47565922920892495, 0.3666108010763658, 0.4487540390990761, 0.47938939150408494
0.5111561866125761, 0.4285000631970579, 0.5041995269579884, 0.5409077913576352
0.5020283975659229, 0.4092727992126555, 0.47977724750745354, 0.4969475239026593
0.473630831643002, 0.4289217741558561, 0.5124578441925708, 0.5585682679644322
0.5202839756592292, 0.3948934547074415, 0.4884102854138138, 0.5146064979265679
0.5162271805273834, 0.4007096523952255, 0.4773917943562782, 0.5077161401787169
0.49290060851926976, 0.3242471859471763, 0.3749381774138537, 0.3889673642987222
0.5040567951318459, 0.4385734513729928, 0.5283269315807253, 0.5788339088511096
0.5101419878296146, 0.45911999239691403, 0.5509384266486638, 0.6037844503051191
0.4685598377281947, 0.2988900966089631, 0.3659293418653363, 0.37842741181848016
0.5192697768762677, 0.4786477575366855, 0.5682878650738512, 0.6159239699124877
0.49898580121703856, 0.447385177433127, 0.5339779336367717, 0.5822858113588654
0.5, 0.39314279647729133, 0.46047784612016696, 0.492768247432466
0.49797160243407707, 0.35509128227794506, 0.41058736464194956, 0.46032902942271753
0.5152129817444219, 0.4585131659610111, 0.543054137989901, 0.5621383948055548
0.5070993914807302, 0.49878668728873976, 0.5791892081384838, 0.6269283969390371
0.5182555780933062, 0.5512063558027456, 0.6642579737844613, 0.7086227644064363
0.49290060851926976, 0.4407533374156476, 0.5288741397987005, 0.5557342057475434
0.5091277890466531, 0.37374171423063557, 0.42419974616298284, 0.458892839026577
0.48073022312373226, 0.4713896342049654, 0.5728255950264742, 0.6066771830335529
0.5162271805273834, 0.4126036367042245, 0.5229109011820737, 0.5480750577129031
0.5081135902636917, 0.3748192929072641, 0.45747574037888405, 0.4737581965195941
0.5111561866125761, 0.4371921776075916, 0.5118305686214921, 0.5361806352488827
0.5010141987829615, 0.5034989270141189, 0.6170955361274899, 0.6659003309052237
0.5020283975659229, 0.47152588006230434, 0.546636139475894, 0.5952445287765626
0.49594320486815413, 0.3560440392494256, 0.4033898538672873, 0.44848887923034414
0.4766734279918864, 0.4215804907994657, 0.5113093203618038, 0.5333643162385568
0.48884381338742394, 0.40526063560582726, 0.4792988486559091, 0.5090420177538441
0.4949290060851927, 0.48796364023424427, 0.5987157918509662, 0.6421571068456577
0.4898580121703854, 0.43342691393901167, 0.5466336893197141, 0.5739978943344595
0.5020283975659229, 0.4035700066443043, 0.49500147583095555, 0.5175573532178867
0.4898580121703854, 0.4119205041023301, 0.4985281904359924, 0.5317793698188763
0.5, 0.3674276801343056, 0.4382688428200615, 0.46705297224733067
0.46551724137931033, 0.38022535277608016, 0.43657309835563096, 0.46917903380119963
0.5070993914807302, 0.42589544405703217, 0.516287040352007, 0.557937992072452
0.5010141987829615, 0.4452525857031033, 0.5520142735211464, 0.5960778083035271
0.5121703853955375, 0.35738575316836985, 0.4265043600878662, 0.4492506147480079
0.4776876267748479, 0.3861457146897136, 0.4462462011167797, 0.4848317151513245
0.4949290060851927, 0.4856127091276644, 0.5989495571035931, 0.6290472845324483
0.48782961460446245, 0.38626126117877435, 0.44286580692299915, 0.4682796965166566
0.5212981744421906, 0.5544625523351705, 0.6576970356964584, 0.6973777652783241
0.5050709939148073, 0.4648939670397493, 0.5689517558273294, 0.6107137622131079
0.5101419878296146, 0.40773752604199814, 0.4733081319391226, 0.5027673000979169
0.486815415821501, 0.29858614938592876, 0.3478686520683163, 0.3734420272385143
0.5020283975659229, 0.42118133994987217, 0.49876163643671145, 0.5284739662686135
0.4746450304259635, 0.2689310124894065, 0.29173198177070925, 0.32213574865207584
0.5091277890466531, 0.3688966904041746, 0.4187386547001254, 0.4313342813406852
0.4746450304259635, 0.38382028172386806, 0.475791377938245, 0.49549041300685576
0.4716024340770791, 0.29808309207210376, 0.3637728295837237, 0.39250925037117185
0.5192697768762677, 0.49172692323899303, 0.576275427643002, 0.6079860591816093
0.4918864097363083, 0.40060616995066234, 0.47543238047727987, 0.5071760160918924
0.46754563894523327, 0.39896314842811176, 0.4724007771768508, 0.5069261952147182
0.48073022312373226, 0.30908956732575465, 0.3553421869269764, 0.3828750986987423
0.5040567951318459, 0.39150684567493993, 0.4712046552713186, 0.5073772425757801
0.4908722109533469, 0.3946004211694949, 0.47556666153201255, 0.4963430426260437
0.486815415821501, 0.39830199629731267, 0.4485829724634526, 0.4829436510311314
0.5070993914807302, 0.44014076255643886, 0.5095116092310134, 0.5347311461695525
0.48377281947261663, 0.39055171687098006, 0.4777494918228522, 0.5196496809028135
0.5253549695740365, 0.4577492440979303, 0.529439065388899, 0.5680652397668169
0.4918864097363083, 0.4763913299426993, 0.5827995650770972, 0.6240466135935298
0.47058823529411764, 0.3477034783710713, 0.40847772431072027, 0.42747819328569026
0.48580121703853957, 0.42216514034654085, 0.4872902531936776, 0.5325710814325599
0.4908722109533469, 0.37476425643075584, 0.45416180807520534, 0.4898179706329191
0.5212981744421906, 0.39065691771236566, 0.45564304228192953, 0.4992045927431141
0.49391480730223125, 0.5942051073349077, 0.729524508286074, 0.7719994643620585
0.5162271805273834, 0.5096789955934443, 0.602194872768272, 0.6378471752905365
0.49594320486815413, 0.45788984320592185, 0.5482439670351122, 0.5793015200278488
0.4918864097363083, 0.42692131651644527, 0.5469377325462121, 0.5717985225208364
0.4949290060851927, 0.4068906432098945, 0.4569756862643186, 0.4956665857649163
0.5111561866125761, 0.4132124233143288, 0.47972339657955354, 0.5122464887788768
0.4898580121703854, 0.45039118543127504, 0.5226137390573451, 0.5582805278400632
0.5121703853955375, 0.45083061677831227, 0.5459115162043193, 0.5993284741010633
0.48782961460446245, 0.4049585203547402, 0.4871478145338577, 0.5125823912137235
0.513184584178499, 0.46033238029837376, 0.5436060302914767, 0.5886759911127807
0.5121703853955375, 0.36893287613590625, 0.4348282059090929, 0.4625740142701901
0.5253549695740365, 0.44304003162611694, 0.5259256585473445, 0.5505607628910617
0.5304259634888439, 0.4375510612820849, 0.5034026111664666, 0.5307706133759975
0.4787018255578093, 0.4503634293305906, 0.5612425960233036, 0.6123301712072732
0.4949290060851927, 0.3815245663614212, 0.4549041768637013, 0.488425591625955
0.4949290060851927, 0.42364797226923084, 0.5221087653288776, 0.554747922578898
0.48782961460446245, 0.4554188380747364, 0.5527105857726584, 0.5830459055162963
0.5060851926977687, 0.43329255593027416, 0.5053620291364826, 0.5567620770844613
0.5020283975659229, 0.428149279942863, 0.5160085475543923, 0.5496280275588429
0.4787018255578093, 0.45406890129724586, 0.557827429098686, 0.5809784869593984
0.4898580121703854, 0.3827080458391009, 0.4827214150436031, 0.5059906466462782
0.5, 0.45417181301403164, 0.5265411699266125, 0.5670227156115163
0.5070993914807302, 0.47516771447407596, 0.5361550639535201, 0.5793403329463654
0.4847870182555781, 0.47059545670542996, 0.6087610321337951, 0.6629419584940649
0.5081135902636917, 0.48777230126757076, 0.5903306078488708, 0.6369961985455784
0.5050709939148073, 0.3664332816161761, 0.4347568765755464, 0.45604498903184576
0.5091277890466531, 0.4233255428141194, 0.4987262607391971, 0.5263041023594498
0.5, 0.36477052142391936, 0.4176264181948819, 0.45102557403683724
0.5101419878296146, 0.3182809105936807, 0.35964005163975765, 0.380180403089032
0.4949290060851927, 0.48888450852948484, 0.5973315355282744, 0.6411766626588579
0.5020283975659229, 0.34311534182929054, 0.41139206623852187, 0.43184915485000275
0.46247464503042596, 0.39702683299373287, 0.4623267243098381, 0.5062584477799893
0.5141987829614605, 0.4983084079831554, 0.5820673381151199, 0.6119165463626304
0.5324543610547667, 0.4396874390194865, 0.5423498337037165, 0.5793243120959282
0.49391480730223125, 0.5487452106905735, 0.6444089402222245, 0.7067130765352492
0.4847870182555781, 0.4322743851835332, 0.5084106493043259, 0.5629993241991292
0.48377281947261663, 0.48141461269324826, 0.5886552279744974, 0.624915309812673
0.4847870182555781, 0.3673360298696165, 0.4194287474897356, 0.43630695251124935
0.5060851926977687, 0.3708917843055404, 0.4400427642267922, 0.4754996166079174
0.5091277890466531, 0.4798689283261286, 0.5814686525946586, 0.6177373458980961
0.5182555780933062, 0.4005937441784001, 0.4468544381940093, 0.47451416975330385
0.49391480730223125, 0.44884415809993183, 0.5682174157027267, 0.6185858125445597
0.5040567951318459, 0.46699554604636806, 0.5380514487081476, 0.5804333518498531
0.48377281947261663, 0.33951776262191247, 0.3794481793307223, 0.4280049861162281
0.4553752535496957, 0.4476788281515769, 0.531691941167596, 0.5778650693771014
0.4634888438133874, 0.3562034772793174, 0.423670327152871, 0.4773449264299698
0.5354969574036511, 0.4530275890411618, 0.502594057976419, 0.5473643986632971
0.5060851926977687, 0.506304051777692, 0.5974989045056431, 0.6176769204927707
0.48377281947261663, 0.4169468530698528, 0.49902741774111475, 0.5356587162090287
0.4949290060851927, 0.3666298204239461, 0.4463739555859084, 0.46032480961465555
0.5121703853955375, 0.5196059587996719, 0.6211316927671374, 0.6481336878436162
0.4827586206896552, 0.48674511895502587, 0.6126839516126485, 0.6429307807321073
0.5091277890466531, 0.44803128243763835, 0.5303974625811337, 0.5584944131341883
0.49391480730223125, 0.4014944953113926, 0.4747317048735924, 0.4923316626958496
0.4776876267748479, 0.43975425192793977, 0.5089004027896339, 0.5365930980992099
0.473630831643002, 0.3586532097689291, 0.4181887244302639, 0.4645992412061934
0.4898580121703854, 0.3672674767604754, 0.43801277062765376, 0.4550001370619844
0.5070993914807302, 0.41714241432759214, 0.4848759520610596, 0.5177444938748851
0.5091277890466531, 0.4862355703984247, 0.57719769254764, 0.6154021026147677
0.5152129817444219, 0.4629290000505547, 0.5347888797793992, 0.5791605515874523
0.49594320486815413, 0.4091737444244138, 0.4791076203995336, 0.519008656719822
0.49391480730223125, 0.49808195205685296, 0.6119133676057766, 0.6581119137142768
0.5060851926977687, 0.46439512597780785, 0.5473086180455299, 0.5768208221506865
0.5111561866125761, 0.48471971807022685, 0.5721102285968445, 0.6194351927706686
0.5091277890466531, 0.4870335430066801, 0.5719684251137975, 0.6246375676451066
0.5020283975659229, 0.36663486800087525, 0.44402683748632976, 0.4625345849629361
0.4898580121703854, 0.4166596794274311, 0.48781761911864197, 0.506102642478534
0.49898580121703856, 0.47845472196403627, 0.6025158671720603, 0.6426287340969279
0.5141987829614605, 0.4048786616485153, 0.4737113501958061, 0.5208230196902263
0.513184584178499, 0.34306562023874243, 0.39494966429891165, 0.42484310927261815
0.5010141987829615, 0.38903069353786934, 0.4509736792354434, 0.4786689983967751
0.5212981744421906, 0.4763594108842206, 0.5504864746158107, 0.5844293083872063
0.5060851926977687, 0.41509834158870756, 0.5036743482433232, 0.5275720938280813
0.5030425963488844, 0.5360244388285109, 0.6529252413647322, 0.6955911986108412
0.4908722109533469, 0.39080341699373, 0.448482186758008, 0.4801631064414165
0.5324543610547667, 0.46597747925600785, 0.5574327281882538, 0.6076277516454244
0.49797160243407707, 0.46002405192237905, 0.5439059662433251, 0.5746250870225453
0.5070993914807302, 0.33512118212593167, 0.4174999123734586, 0.44533452371711035
0.49594320486815413, 0.35969596296084994, 0.4411149400976737, 0.46974329018288036
0.4918864097363083, 0.3946664729071626, 0.4538427475674076, 0.4830704762967166
0.4918864097363083, 0.4853506599599562, 0.5655397488405992, 0.6218378747765185
0.5050709939148073, 0.3363817985331565, 0.39901942116757716, 0.42714570795555074
0.5, 0.3812342927599962, 0.44436172204816593, 0.47271512390243087
0.4918864097363083, 0.49006375660872936, 0.598482228040599, 0.6293078984389883
0.5070993914807302, 0.4379892772020906, 0.5069797113282, 0.553492840705974
0.47565922920892495, 0.42617817643995926, 0.5235138776768081, 0.5572128812984478
0.5, 0.39949599022412374, 0.46767634731357166, 0.5038877980679591
0.49898580121703856, 0.4510919281444722, 0.555906689732394, 0.5846138873480123
0.48377281947261663, 0.47040298844295153, 0.5519703471059977, 0.5884541494238101
0.49898580121703856, 0.37394340756473887, 0.4186248053836866, 0.45725353888773157
0.4746450304259635, 0.4008273318175515, 0.4616832854162706, 0.5001562127850873
0.5091277890466531, 0.42777028471956385, 0.49949018417147845, 0.5387198827808446
0.4918864097363083, 0.3684211820656659, 0.449292192060746, 0.48899093622078077
0.49797160243407707, 0.44675392804922603, 0.5468388711354984, 0.5842726253585092
0.5091277890466531, 0.46951264155273853, 0.5542209625172301, 0.608367894787451
0.47971602434077076, 0.3659773846001314, 0.44807173726578287, 0.4785152745779374
0.4918864097363083, 0.4095850728354635, 0.4995045807370557, 0.5526930063907052
0.4969574036511156, 0.3839224324284547, 0.44124055738898327, 0.46093048079693444
0.4817444219066937, 0.4033358152937432, 0.4874717103548335, 0.5071755985201175
0.4716024340770791, 0.40833523918501347, 0.4780198746084374, 0.5192325839578449
0.5223123732251521, 0.43985566919502517, 0.5164858342688173, 0.5557011950103945
0.5081135902636917, 0.4286453391859288, 0.49960431982982095, 0.5636625681770945
0.4949290060851927, 0.45261774565027646, 0.5441298456185284, 0.5909908259270458
0.4787018255578093, 0.38416952969280477, 0.4565928195291775, 0.4947256188324195
0.5, 0.4009291933803957, 0.4838608616946871, 0.5062955764446551
0.4766734279918864, 0.5042861646537689, 0.5978351693330258, 0.624699994036982
0.5172413793103449, 0.4253876082321635, 0.4913860019102885, 0.542339046981953
0.48782961460446245, 0.48365510835198666, 0.5697020072453192, 0.6143816091732622
0.5101419878296146, 0.4835061033864476, 0.5555964497792679, 0.6026637645740515
0.4969574036511156, 0.4300240851215992, 0.5052347425922687, 0.5273121195230314
0.48782961460446245, 0.3514537814644386, 0.4147040589430484, 0.434150929076126
0.4949290060851927, 0.38529280498970153, 0.5041574305728063, 0.5375697474465625
0.47058823529411764, 0.41265180377776617, 0.4891086344596063, 0.5206621606037102
0.49797160243407707, 0.45270885537358746, 0.5433276296990849, 0.5894076174273174
0.49290060851926976, 0.4770757020482974, 0.5716308150813589, 0.6078204427510144
0.48377281947261663, 0.4238015281425853, 0.49858005591137755, 0.532971132569276
0.46754563894523327, 0.3686091556828841, 0.4334948639144992, 0.44865872359289427
0.5070993914807302, 0.40607395752123177, 0.4466892260332612, 0.48439059027697146
0.5152129817444219, 0.4152478356822965, 0.4986263540400807, 0.5412380026526212
0.48580121703853957, 0.5003702522288566, 0.6163929314889351, 0.656630114766643
0.513184584178499, 0.4883426177156228, 0.5688270683247464, 0.6219737890829751
0.4949290060851927, 0.2750198416604246, 0.2929032552885402, 0.32420586877295127
0.513184584178499, 0.4122804434565929, 0.46291228825571995, 0.5191266306887978
0.48782961460446245, 0.36037974486726276, 0.4102408627801436, 0.4368443409290797
0.486815415821501, 0.3381768933973126, 0.36346507279689566, 0.3997574208580246
0.49898580121703856, 0.4265593319895119, 0.4952164022980803, 0.525011452388078
0.5, 0.41139709248875433, 0.48907031895332187, 0.5211999703643649
0.5040567951318459, 0.35738432400058917, 0.42123395540589526, 0.4387502592881846
0.48782961460446245, 0.38856552639947883, 0.4711964202436707, 0.507641330351735
0.48884381338742394, 0.43522740236395085, 0.5346506073651844, 0.5772772242608634
0.5121703853955375, 0.46712151287014414, 0.5490511788039313, 0.6026824957401704
0.5121703853955375, 0.41730277717176023, 0.5238938606917639, 0.5656637501627203
0.4787018255578093, 0.3737623000007344, 0.38919142720848443, 0.454065301882177
0.5121703853955375, 0.4535578455338092, 0.5712327290417637, 0.6005566186844727
0.5273833671399595, 0.4399043642920931, 0.5100445525178658, 0.5270926787554417
0.4949290060851927, 0.26458372247577716, 0.3017980453020812, 0.3092814854288245
0.4634888438133874, 0.3960504836305724, 0.4596085746678945, 0.4910921699417332
0.4787018255578093, 0.30091705203720975, 0.34880101152858156, 0.35034772595962665
0.5111561866125761, 0.3770715967422592, 0.43510174818965053, 0.47069299055935576
0.5223123732251521, 0.35489897883874166, 0.4110149482061898, 0.43634997916457485
0.5091277890466531, 0.3881021461448399, 0.4446437085456997, 0.47679360968445705
0.48782961460446245, 0.3703554869516834, 0.4493591475003894, 0.47340946277242174
0.5101419878296146, 0.3898878086456783, 0.45594477784717913, 0.5103605027481248
0.4969574036511156, 0.45585170786326723, 0.5355146847872712, 0.5697803922074611
0.5091277890466531, 0.5760054205286513, 0.6614244124167221, 0.6956167767860238
0.5101419878296146, 0.43782389694222124, 0.5137259779617391, 0.5475426824338587
0.5030425963488844, 0.47266981441340483, 0.546962508536787, 0.6159073577245671
0.5121703853955375, 0.39128126815098374, 0.47662651705711145, 0.5023941483361059
0.486815415821501, 0.4111377533772681, 0.5074417612004509, 0.5396111145932627
0.486815415821501, 0.30094351628075355, 0.3559847507173185, 0.36448059773327207
0.5121703853955375, 0.48898344330259025, 0.5920323522074451, 0.6213501306573301
0.47058823529411764, 0.3628168255561101, 0.4633084198855383, 0.4829279743109155
0.5050709939148073, 0.3770407697161613, 0.44487848443606326, 0.48870106298133986
0.4898580121703854, 0.343283244765696, 0.4003483181872691, 0.42133506474279364
0.5273833671399595, 0.4586741510540415, 0.5537022781199086, 0.5982844544211393
0.5415821501014199, 0.44642611920044195, 0.5681712038864474, 0.6011309291270621
0.5101419878296146, 0.4094595752136656, 0.4753522303153056, 0.5155353427110948
0.4847870182555781, 0.45516983576252185, 0.5408739153056918, 0.565576052360982
0.5141987829614605, 0.40805170598014123, 0.48969878752439866, 0.5040770873768141
0.4776876267748479, 0.4184955143992267, 0.5206171545915765, 0.5462599415715174
0.5070993914807302, 0.3964038860402582, 0.46221208106446043, 0.49566811914524234
0.5010141987829615, 0.38396883496098977, 0.4583736253984064, 0.4852790711340628
0.49797160243407707, 0.42967957178671584, 0.519895286532182, 0.5425065698575698
0.4918864097363083, 0.41534565337593987, 0.49421947260447263, 0.5219228227401024
0.5070993914807302, 0.47772650055372257, 0.5728126659889847, 0.633729006989561
0.49290060851926976, 0.3877091354816753, 0.49017422653936404, 0.5132483627606258
0.48782961460446245, 0.46270647203902693, 0.5700279733262348, 0.6038397466085953
0.5182555780933062, 0.42910505191336346, 0.5203259833302845, 0.572777838713275
0.49391480730223125, 0.4057650792970899, 0.4520227723425875, 0.493427303936412
0.4898580121703854, 0.42781612327673224, 0.5276736082302274, 0.581255209545617
0.5091277890466531, 0.4283302451123163, 0.49883370043763803, 0.5284857029233848
0.4898580121703854, 0.43351462560434456, 0.5114354840258066, 0.5479751643777553
0.5172413793103449, 0.4916651482988894, 0.5696048030462822, 0.5981612760931178
0.486815415821501, 0.3854178254605981, 0.4667762701541167, 0.48969196383722424
0.4695740365111562, 0.40124568931805327, 0.5336213646322029, 0.5673570631248586
0.473630831643002, 0.3989826727040313, 0.4875806068485906, 0.514985701669107
0.5020283975659229, 0.36854692050906346, 0.43210495258617465, 0.47284533909819443
0.49391480730223125, 0.4094295098664287, 0.5046526060366641, 0.5344301252090989
0.5040567951318459, 0.431809717375683, 0.5125310120413107, 0.5482746027236078
0.5141987829614605, 0.4337854688406904, 0.5113390459627338, 0.560176672717526
0.49391480730223125, 0.3643927429977871, 0.4232551403829975, 0.45786517014993544
0.4898580121703854, 0.41736754120507613, 0.4736150121181425, 0.5048344436195671
0.5273833671399595, 0.41947502531849834, 0.4856790622155087, 0.5110125175165696
0.45841784989858014, 0.33490591414637144, 0.37750569437082415, 0.4024706216232089
0.4969574036511156, 0.49061974886223647, 0.5690621188893534, 0.60902856556702
0.48377281947261663, 0.4084387326326554, 0.5008290046131869, 0.5258996296541051
0.5020283975659229, 0.3684712486878383, 0.4272824530643371, 0.4419878700376218
0.4827586206896552, 0.35591182282075107, 0.43137742404896595, 0.46849680682008676
0.486815415821501, 0.38317344812156007, 0.4578309815463689, 0.4953113271612652
0.4898580121703854, 0.4649369908154901, 0.5911049212178625, 0.6466374505117252
0.49898580121703856, 0.3968390841237771, 0.47218700248390955, 0.5126457241471488
0.5060851926977687, 0.46323991787652685, 0.5619713079322046, 0.5887973282662806
0.4787018255578093, 0.4250691024075147, 0.5004028563965193, 0.530928694841301
0.5121703853955375, 0.5178205700081908, 0.6032316703905483, 0.6527718641004528
0.5101419878296146, 0.4454940120780789, 0.540250099368853, 0.5720637468948476
0.5304259634888439, 0.39040487298885146, 0.44377405226515054, 0.4760934776165327
0.49391480730223125, 0.3628108485079609, 0.4337433530544672, 0.4535997404907157
0.48782961460446245, 0.42864133216190936, 0.5103105059259944, 0.5381491355406826
0.5446247464503042, 0.49950340614082733, 0.5893183616624029, 0.6181651606169232
0.526369168356998, 0.5039381023346707, 0.5759963746280264, 0.6093925908609602
0.48884381338742394, 0.41593452879176057, 0.47721038898804746, 0.5059791838316595
0.4949290060851927, 0.428075125882341, 0.4829943810291196, 0.5404950327965449
0.5020283975659229, 0.42003218872520187, 0.4836820611581599, 0.530360214078941
0.46551724137931033, 0.3883737254102866, 0.4924939878462875, 0.5287744998620688
0.5243407707910751, 0.515401630764659, 0.6243431555312721, 0.6827222287074359
0.5192697768762677, 0.4410797381457895, 0.5108131878321038, 0.5489193521855205
0.48884381338742394, 0.43367740269354765, 0.5114386969624718, 0.5505190611606118
0.49290060851926976, 0.4120779831550123, 0.4914214554288747, 0.5420260528708182
0.4908722109533469, 0.4372138680616261, 0.4890355461814425, 0.5455144345950559
0.5070993914807302, 0.4945656515805789, 0.5978841671440578, 0.6374712753561278
0.5243407707910751, 0.38959356091134256, 0.4528919201408842, 0.5115841677434609
0.49898580121703856, 0.45680869561713233, 0.5360679241773794, 0.5710679632909451
0.5182555780933062, 0.47392488632221513, 0.544169576293791, 0.5876690247241628
0.5182555780933062, 0.43315414902666005, 0.528496775795013, 0.5655289949484749
0.5010141987829615, 0.3774696708504275, 0.4356988897213231, 0.46548025599360193
0.48782961460446245, 0.4187199941221836, 0.5160535079331008, 0.5479567749422937
0.4969574036511156, 0.441260686639966, 0.510266633466637, 0.5508492524767462
0.5020283975659229, 0.5533341177562218, 0.627866765151772, 0.6780039815006473
0.4908722109533469, 0.409682092065762, 0.5043835017921972, 0.5354772213495673
0.5121703853955375, 0.3996941974020676, 0.4602030823073485, 0.5006559770527773
0.4817444219066937, 0.41071597677183447, 0.4715078058633341, 0.5115627431282888
0.4898580121703854, 0.39471526587049477, 0.47363829111575895, 0.5085941045668668
0.4898580121703854, 0.4045783159002073, 0.4788036970641356, 0.5177581303640381
0.5111561866125761, 0.5012683746950162, 0.5908091635365763, 0.6170831909009978
0.5060851926977687, 0.4234424459721438, 0.5090947929761188, 0.5386416764659487
0.4949290060851927, 0.4029184980449746, 0.4865289974689704, 0.5178989491007729
0.5020283975659229, 0.39715917749654917, 0.4715955717651512, 0.5142463113723564
0.5111561866125761, 0.4572732669030323, 0.5240182196614467, 0.5719114903863551
0.49898580121703856, 0.42383678033747135, 0.5121961158510204, 0.555760763320546
0.5050709939148073, 0.45113932549871916, 0.5068575676802541, 0.5424875736223063
0.48073022312373226, 0.39624521811858243, 0.49264258071031797, 0.5173130599817293
0.5233265720081136, 0.4606810876909074, 0.5394103202245926, 0.5818974870270652
0.5, 0.4662440874290902, 0.5587454558000597, 0.6190599585667526
0.48782961460446245, 0.40867657069172647, 0.48810819436659136, 0.5338646012758275
0.5101419878296146, 0.49297963133074807, 0.5699564896530258, 0.6106234792091315
0.5101419878296146, 0.4622312641011267, 0.5436824865085915, 0.5782800424366239
0.5172413793103449, 0.4760387267941406, 0.5728697547644694, 0.6082950085513915
0.4898580121703854, 0.3778488361841047, 0.43954031237914704, 0.4814202779501722
0.5020283975659229, 0.3476569268754926, 0.4056516997175257, 0.4282303072146389
0.5182555780933062, 0.3880992913420513, 0.47767561194022423, 0.5168676152099103
0.4716024340770791, 0.30748171885132763, 0.36507474901221837, 0.3895082682419662
0.5081135902636917, 0.4264162670873446, 0.4779790020180118, 0.5021703268346258
0.486815415821501, 0.3791019347571333, 0.4513090422407302, 0.4851517558203952
0.5192697768762677, 0.5115931764290904, 0.6157511421790856, 0.6527334297597631
0.48580121703853957, 0.4772409671984085, 0.5670212186459989, 0.5993383185667268
0.4787018255578093, 0.3078217552412643, 0.3388561553841034, 0.3784477105984735
0.4949290060851927, 0.5095655589140401, 0.6468425459103778, 0.7009220316534688
0.5050709939148073, 0.4925284608927758, 0.5751005509132496, 0.6148226000530006
0.49391480730223125, 0.4357421900072134, 0.49234117532071553, 0.5316374172068753
0.4766734279918864, 0.360043627024627, 0.4271086402490274, 0.44708674363620443
0.49898580121703856, 0.44802658257281747, 0.504363282357464, 0.5701972401250708
0.4787018255578093, 0.39724118349356646, 0.46032859399560055, 0.4992621044201899
0.49594320486815413, 0.43249180656928365, 0.5099055060704321, 0.5493321085065624
0.5121703853955375, 0.4183449045411305, 0.4915032449635208, 0.520167061987834
0.4949290060851927, 0.39313933067395657, 0.4681312853032016, 0.4927627246614805
0.48073022312373226, 0.3721104072168463, 0.44833977334283515, 0.4879907240040169
0.5111561866125761, 0.5031588618173638, 0.5841067984495958, 0.6362614205505727
0.5273833671399595, 0.4796174025977509, 0.5498813801446227, 0.5898842694476892
0.4918864097363083, 0.4262337690035859, 0.49698448624536984, 0.523373181289389
0.48782961460446245, 0.39776883535776286, 0.46520504744254854, 0.4883757759926432
0.5081135902636917, 0.49264650985666136, 0.598104109146754, 0.6206256393324726
0.5233265720081136, 0.4799150495596034, 0.5869164909686454, 0.6176530628007547
0.5070993914807302, 0.45695595727903815, 0.5405939584356299, 0.59816118707384
0.46754563894523327, 0.39239925805799847, 0.4759799077103831, 0.5132516707235814
0.5010141987829615, 0.3956068790408276, 0.4548340845012019, 0.4949912305290097
0.5060851926977687, 0.37973626801913357, 0.4720715326390259, 0.49959091479910805
0.49290060851926976, 0.42587979249360325, 0.5006416938287983, 0.5318533638664165
0.5212981744421906, 0.42701240371590155, 0.4863062743685259, 0.529655736994232
0.4766734279918864, 0.4675639387474937, 0.5501025916093021, 0.5830241138683402
0.5020283975659229, 0.4821708550360966, 0.5556335730295963, 0.6016168824444155
0.5121703853955375, 0.4491563549472913, 0.528098794176842, 0.5603156475155673
0.4746450304259635, 0.38813451771345064, 0.45437047103744466, 0.49768365765685585
0.4949290060851927, 0.3668344046419634, 0.4533502777663839, 0.46602914037189075
0.49391480730223125, 0.4323516305811965, 0.5166472951907524, 0.5481007891263956
0.4969574036511156, 0.37541075346756947, 0.44155682427135023, 0.4718453062358138
0.5010141987829615, 0.5115094128919836, 0.5933720621904847, 0.6386130507339539
0.5050709939148073, 0.3804513683127513, 0.44444584732786285, 0.4720003963788907
0.5192697768762677, 0.5164668499410343, 0.6327705903064854, 0.6843730390135687
0.5212981744421906, 0.518021674212293, 0.6021719113368514, 0.6535339293229685
0.4918864097363083, 0.4539311854088273, 0.5507943635843812, 0.5735527992537696
0.4817444219066937, 0.4397587551873949, 0.5289407003233549, 0.5769877465732559
0.4949290060851927, 0.5030709854676696, 0.6156767750820592, 0.6381198575784637
0.5141987829614605, 0.3623919980329079, 0.4103178897936688, 0.42207137372220055
0.4908722109533469, 0.4187535599350898, 0.4834826084200704, 0.5155887464811159
0.486815415821501, 0.3853300322673402, 0.46626581235662623, 0.5084674166717427
0.48580121703853957, 0.3518594588726629, 0.398157316899015, 0.42808273278548437
0.5111561866125761, 0.41554421319187573, 0.45515197961095766, 0.4888188126096696
0.4716024340770791, 0.3679878266652835, 0.4203947459709698, 0.45647827820400644
0.5121703853955375, 0.44720585292539616, 0.5586691006402974, 0.6003090351224254
0.5081135902636917, 0.3619752901915617, 0.40650709480274627, 0.43774433349153113
0.4949290060851927, 0.48129579317646043, 0.5460684586049677, 0.5910668602634418
0.5344827586206896, 0.509412931606576, 0.6286707981706713, 0.6650244081522328
0.5253549695740365, 0.5151567911287116, 0.6093755974563065, 0.6553841387303381
0.5020283975659229, 0.42686636721118243, 0.5073728410436013, 0.5520202753613515
0.513184584178499, 0.42646418649417217, 0.48111281066064215, 0.5065386819223823
0.49594320486815413, 0.378862852370892, 0.4636149430739772, 0.4897513559094884
0.4847870182555781, 0.3773608914890701, 0.4468548184181622, 0.47703530815535883
0.537525354969574, 0.43390833015744384, 0.5045206079872802, 0.5481104081259089
0.4827586206896552, 0.3736845984210662, 0.43448321235796694, 0.4522844618031139
0.48580121703853957, 0.4231959796866685, 0.5146597302459384, 0.54945536224763
0.4543610547667343, 0.3353131137350507, 0.415626219474462, 0.4498751232965072
0.5010141987829615, 0.37857759160273946, 0.44318561734786555, 0.48125323901664624
0.5152129817444219, 0.5030628176550682, 0.5916444816240793, 0.6247850604757405
0.5081135902636917, 0.37766842835451886, 0.4747957199930297, 0.5009441939131882
0.4969574036511156, 0.46141976479670915, 0.5550429169520279, 0.6122224033374686
0.513184584178499, 0.44047863642922147, 0.5256990492185001, 0.563790149599711
0.4695740365111562, 0.28226844963919684, 0.3213159115372425, 0.3384352922996719
0.4787018255578093, 0.42186943575198443, 0.46494168780535094, 0.5233128655990595
0.5070993914807302, 0.44695543664359605, 0.5180339988021814, 0.546385140292603
0.48782961460446245, 0.5170830689298307, 0.622391750876879, 0.6698680855849789
0.526369168356998, 0.38841509620577863, 0.45396358381900626, 0.48077277292605103
0.5425963488843814, 0.37182331304414196, 0.42709661380326647, 0.46376741549149875
0.526369168356998, 0.4130122085376577, 0.4712818388754034, 0.5115111978393618
0.48580121703853957, 0.43206421581367316, 0.4964850397230157, 0.5245203846881128
0.5172413793103449, 0.40523277042667916, 0.4729497334088658, 0.5061751295752996
0.48073022312373226, 0.3666725097965667, 0.44586359343256066, 0.47318718698722806
0.5, 0.41784011448086933, 0.5017173393514893, 0.5558410448607269
0.5010141987829615, 0.44293225704954076, 0.5359249136413234, 0.5694552382849037
0.5141987829614605, 0.45211554098349005, 0.5640882683988035, 0.6041968895230967
0.4918864097363083, 0.4291999520663367, 0.490730464427816, 0.5447822541578399
0.5111561866125761, 0.46151866142085984, 0.5787556426724126, 0.6077473966972421
0.5111561866125761, 0.5561522268727102, 0.671709268023667, 0.7195877934171309
0.49594320486815413, 0.35816346179988473, 0.43138669741465274, 0.4567326288289321
0.48884381338742394, 0.4282471337376283, 0.5080916203420334, 0.5421711815212447
0.5121703853955375, 0.39383825770792025, 0.4623275191030377, 0.4894476747127946
0.513184584178499, 0.5186950173255713, 0.611423576715973, 0.6609975487203782
0.4746450304259635, 0.38473188986018525, 0.4675409734753282, 0.500499059852509
0.5060851926977687, 0.33180157839489555, 0.3874182030585194, 0.4243811403746332
0.5010141987829615, 0.46453874270410006, 0.5299078265924977, 0.5762189962908886
0.4847870182555781, 0.45527954899818285, 0.5442017501153218, 0.5906184930183411
0.5223123732251521, 0.3606147873058275, 0.41923479071370795, 0.43590685582679206
0.5040567951318459, 0.45115308417162414, 0.5240241179810436, 0.5728021930510381
0.4776876267748479, 0.47532970665898955, 0.5577684599132687, 0.6009446015200781
0.48580121703853957, 0.4281486801606441, 0.49281325350614436, 0.5205269885273074
0.4949290060851927, 0.44411679963877065, 0.5152352915417268, 0.5552756109085006
0.4949290060851927, 0.34261009522344743, 0.3933446788301458, 0.4205098967369346
0.49594320486815413, 0.4725604626872262, 0.574795017369764, 0.6158154247485459
0.473630831643002, 0.4067331897738406, 0.4939720867502926, 0.5262169443555228
0.4949290060851927, 0.4028406918570966, 0.4737559922886059, 0.49972643617558116
0.4776876267748479, 0.4140880990380954, 0.5064128295411807, 0.5559370227113521
0.49391480730223125, 0.4515318155575748, 0.50573392863995, 0.5589384395877554
0.5010141987829615, 0.4235997108553339, 0.49138599458333676, 0.51869174110899
0.5172413793103449, 0.4781065768152434, 0.5683328431519261, 0.6267094506596855
0.4817444219066937, 0.43060415309135547, 0.49368302175249035, 0.5293086633535433
0.5081135902636917, 0.39435771884636484, 0.48157284700280745, 0.5016323945967587
0.4766734279918864, 0.41864516771723015, 0.480852161699602, 0.5250602137904384
0.5030425963488844, 0.3405984637842166, 0.39497511946956476, 0.4188361377830444
0.5040567951318459, 0.4556524330553996, 0.5379820269792172, 0.6055818360016759
0.4645030425963489, 0.481688149674546, 0.578402317266394, 0.6393704217861803
0.5030425963488844, 0.5281534385043453, 0.6360808214352818, 0.6984004451969792
0.5030425963488844, 0.5126669373738293, 0.6445636917852781, 0.694812218222464
0.48782961460446245, 0.3891443623402295, 0.470734951201935, 0.49657963525760357
0.486815415821501, 0.45135332088339786, 0.5355883353485411, 0.562227183642402
0.49797160243407707, 0.4505426930774995, 0.515758782849953, 0.5566143502717883
0.5050709939148073, 0.4292943517231982, 0.5381762791260192, 0.5675746395803616
0.48782961460446245, 0.3953654519176355, 0.4713716162171716, 0.522918587363932
0.5040567951318459, 0.47112708381632, 0.5435233379795196, 0.5888209573572802
0.5040567951318459, 0.45729663240546414, 0.5514045129789709, 0.585920883265916
0.5040567951318459, 0.55660154053245, 0.6781318045368737, 0.7265249601781607
0.49594320486815413, 0.5304196675566444, 0.6285081874399977, 0.6805401474746533
0.513184584178499, 0.4435942195360285, 0.5259230956562195, 0.5580232516637034
0.5020283975659229, 0.49776515712206115, 0.5766518722758948, 0.6124901278327636
0.5040567951318459, 0.4163238992008862, 0.5058987506564248, 0.5380424739828349
0.5172413793103449, 0.45769293749474654, 0.5407435773743504, 0.5874979753543059
0.4695740365111562, 0.3491925749207378, 0.42438865611506926, 0.46154877233634645
0.4847870182555781, 0.3059887110100161, 0.3357141651938338, 0.36093350527788987
0.48377281947261663, 0.4036884408699537, 0.47598868411199524, 0.5123851639452514
0.48073022312373226, 0.42889129595733405, 0.5085699768452716, 0.5592610296832596
0.5, 0.4220454268039808, 0.49122347814196676, 0.5305441491492606
0.5030425963488844, 0.4229722680592636, 0.5085907861512908, 0.5341822396721829
0.5010141987829615, 0.3458702690598506, 0.40952826644671403, 0.4312744652367996
0.48884381338742394, 0.35124232089093255, 0.41586134113453643, 0.4308074694354039
0.486815415821501, 0.4824788589717538, 0.5856532002651841, 0.6075466718141528
0.5101419878296146, 0.5349333278801984, 0.642203366906229, 0.6920625144619249
0.5111561866125761, 0.3664685604154227, 0.44200501545616244, 0.47222519669369906
0.4949290060851927, 0.416178357495563, 0.4691745419662715, 0.5092871650660126
0.5070993914807302, 0.4309014836024246, 0.48708661537912945, 0.526582676098011
0.5030425963488844, 0.42478663864096555, 0.48345191495841033, 0.5296366622197181
0.4969574036511156, 0.39133272309969674, 0.4888666728591854, 0.5445728579506421
0.5233265720081136, 0.461321126047833, 0.5274297307276236, 0.557539565226373
0.49594320486815413, 0.42588665967777195, 0.48436478719785814, 0.5187191372145069
0.47058823529411764, 0.3524199663601266, 0.41823168173707204, 0.4433335353481243
0.5314401622718052, 0.5716500805597192, 0.6824373354572265, 0.7363491690619849
0.5192697768762677, 0.41811412304913886, 0.5032198521342668, 0.5512788344695766
0.5050709939148073, 0.41450517208778853, 0.4825284671191131, 0.5182772617834265
0.49898580121703856, 0.4199064521151604, 0.5125538732296869, 0.5501374380261145
0.5050709939148073, 0.38698611951523076, 0.4600587074081217, 0.48698695113629087
0.4898580121703854, 0.39032359111271164, 0.4499422486949509, 0.48315486051381
0.4898580121703854, 0.3720740027680071, 0.4387436279015926, 0.4865072509523081
0.49797160243407707, 0.4369216085437433, 0.5430315096204672, 0.5845354891908447
0.5172413793103449, 0.48641709312423487, 0.5566183506165472, 0.5950200634072578
0.4614604462474645, 0.3693318561593879, 0.46071551173663283, 0.485452914783792
0.5202839756592292, 0.47822199971410184, 0.5951509674547821, 0.6293347515308467
0.5010141987829615, 0.4546015849912015, 0.5393178921357, 0.5842665091020562
0.5162271805273834, 0.4917137849267291, 0.5610608786740032, 0.6079670863089224
0.5101419878296146, 0.4488546216223669, 0.5031119141929963, 0.567671038095928
0.4817444219066937, 0.3445913203504115, 0.3998258925204967, 0.4193101312146729
0.5152129817444219, 0.41537150868121975, 0.4854714320644202, 0.5171009066606255
0.4898580121703854, 0.4602262077499035, 0.5392894028491799, 0.5897474904976059
0.4847870182555781, 0.42081295064780677, 0.4884477902790285, 0.5382701212443136
0.539553752535497, 0.4756964518208044, 0.5589810900739965, 0.5979471449622368
0.5223123732251521, 0.34481480798421227, 0.4086678763987007, 0.4403903627018786
0.5121703853955375, 0.3826443267879053, 0.4548383367452027, 0.5023380886385131
0.48580121703853957, 0.5134852199082875, 0.6059110126603037, 0.6427295143574913
0.48377281947261663, 0.4383955503138696, 0.4820847496999724, 0.5272695943529467
0.49594320486815413, 0.38717125537685443, 0.4537713089347918, 0.492238792231858
0.5162271805273834, 0.40765512101644963, 0.4723857100330223, 0.5099442049053392
0.4716024340770791, 0.3718894492185193, 0.45126495885845774, 0.48823737245732285
0.4898580121703854, 0.34546217466466456, 0.40632097890738594, 0.42611309068823844
0.5091277890466531, 0.44627520589949765, 0.4973527919955506, 0.5383848372153938
0.5040567951318459, 0.45456810954090565, 0.5569373271792029, 0.6112119639548313
0.5243407707910751, 0.40083914252925884, 0.4664775321974418, 0.5011247381780767
0.45233265720081134, 0.4001292519254018, 0.48082431050594365, 0.5037251815404992
0.5172413793103449, 0.4898270048375414, 0.5698186103810111, 0.6089867928513407
0.4918864097363083, 0.433390901868086, 0.5101706786624801, 0.5473188056765744
0.44421906693711966, 0.4585753839153284, 0.5509737052916098, 0.6153074982737707
0.4746450304259635, 0.38871138318255466, 0.44608162653179995, 0.47338950409956165
0.5030425963488844, 0.4214331629812698, 0.5046369807281914, 0.5322566184318734
0.49594320486815413, 0.5490524277768531, 0.7027056078694601, 0.7392588562841146
0.5121703853955375, 0.40418935874750184, 0.4699045521561487, 0.5131705614288464
0.5070993914807302, 0.4561622491412556, 0.5286520058871442, 0.5708878405569542
0.4787018255578093, 0.36304333074891615, 0.4076243646104606, 0.4592474698292521
0.4827586206896552, 0.32426028691317443, 0.3902618859862448, 0.41055137538255726
0.49797160243407707, 0.5168050020847836, 0.5879539397742352, 0.6230334070580567
0.5141987829614605, 0.48811847915755324, 0.5816438681889324, 0.6351214888009563
0.5060851926977687, 0.5110310969669244, 0.6047856669146965, 0.6514954486317351
0.47971602434077076, 0.42974227606563264, 0.5083468612896986, 0.5444354791372316
0.5081135902636917, 0.35992317394379797, 0.4173612170037654, 0.4371382440238033
0.486815415821501, 0.4201685546665881, 0.5155105150141743, 0.5295574546012722
0.48884381338742394, 0.35927665807432246, 0.41572045548016845, 0.45104180939125116
0.49391480730223125, 0.4605460741858398, 0.5785695221412988, 0.6014904523183727
0.4918864097363083, 0.37844357667125994, 0.45651467620850705, 0.48753910842877296
0.4949290060851927, 0.4386613757103969, 0.49917415860425135, 0.5524101667094163
0.5233265720081136, 0.35833711537020624, 0.40409527849290194, 0.4237958499459393
0.5040567951318459, 0.4746816662245968, 0.5691628211006405, 0.6213995010844489
0.5101419878296146, 0.4219193528099284, 0.48544752313422457, 0.5187141966846058
0.49290060851926976, 0.4689791970111309, 0.5445399746029432, 0.584965591504861
0.46551724137931033, 0.3710144795538639, 0.4257984508451508, 0.4543029244812507
0.5020283975659229, 0.3789099930741009, 0.43628835807968425, 0.45779131576517273
0.5, 0.4210780039797953, 0.5025854282798604, 0.5336151022822185
0.49594320486815413, 0.3277750449758329, 0.3802531969192614, 0.3983293443415675
0.4908722109533469, 0.3855020841475718, 0.45879253109109974, 0.4898272517367133
0.48782961460446245, 0.3981265045892378, 0.4416271800558269, 0.47380984903777396
0.48782961460446245, 0.5193891953395849, 0.6114477341696078, 0.6535816143638371
0.4908722109533469, 0.4428558355698554, 0.5219066328547847, 0.5467117917491412
0.5040567951318459, 0.4479476564468283, 0.5259005266828937, 0.579372341895187
0.5050709939148073, 0.4543955371377214, 0.5351571483400925, 0.5689127770067025
0.49797160243407707, 0.4183849662549983, 0.5085186103373527, 0.5390304433098347
0.4787018255578093, 0.3804610743795127, 0.43884944318696817, 0.45912168841908363
0.5212981744421906, 0.3718883839159801, 0.41856867376565443, 0.45781995598063285
0.4949290060851927, 0.40201521218769987, 0.483902075796235, 0.513050363966658
0.5, 0.41337386356608513, 0.4896892884027222, 0.5187873190187405
0.4908722109533469, 0.44203756571384945, 0.5206883400934705, 0.5540592724733461
0.49594320486815413, 0.4307135480195564, 0.4793230292888405, 0.5186827506929884
0.4847870182555781, 0.3830435188584608, 0.46098902095737027, 0.5011793384100547
0.4787018255578093, 0.43326866266459335, 0.5088397948480299, 0.537901517653806
0.5030425963488844, 0.4087802647935256, 0.48263072914987826, 0.5096878820328519
0.5081135902636917, 0.42802022385945515, 0.5106377609556705, 0.555048830113249
0.5, 0.39485452095174206, 0.47157991531871013, 0.504866446581648
0.5111561866125761, 0.4544412203856577, 0.5364989156336117, 0.5758156370401227
0.4949290060851927, 0.49344146121967924, 0.6020106685471843, 0.6343076088372539
0.5040567951318459, 0.4787567750563884, 0.5575125644917935, 0.6064390606733793
0.5212981744421906, 0.4866836350067354, 0.5535659523628145, 0.5940003484107506
0.5091277890466531, 0.37814844806767334, 0.4356011342366416, 0.47458623757651036
0.5010141987829615, 0.4148047297860338, 0.5044410775774371, 0.5415791646011285
0.4817444219066937, 0.4451413998441509, 0.5323262563467623, 0.5640745946121183
0.5091277890466531, 0.44258832039158025, 0.5080414930353788, 0.5498828470891257
0.5070993914807302, 0.44701249375807045, 0.5251514854495709, 0.5622403161255771
0.5162271805273834, 0.49811240589567496, 0.60550355072704, 0.6369713507804283
0.526369168356998, 0.4909624684688913, 0.5729191352060079, 0.6039242050193263
0.4726166328600406, 0.5145995261765998, 0.6195756720433323, 0.6606147792429653
0.5212981744421906, 0.40863929863035164, 0.47625451130258845, 0.5150595770761184
0.5253549695740365, 0.38192389517622827, 0.43430475992649564, 0.4573176685770834
0.48782961460446245, 0.5021784067616175, 0.5928415436390708, 0.6567177663227632
0.5334685598377282, 0.3816319876120303, 0.44726161862512137, 0.4580107000330647
0.49898580121703856, 0.37719490462227967, 0.4406954388873717, 0.4803150807047476
0.5091277890466531, 0.4105877505942409, 0.4876563544870073, 0.5145901746989907
0.49594320486815413, 0.3720426369555029, 0.4410484032792559, 0.4740383914703765
0.5121703853955375, 0.3309658115428993, 0.38588174370063155, 0.3985164410533258
0.49898580121703856, 0.41804638537621286, 0.489374869412015, 0.5282993518356391
0.5091277890466531, 0.43529219898533655, 0.5039391482822939, 0.5229830366354384
0.4969574036511156, 0.32661693436688866, 0.3732796114911754, 0.3984628506420617
0.473630831643002, 0.5025117868671432, 0.572422447570336, 0.6193314726018919
0.4665314401622718, 0.33876222032379455, 0.4138577157260295, 0.4368289170788466
0.5050709939148073, 0.47206439511431764, 0.5737071695710485, 0.6220125370569132
0.513184584178499, 0.4572598005336824, 0.5716839198285806, 0.6025794994463415
0.526369168356998, 0.5022376453450439, 0.602214335425354, 0.6409297040377061
0.5081135902636917, 0.46446327171610985, 0.5669669035723091, 0.5927183777347577
0.5192697768762677, 0.4572659631196952, 0.557533560477711, 0.6104463329376268
0.4827586206896552, 0.44943590525464794, 0.5671417569591244, 0.6110336622019844
0.45841784989858014, 0.43073988973139604, 0.5020292774018051, 0.5379017846237018
0.48377281947261663, 0.4149932339737945, 0.46996049082832936, 0.5255948871316583
0.5020283975659229, 0.3865773598693843, 0.44632913934136653, 0.4960710925592169
0.5091277890466531, 0.458128586207285, 0.5514793920332199, 0.5950655470445575
0.5273833671399595, 0.4298424137329475, 0.5352715039475486, 0.5730883689331151
0.49797160243407707, 0.46989725225499246, 0.5695399763693701, 0.6051819388277653
0.4908722109533469, 0.3897169584863251, 0.46493080758036065, 0.48209185969607904
0.4645030425963489, 0.43708734142501615, 0.5274700610943104, 0.5695372221042987
0.4949290060851927, 0.30133714861672534, 0.35951403069951093, 0.3704909285233553
0.48884381338742394, 0.41487328721042066, 0.48568315682656105, 0.5201568057631694
0.49797160243407707, 0.3695754025498167, 0.45349028611136133, 0.4732275115655655
0.513184584178499, 0.4528709525394969, 0.5486519092026094, 0.5787973517547876
0.5111561866125761, 0.4937787999455544, 0.5796811779146294, 0.606872720218499
0.5050709939148073, 0.48857072968159965, 0.5767100005291041, 0.6188517918701669
0.5141987829614605, 0.38407865821858356, 0.4386720340040652, 0.4629497750451247
0.513184584178499, 0.4490353681171896, 0.5235780293853276, 0.5732656484695979
0.5162271805273834, 0.2532587853485896, 0.2945535314785863, 0.3014698687860551
0.5050709939148073, 0.4032328711613401, 0.49801135532964547, 0.5246242984417361
0.513184584178499, 0.4574072829312226, 0.5073366626795573, 0.5646001483639301
0.513184584178499, 0.3817559931582749, 0.43524374144296807, 0.4715722972312078
0.49797160243407707, 0.38242438658950373, 0.436111671069935, 0.46304061846018524
0.5111561866125761, 0.42380600323847284, 0.4879033193427701, 0.510305283840662
0.513184584178499, 0.4000267322861448, 0.4864754477488361, 0.5100761809029606
0.5, 0.5612976015969795, 0.6467438719453726, 0.6978904848344849
0.48884381338742394, 0.40570122262199915, 0.45734945957664386, 0.4976525061465524
0.46754563894523327, 0.41280816500381534, 0.49266671784319993, 0.5239641438716944
0.4817444219066937, 0.42367234589541525, 0.5076120227726044, 0.5522157610848467
0.5091277890466531, 0.5251021916045271, 0.6125906364787761, 0.6841588340317388
0.4817444219066937, 0.3817382322404478, 0.4480404418303674, 0.4732202944849822
0.4776876267748479, 0.4547344561036427, 0.5286308167610414, 0.5662073695680997
0.49898580121703856, 0.35895557035293024, 0.4352710393983005, 0.4552837867449403
0.49391480730223125, 0.5165868558781366, 0.6321204761053141, 0.674173113527238
0.4776876267748479, 0.44607451701013323, 0.5046808687331432, 0.5497263663215273
0.5152129817444219, 0.4280686119793932, 0.507738267974515, 0.5420969870780554
0.48884381338742394, 0.4505251431123405, 0.5223699989853403, 0.5675593510271012
0.486815415821501, 0.4251144569694656, 0.48360830793881004, 0.5071337905868943
0.5, 0.383988115132061, 0.4629551598014674, 0.4957638016022335
0.5040567951318459, 0.3808138270381807, 0.4340173735048587, 0.45783480847651326
0.4969574036511156, 0.49422393286532784, 0.5373439408769751, 0.5928018181092738
0.5040567951318459, 0.431172363318177, 0.515315706247568, 0.5416537516798047
0.5223123732251521, 0.43902949347699494, 0.5036810147429965, 0.5427164785536788
0.4949290060851927, 0.3685377867830459, 0.4576357811729841, 0.4791243739203172
0.4847870182555781, 0.33040886359437144, 0.39637246558149775, 0.42205917653793495
0.513184584178499, 0.4778566066831399, 0.5589251592142765, 0.6105791011070013
0.49797160243407707, 0.4294807573597118, 0.5035438844135776, 0.5381415884945522
0.4787018255578093, 0.38604968022015684, 0.47227732722788307, 0.5199500245481977
0.5212981744421906, 0.3638957567578692, 0.411379981590711, 0.4570500997527277
0.5162271805273834, 0.4571741591625877, 0.5223376898044714, 0.560787262478397
0.5070993914807302, 0.49832506824957734, 0.5820791910759542, 0.6348758414200799
0.4969574036511156, 0.33754349879372497, 0.4191040111101143, 0.4416293081825609
0.4949290060851927, 0.4222058877466336, 0.49413390440367355, 0.5408779359574537
0.45841784989858014, 0.35705562241839395, 0.43314613096957666, 0.4531802667126143
0.5060851926977687, 0.5344610181578955, 0.6178980640211137, 0.651839607865493
0.4776876267748479, 0.33962352657699946, 0.37825269631452063, 0.3990868175505559
0.4817444219066937, 0.3410019312279846, 0.39672949120672674, 0.4416521653307769
0.49594320486815413, 0.3779423161014803, 0.4231568951204677, 0.4730204074492378
0.5030425963488844, 0.36560473287303014, 0.4120601355421707, 0.44527783943491134
0.4898580121703854, 0.34342757603220847, 0.3893237937146077, 0.40970894353500464
0.5050709939148073, 0.42785360378290394, 0.5406392249141618, 0.5796090286884036
0.5182555780933062, 0.48448124733316267, 0.5593990665784756, 0.6046034057914154
0.4665314401622718, 0.3887192860018348, 0.4775744583836995, 0.5101390557986191
0.5020283975659229, 0.4289345006850142, 0.5100566733236918, 0.5523664351430586
0.4949290060851927, 0.40037344210284664, 0.46970351647633446, 0.49862093900410154
0.49797160243407707, 0.47543298085381425, 0.570097129398335, 0.61490668126692
0.5091277890466531, 0.5537551059558807, 0.6621848795442931, 0.7024515185899496
0.5040567951318459, 0.39491686106127005, 0.44828526221415665, 0.4811887061813709
0.4898580121703854, 0.3544764049956899, 0.41863868438436846, 0.44165338555380124
0.5040567951318459, 0.40603898615914247, 0.47759508462827416, 0.49994699274892507
0.5172413793103449, 0.4359240813108891, 0.5347118313459637, 0.5770178876792296
0.48377281947261663, 0.4242272191077727, 0.521524091441766, 0.5665249397408006
0.5141987829614605, 0.4515445819740165, 0.5358808853112182, 0.5771112413683552
0.47565922920892495, 0.42591158538030083, 0.5117671363725596, 0.5420635646174767
0.49898580121703856, 0.45020587222102043, 0.5703955649199539, 0.602733787751949
0.48073022312373226, 0.4329982406582314, 0.5261024089741023, 0.5641662597047336
0.5192697768762677, 0.5182599179161957, 0.6025008976930056, 0.6519808214473298
0.5, 0.3694105435629773, 0.4381785492467797, 0.4811303694126357
0.5243407707910751, 0.4754471796189043, 0.5530732515050452, 0.579740102153139
0.5273833671399595, 0.37274735950247445, 0.43363973960983726, 0.4599279522146021
0.4726166328600406, 0.31234543738227494, 0.3797463399022156, 0.40081090134701514
0.486815415821501, 0.39052553697588355, 0.47107043757419675, 0.49685219295613564
0.5020283975659229, 0.4000618228067798, 0.4684087483645172, 0.5078850064766727
0.5162271805273834, 0.47765717502495125, 0.5758187796572298, 0.6198129440755362
0.4827586206896552, 0.5316572074159159, 0.6509565876959703, 0.682067251822499
0.5243407707910751, 0.46110104030048493, 0.5391105551071395, 0.571595135854053
0.49391480730223125, 0.4236233524709242, 0.5053228929797149, 0.5388170348626907
0.4949290060851927, 0.4329575633542706, 0.49894998572247, 0.5466558457259005
0.5070993914807302, 0.5410264635895692, 0.6370532128578215, 0.682281034435893
0.5050709939148073, 0.45895382598862144, 0.5617888031010242, 0.6059833342814315
0.5111561866125761, 0.38413863530599346, 0.46825026246736834, 0.4973714092473291
0.5152129817444219, 0.4263264604283147, 0.5131824199636354, 0.5466170288545176
0.5111561866125761, 0.41304650433935386, 0.5039286533629167, 0.5348244976052284
0.5030425963488844, 0.47015082422624677, 0.5478204711884832, 0.5834562582209722
0.48073022312373226, 0.35252360455355836, 0.4259700150755571, 0.4413558846741775
0.5, 0.37332702631369213, 0.46086311477018316, 0.46739029240399804
0.5212981744421906, 0.48324052214534896, 0.5660180664544603, 0.6018765594749997
0.5101419878296146, 0.4317921898801769, 0.5163152823920913, 0.5523346109798943
0.48782961460446245, 0.46250608343120303, 0.5455437297902063, 0.587314220624035
0.5314401622718052, 0.44415765168793664, 0.5248940268950015, 0.5792954895735428
0.5101419878296146, 0.4920725563148815, 0.6030115106636991, 0.6591708248991449
0.49898580121703856, 0.4174363956020109, 0.5015811013459586, 0.550031945768611
0.5081135902636917, 0.39745940824791537, 0.47535099604553754, 0.5059361887740752
0.5040567951318459, 0.404549885230702, 0.4793981040649442, 0.513092461563098
0.5091277890466531, 0.39841540761995287, 0.473092926062434, 0.5063991727241006
0.4766734279918864, 0.4436607808058386, 0.5475122787445099, 0.5720933733943392
0.5020283975659229, 0.41141838180161366, 0.4857935079359431, 0.5300908726357518
0.5010141987829615, 0.4074445407655011, 0.458263244353701, 0.4855495409882261
0.5152129817444219, 0.4674133259066605, 0.5614276287660022, 0.6098300194709042
0.4817444219066937, 0.47887146189071506, 0.5684161051777268, 0.6084841749363492
0.4847870182555781, 0.323720774476776, 0.3949774790072832, 0.4145601851207663
0.5070993914807302, 0.5724649758571366, 0.6848883785112656, 0.7252321503777033
0.49898580121703856, 0.41956677956708777, 0.5111582812895146, 0.5463857370222477
0.5111561866125761, 0.4984227304820492, 0.6104778846935419, 0.6414778910951079
0.5020283975659229, 0.3146810323978482, 0.38520156506402825, 0.3994077955858589
0.5294117647058824, 0.36241917181267036, 0.4229607555624165, 0.45707776968621444
0.4969574036511156, 0.4449092288600036, 0.5141486279414744, 0.5509489106244256
0.5030425963488844, 0.45099263793513955, 0.5339885155561175, 0.5962463062676091
0.4898580121703854, 0.42387624594666473, 0.4917954352357592, 0.534008142189632
0.48782961460446245, 0.49011944190313583, 0.5972560221993455, 0.625165161733876
0.48073022312373226, 0.3593054158797688, 0.42089131242346145, 0.44392071663299865
0.5091277890466531, 0.4545199685069996, 0.5347138878931776, 0.5792429581108449
0.4918864097363083, 0.39407766609167827, 0.46280319707837747, 0.49755166982976834
0.5182555780933062, 0.46493868736544375, 0.5695122856717614, 0.6131741573025831
0.5212981744421906, 0.4643724358207338, 0.5692485583985558, 0.6185434532160239
0.5182555780933062, 0.433790226354581, 0.5249017797174405, 0.543279486332621
0.5060851926977687, 0.5109041886973095, 0.6054465899971901, 0.6517196396386382
0.4776876267748479, 0.4711871407402779, 0.54537700817834, 0.5970223448421127
0.5223123732251521, 0.44518620413062093, 0.49579800758184644, 0.5275113881579315
0.49391480730223125, 0.38221485508132264, 0.45172996176846514, 0.4863991361849105
0.4898580121703854, 0.3256104797352625, 0.37447933418640433, 0.39942411426916785
0.5101419878296146, 0.38729303465881, 0.4400792908739929, 0.4916215630946855
0.48884381338742394, 0.3991540941022956, 0.4765158400862667, 0.5167952801913788
0.47058823529411764, 0.322500296256641, 0.37537554809495965, 0.3920018232485033
0.4787018255578093, 0.4001118718804487, 0.4832833085125354, 0.5123971010217712
0.5040567951318459, 0.38077719543582744, 0.4507760003635868, 0.4817106658530797
0.49898580121703856, 0.42538289143706165, 0.5263405220143087, 0.5459057329882231
0.5202839756592292, 0.3598267550025744, 0.4285099806454231, 0.4366175741232875
0.4766734279918864, 0.43538115224016904, 0.4966327734710959, 0.5341440381857212
0.5152129817444219, 0.3963631138676492, 0.4858782778657966, 0.5101940987761663
0.5040567951318459, 0.32904937252326344, 0.37046125146886055, 0.40299803298440356
0.49290060851926976, 0.3569228413223265, 0.4141234668433066, 0.4480857980424062
0.48377281947261663, 0.43628128454968473, 0.5424512555642862, 0.5765726542056713
0.486815415821501, 0.44154795373872, 0.5693152441296171, 0.599362560395585
0.4746450304259635, 0.430648600790333, 0.5232823118905776, 0.5547170683763549
0.4726166328600406, 0.2754364871463948, 0.3086335532227854, 0.3300996804059601
0.48884381338742394, 0.3683053092088673, 0.4355768781537206, 0.4729615397137309
0.49594320486815413, 0.43795770939932777, 0.5438687382311501, 0.5562748921292628
0.5030425963488844, 0.45490884644817714, 0.5591947070046779, 0.5966906991062341
0.4969574036511156, 0.3642455799816295, 0.432211793115729, 0.4626985718600573
0.49594320486815413, 0.4701815781570796, 0.5526278660839415, 0.596450561004256
0.5162271805273834, 0.5313342978073012, 0.6272901786105494, 0.6773061076797122
0.5020283975659229, 0.44429753754118784, 0.5626257390521867, 0.5946042315060932
0.4908722109533469, 0.4174022107948727, 0.53118965893594, 0.5718341879014902
0.49290060851926976, 0.43964445828798193, 0.5098028524211711, 0.5628817123424114
0.48073022312373226, 0.3671797555868038, 0.44377652220544506, 0.46160998492529426
0.5202839756592292, 0.4682302154364639, 0.5608656713060705, 0.5985066904315259
0.48580121703853957, 0.4434039956745156, 0.5686196699827553, 0.6183961537767282
0.5020283975659229, 0.4052316193931445, 0.49336218919202723, 0.5196100094952195
0.5050709939148073, 0.4093844199462485, 0.506087059622931, 0.5468883778205009
0.5050709939148073, 0.4184738600982427, 0.5225075590603057, 0.5580795248441579
0.4614604462474645, 0.4432041036203414, 0.5299334609011045, 0.5725959603832153
0.49290060851926976, 0.3411460747971779, 0.3906786158054316, 0.431385012012865
0.4847870182555781, 0.3729179491175623, 0.44048283570593083, 0.466122003057812
0.49290060851926976, 0.4445689857157308, 0.5162030388920289, 0.5614313918411247
0.5354969574036511, 0.4358044074275827, 0.5287723278931502, 0.5876447289429619
0.4969574036511156, 0.4019642925488654, 0.4817220243907646, 0.4995307022964716
0.4787018255578093, 0.3657473784932844, 0.45111404222353324, 0.47607723414068526
0.4746450304259635, 0.43019965225323314, 0.5015225124914946, 0.5330945054489257
0.513184584178499, 0.45837934502521205, 0.5294969934373132, 0.5559482106556889
0.5172413793103449, 0.47554046894220237, 0.5612501959476925, 0.5982442487969831
0.5030425963488844, 0.40563991886747097, 0.4634282841844183, 0.48450082458811994
0.513184584178499, 0.36089528363985046, 0.43135504616387144, 0.4559431891966685
0.49898580121703856, 0.3832380915577202, 0.43155540845985907, 0.4741639328982976
0.48377281947261663, 0.3287114168547778, 0.37672447004047627, 0.40771561490876124
0.5121703853955375, 0.40128531823872626, 0.44491263384663904, 0.4973006121693256
0.49290060851926976, 0.48702483828784676, 0.5788132795144223, 0.6202963823040291
0.4949290060851927, 0.3667342073500314, 0.4380937197310282, 0.46373393841611815
0.5060851926977687, 0.28653134627692334, 0.3251224076254833, 0.3385544110584784
0.5354969574036511, 0.40460413648055993, 0.49605798279431723, 0.5281464397073589
0.5152129817444219, 0.4431904822831141, 0.5180970681130697, 0.5545413109977202
0.4969574036511156, 0.41520777779253837, 0.5195565367384871, 0.549325666073638
0.49797160243407707, 0.5616144216021242, 0.6612745264492916, 0.7215589469518644
0.5060851926977687, 0.45310919023703666, 0.5490358568932108, 0.5852853583674207
0.5, 0.40510584116343135, 0.49361023278029215, 0.5311581488641225
0.48782961460446245, 0.4177519323647587, 0.49158436920164583, 0.5338312007563508
0.5121703853955375, 0.5366211507445346, 0.6264555138023253, 0.6640756081409743
0.5101419878296146, 0.4479426465962285, 0.5391389812910099, 0.5727945999260301
0.5101419878296146, 0.45757221653164754, 0.5503183572223385, 0.5806846784838269
0.5202839756592292, 0.2914273945998931, 0.33504479549853705, 0.3418687633857776
0.513184584178499, 0.474154638900244, 0.5469278867437999, 0.5792272593664965
0.49594320486815413, 0.40362820714029735, 0.4908283965317839, 0.5158386733129742
0.486815415821501, 0.4306068310390838, 0.5233554921465828, 0.5596920649406407
0.5182555780933062, 0.4171600595300297, 0.49181435541553375, 0.5107656885688496
0.5070993914807302, 0.5596859320150237, 0.6548904462831747, 0.6998373710582029
0.4969574036511156, 0.3471870008219689, 0.41945617117066714, 0.45947724657827776
0.5162271805273834, 0.45918721310636634, 0.552380643180789, 0.5888143694753528
0.5152129817444219, 0.44185354158213663, 0.564924140314898, 0.5950919566485695
0.513184584178499, 0.4785306464545646, 0.5934881106428358, 0.6542698084258561
0.486815415821501, 0.3966164938562755, 0.44942944438686616, 0.48415888514451016
0.4726166328600406, 0.33105518670134443, 0.397759811421186, 0.4216377159696932
0.5182555780933062, 0.41333843714779817, 0.4709669636958632, 0.5051226297202221
0.5050709939148073, 0.36950500236462935, 0.4267683215227559, 0.4743668459504029
0.526369168356998, 0.49587013068018015, 0.5661081577697236, 0.6084297005739853
0.486815415821501, 0.4218831549768075, 0.5096880708690834, 0.5281449099605642
0.473630831643002, 0.31758616713402843, 0.3963304418211516, 0.41389402430186484
0.49797160243407707, 0.3300076172032334, 0.3907465817582074, 0.41120308420734897
0.5050709939148073, 0.450705745801834, 0.5247073344134835, 0.5667227731288452
0.5182555780933062, 0.49253600984335427, 0.587039891635635, 0.6229595929873031
0.5081135902636917, 0.4069859382065397, 0.5171025056523224, 0.535689571625043
0.4918864097363083, 0.495185148610027, 0.5803526511437735, 0.6208215535527767
0.4949290060851927, 0.3742597837995678, 0.48652760826845076, 0.5211429488952186
0.5050709939148073, 0.4403967527873927, 0.49482647269078717, 0.5342286819136729
0.5030425963488844, 0.4713604125116954, 0.5653747673996075, 0.6004020561146266
0.49391480730223125, 0.45572637851129993, 0.5614803193678849, 0.587750996868968
0.4665314401622718, 0.40617552016160957, 0.4603035522315536, 0.5108271993178328
0.5172413793103449, 0.4659845095085945, 0.5529004499719747, 0.5830524365910663
0.5253549695740365, 0.4143032360307244, 0.4918434743968817, 0.5223432435625825
0.5081135902636917, 0.45630457681126946, 0.5525613933819638, 0.5883795395564725
0.486815415821501, 0.35013196208534847, 0.4298053909848114, 0.4571630938814249
0.5060851926977687, 0.40446921586341433, 0.4776090905543937, 0.517275174996571
0.5111561866125761, 0.4777872474344923, 0.564740221605611, 0.5933186707207134
0.5162271805273834, 0.4637696297617669, 0.550638709415775, 0.5881326046812033
0.4908722109533469, 0.4592886580046519, 0.5497874063052547, 0.593196061551962
0.5182555780933062, 0.46501757017413015, 0.5228687486323423, 0.5612825428490221
0.5070993914807302, 0.4418853489809907, 0.5422910816809547, 0.5715347814916272
0.4817444219066937, 0.47000819254431214, 0.5835028944340562, 0.6210650156526185
0.5, 0.38876655878801886, 0.4739770339622118, 0.5159522156255147
0.4726166328600406, 0.4687601507367108, 0.5670911926868722, 0.6099203319321028
0.4827586206896552, 0.392422794507284, 0.47133242693014143, 0.49548109264037626
0.4949290060851927, 0.40797366625370024, 0.4924722407564678, 0.5255666410517464
0.4898580121703854, 0.46891902311838163, 0.5602322680303633, 0.6036888559602847
0.47971602434077076, 0.48012467692056704, 0.6219744840363395, 0.6599532464640694
0.48580121703853957, 0.4735759139994279, 0.5839099051386126, 0.6240449670903389
0.4776876267748479, 0.4589306239357534, 0.5254660510475087, 0.5855665865741296
0.5050709939148073, 0.41189302204072475, 0.48853900832771247, 0.5174125997743183
0.48782961460446245, 0.36742922776641607, 0.4491343006386628, 0.47997512499608663
0.5162271805273834, 0.4126160700876286, 0.5002349130767954, 0.5388843361297222
0.5253549695740365, 0.4601685794240462, 0.5305756278600461, 0.6008664632903546
0.5172413793103449, 0.4460522994030386, 0.5047600903794855, 0.5405457995189105
0.4766734279918864, 0.39275160901214634, 0.49273798978350014, 0.5304327732505157
0.486815415821501, 0.38500590243436283, 0.4282648092169382, 0.4673840945420496
0.48782961460446245, 0.3144746292503344, 0.3662067722792993, 0.3965138368739429
0.49391480730223125, 0.419121575099256, 0.48101788546628665, 0.5102026921312119
0.5050709939148073, 0.4446902730686685, 0.5163398208742909, 0.5413735041180779
0.4918864097363083, 0.30784720218716954, 0.3421823445187776, 0.3572275388375172
0.48580121703853957, 0.46810492716906366, 0.5296771610576869, 0.5762107169918115
0.5385395537525355, 0.38475470218931496, 0.4663119047698632, 0.4814024891819041
0.49391480730223125, 0.3364299094918346, 0.3998611088210732, 0.44445570833485515
0.5070993914807302, 0.3584823714599459, 0.420486835757641, 0.4489291212942494
0.5091277890466531, 0.4476389159576797, 0.5097944993474586, 0.5617676806285195
0.4969574036511156, 0.39613128587883667, 0.49245603295718665, 0.5384466964027544
0.49594320486815413, 0.3944478033367723, 0.45605302012188875, 0.48221406475376305
0.5070993914807302, 0.3542538676303396, 0.4355767142140259, 0.45540993493250315
0.4827586206896552, 0.3932382192922855, 0.4466522874561629, 0.48589795325153584
0.5182555780933062, 0.37038301294119863, 0.44777513591854023, 0.48593107085450715
0.5040567951318459, 0.45127424985435993, 0.516147164327982, 0.5495618083453981
0.48580121703853957, 0.5000322472489125, 0.6129412929048879, 0.6336929761975437
0.48884381338742394, 0.33731263276372286, 0.3767905073130091, 0.4047010774001758
0.4827586206896552, 0.37081519271019137, 0.4499208042106946, 0.48379418281311987
0.4847870182555781, 0.3778193325160507, 0.4627913822484895, 0.49278161904678736
0.4918864097363083, 0.3415291490682054, 0.40913086593737447, 0.4450970665034917
0.5415821501014199, 0.47853427969087636, 0.5570102186696024, 0.5901550688931957
0.5415821501014199, 0.44950844158842684, 0.5204476895832039, 0.5654499561122047
0.5233265720081136, 0.46256059108412817, 0.5398538399825918, 0.5688122528855819
0.5040567951318459, 0.44158888975873, 0.5056150857840764, 0.5426238017347685
0.5081135902636917, 0.44708265712226436, 0.5222908977154477, 0.5489612499066046
0.48580121703853957, 0.4372144743993016, 0.5192353390561955, 0.5633930404466219
0.5070993914807302, 0.4260899596009735, 0.5075090690333466, 0.5287839236326496
0.5070993914807302, 0.45786848972385885, 0.5470169953806241, 0.5708909593471232
0.5415821501014199, 0.48041662586774425, 0.594643881243504, 0.6430840882308823
0.5091277890466531, 0.5480115853888758, 0.6612326948556644, 0.7102456446529374
0.5192697768762677, 0.48324421727203404, 0.5737090821244808, 0.6210730625864226
0.4766734279918864, 0.40675872813464437, 0.4776990571779536, 0.5011391811570967
0.5141987829614605, 0.47549996313466336, 0.53045008920349, 0.5699836777893331
0.5030425963488844, 0.45980397171507603, 0.5283101699796147, 0.5784818585288133
0.5121703853955375, 0.35674908778440084, 0.4185450295514538, 0.43501368141314617
0.5070993914807302, 0.3749775934786689, 0.4492802546928194, 0.48398295126294494
0.48073022312373226, 0.3487026785922033, 0.39073456693952346, 0.44543764119186746
0.49797160243407707, 0.3946008635976515, 0.48536630802970515, 0.5264866807264846
0.48580121703853957, 0.36793080397763955, 0.43858214602529555, 0.4780841135894876
0.5091277890466531, 0.42838393621713233, 0.5319246613992717, 0.5584334872885862
0.49594320486815413, 0.480983051523153, 0.5877676175888954, 0.6242926884750664
0.48782961460446245, 0.3839878062451896, 0.4473433376795962, 0.4814588132997354
0.4746450304259635, 0.4589137665514394, 0.5216335519860203, 0.5519536240450547
0.4908722109533469, 0.45101770504001404, 0.5374236377935913, 0.5910582204666902
0.4665314401622718, 0.3752501632767532, 0.4673325135154004, 0.5036356865518495
0.5020283975659229, 0.516833774778664, 0.6199365829491454, 0.6818886977195078
0.5091277890466531, 0.35309732851032366, 0.4087020175684062, 0.4418232763344926
