ATE real, ATE estimado
0.23190442726633873, 0.2263811513463324
0.22445537596626844, 0.24866527390900645
0.23246661981728742, 0.23401230269266482
0.23288826423049894, 0.18912073882477787
0.23246661981728742, 0.2339169651147367
0.22768798313422348, 0.2643669584825574
0.23808854532677443, 0.2530715280541186
0.23120168657765286, 0.18408442764292343
0.2348559381588194, 0.20947738426847062
0.22122276879831343, 0.16601588406950518
0.22614195361911454, 0.21716656718397664
0.2245959241040056, 0.2532248972012204
0.2314827828531272, 0.2076452447274174
0.2348559381588194, 0.2262858137684043
0.23049894588896697, 0.2232723172834593
0.2314827828531272, 0.23771388778352565
0.222487702037948, 0.23948799575540525
0.22951510892480675, 0.2596539660432418
0.24160224877020378, 0.21941736304549675
0.23288826423049894, 0.20852400848918962
0.23190442726633873, 0.22176349648494498
0.2359803232607168, 0.2805453309457488
0.2275474349964863, 0.21298829420347531
0.2348559381588194, 0.2227749038333997
0.2376669009135629, 0.2267251956492904
0.23387210119465918, 0.25677311314497947
0.22319044272663388, 0.22805992174028378
0.23063949402670414, 0.21403700756068444
0.21770906535488405, 0.1606562541451121
0.22895291637385803, 0.23179881283989923
0.22403373155305692, 0.20121617588539586
0.23134223471539003, 0.24357093115797857
0.2330288123682361, 0.20573849316885529
0.22965565706254393, 0.21048879161692535
0.22895291637385803, 0.26614106645443697
0.2320449754040759, 0.22527440641994956
0.22796907940969782, 0.23042678074015127
0.2314827828531272, 0.22960604854755273
0.23612087139845397, 0.23828591325109438
0.2376669009135629, 0.24793987929433614
0.23752635277582573, 0.21697589202812045
0.2326071679550246, 0.19074147764955574
0.23780744905130008, 0.24467767608436125
0.2365425158116655, 0.22754592784188887
0.23190442726633873, 0.22432103064066855
0.22515811665495433, 0.24477301366228937
0.2354181307097681, 0.24673779679002522
0.23316936050597328, 0.2378092253614537
0.23499648629655656, 0.25528501790688424
0.23415319747013352, 0.20279960870141922
0.22796907940969782, 0.2666177543440775
0.22825017568517217, 0.23204751956492897
0.2326071679550246, 0.2523668589998673
0.23794799718903725, 0.2361304549675023
0.23724525650035136, 0.2378092253614537
0.23120168657765286, 0.26570168457355087
0.23471539002108222, 0.24759583499137816
0.2320449754040759, 0.1933363178140337
0.23134223471539003, 0.26493898395012605
0.23274771609276176, 0.2352143851969758
0.23218552354181307, 0.21850129327497025
0.2359803232607168, 0.2853909669717469
0.2359803232607168, 0.27051001459079455
0.22712579058327478, 0.24568908343281598
0.23851018973998594, 0.22086815227483753
0.2348559381588194, 0.22296557898925595
0.22951510892480675, 0.2641762833267011
0.22909346451159524, 0.21111884865366765
0.24356992269852423, 0.22512103727284782
0.22572030920590302, 0.2375605186364239
0.23021784961349262, 0.267438486536676
0.22881236823612086, 0.21764325507361715
0.2307800421644413, 0.23075009948268999
0.22670414617006324, 0.19766795994163688
0.22839072382290934, 0.26114206128133705
0.22698524244553758, 0.2359397798116461
0.2342937456078707, 0.26144879957554057
0.22937456078706958, 0.22432103064066855
0.22909346451159524, 0.2469284719458814
0.23401264933239635, 0.2577845204934342
0.22853127196064651, 0.23002470486801962
0.22726633872101196, 0.23635843613211305
0.22698524244553758, 0.2115955365433081
0.2365425158116655, 0.25360624751293276
0.233731553056922, 0.19656121501525403
0.23106113843991566, 0.24381963788300837
0.23021784961349262, 0.22603710704337443
0.23457484188334504, 0.18240565724897195
0.23330990864371048, 0.24280823053455364
0.24033731553056922, 0.1754791749568908
0.23682361208713984, 0.28817648229208115
0.22206605762473647, 0.228155259318212
0.23190442726633873, 0.21096547950656586
0.2392129304286718, 0.19766795994163688
0.23021784961349262, 0.2637949330149887
0.23401264933239635, 0.23157083167528847
0.22825017568517217, 0.2450590263960738
0.23092059030217849, 0.24002271521421936
0.2314827828531272, 0.23714186231595702
0.23092059030217849, 0.2726654728743865
0.2365425158116655, 0.1897881018702745
0.2241742796907941, 0.18759533757792812
0.2286718200983837, 0.2270112083830747
0.23738580463808853, 0.2497139872662157
0.23626141953619115, 0.2328682517575275
0.2404778636683064, 0.21865466242207188
0.2365425158116655, 0.2406527722509617
0.22726633872101196, 0.2044783790953708
0.22656359803232606, 0.19276429234646497
0.23063949402670414, 0.25114405093513736
0.23176387912860155, 0.24847459875315026
0.23471539002108222, 0.19488244462130255
0.23092059030217849, 0.22777390900649952
0.2354181307097681, 0.17088224565592258
0.24089950808151792, 0.23065476190476186
0.22290934645115953, 0.2455937458548879
0.23288826423049894, 0.2639275766016713
0.23907238229093464, 0.20592916832471153
0.2303583977512298, 0.2760810452314631
0.22825017568517217, 0.21317896935933145
0.2297962052002811, 0.2742489056904098
0.23977512297962053, 0.23046408674890567
0.22965565706254393, 0.25648710041119516
0.2330288123682361, 0.27310485475527263
0.228109627547435, 0.22517906884202143
0.23345045678144766, 0.21865466242207188
0.22487702037947996, 0.2501533691471017
0.23176387912860155, 0.24477301366228937
0.22712579058327478, 0.2554756930627404
0.23162333099086438, 0.2539875978246452
0.23345045678144766, 0.22426299907149494
0.2258608573436402, 0.2199893885130655
0.23106113843991566, 0.23666517442631652
0.233731553056922, 0.244391663350577
0.22782853127196065, 0.21213025600212226
0.23232607167955024, 0.2648436463721979
0.23401264933239635, 0.21375099482690008
0.2421644413211525, 0.1924782796126807
0.233731553056922, 0.24790257328558163
0.23513703443429373, 0.23588174824247243
0.2292340126493324, 0.21875
0.23190442726633873, 0.24444969491975066
0.2297962052002811, 0.18402639607374982
0.2303583977512298, 0.2619627934739356
0.2342937456078707, 0.23790456293938195
0.22600140548137737, 0.2325822390237432
0.23106113843991566, 0.20482242339832868
0.2236120871398454, 0.24679582835919883
0.23443429374560787, 0.26037936065791223
0.2241742796907941, 0.2262858137684043
0.23387210119465918, 0.2030856214352037
0.24005621925509488, 0.2530715280541186
0.22670414617006324, 0.20678720652606442
0.23288826423049894, 0.1753838373789628
0.22487702037947996, 0.27079602732457886
0.24033731553056922, 0.2506300570367423
0.22122276879831343, 0.25309225361453774
0.24427266338721013, 0.26465297121634174
0.23359100491918483, 0.21371368881814568
0.23162333099086438, 0.2462238028916302
0.22951510892480675, 0.2582612083830747
0.23246661981728742, 0.19352699296988995
0.22768798313422348, 0.21136755537869745
0.23851018973998594, 0.2694986072423398
0.23330990864371048, 0.24917926780740152
0.2258608573436402, 0.23208482557368348
0.23232607167955024, 0.1785507030110094
0.23808854532677443, 0.19877470486801962
0.222487702037948, 0.22935734182252288
0.23359100491918483, 0.23042678074015127
0.23710470836261419, 0.25677311314497947
0.24160224877020378, 0.26095138612548086
0.23415319747013352, 0.18965545828359198
0.23443429374560787, 0.25572439978777023
0.22431482782853127, 0.2201427576601671
0.22319044272663388, 0.22590446345669185
0.23443429374560787, 0.2838075341557236
0.2352775825720309, 0.2788665605517973
0.23007730147575545, 0.2120722244329486
0.2342937456078707, 0.2981164610691073
0.22431482782853127, 0.2547129924393156
0.22881236823612086, 0.23872529513198032
0.23640196767392832, 0.2013695450324977
0.23808854532677443, 0.263297519564929
0.23274771609276176, 0.24313154927709246
0.2352775825720309, 0.27526031303886456
0.2230498945888967, 0.17164494627934734
0.22965565706254393, 0.2053571428571429
0.2414617006324666, 0.29821179864703534
0.2268446943078004, 0.18681191139408404
0.23232607167955024, 0.21644117256930628
0.2352775825720309, 0.2870697373656983
0.23049894588896697, 0.24837926117522213
0.22782853127196065, 0.2206194455498076
0.23401264933239635, 0.2014068510412521
0.22557976106816585, 0.23330763363841361
0.22698524244553758, 0.26007262236370876
0.22782853127196065, 0.24423829420347531
0.23710470836261419, 0.23094077463854623
0.24132115249472944, 0.19516845735508692
0.2303583977512298, 0.21529712163416903
0.24075895994378074, 0.23138015651943228
0.23190442726633873, 0.24309424326833795
0.22445537596626844, 0.23046408674890567
0.22262825017568516, 0.20381101604987395
0.22881236823612086, 0.2308454370606181
0.22473647224174279, 0.23676051200424458
0.22993675333801827, 0.2910573351903435
0.23415319747013352, 0.2142276827165407
0.2348559381588194, 0.21764325507361715
0.23569922698524245, 0.16391845735508692
0.2314827828531272, 0.2450590263960738
0.23330990864371048, 0.23695118716010083
0.2365425158116655, 0.2582239023743202
0.21307097680955728, 0.23786725693062744
0.23218552354181307, 0.22615317018172176
0.23443429374560787, 0.2500953375779281
0.23780744905130008, 0.23267757660167132
0.23387210119465918, 0.22891795994163688
0.24005621925509488, 0.21577380952380953
0.22262825017568516, 0.20646388778352565
0.23021784961349262, 0.2399273776362913
0.23513703443429373, 0.2138836384135827
0.23190442726633873, 0.1856678604589468
0.23626141953619115, 0.2590239090064995
0.23808854532677443, 0.2080846266083035
0.2268446943078004, 0.2335356148030242
0.22909346451159524, 0.2218215280541186
0.22796907940969782, 0.27966656718397664
0.22572030920590302, 0.22758323385064327
0.2286718200983837, 0.18022947340496087
0.23935347856640898, 0.21419037670778618
0.2342937456078707, 0.21773859265154527
0.22290934645115953, 0.26003531635495425
0.23780744905130008, 0.2666757859132511
0.23415319747013352, 0.20827530176415965
0.22768798313422348, 0.26047469823584035
0.23092059030217849, 0.22695317681390104
0.23176387912860155, 0.23866726356280676
0.22543921293042868, 0.228155259318212
0.23316936050597328, 0.2804872993765752
0.2314827828531272, 0.2595586284653137
0.2392129304286718, 0.21649920413847995
0.22839072382290934, 0.21672718530309054
0.23387210119465918, 0.2723794601406022
0.23513703443429373, 0.21273958747844535
0.2326071679550246, 0.2330589269133837
0.24033731553056922, 0.2610467237034089
0.2382290934645116, 0.22739255869478708
0.2359803232607168, 0.25721249502586546
0.22796907940969782, 0.19709593447406826
0.22853127196064651, 0.1977632975195649
0.233731553056922, 0.21052609762567986
0.22375263527758257, 0.2115955365433081
0.22052002810962754, 0.21697589202812045
0.2258608573436402, 0.2230236105584295
0.23063949402670414, 0.22882262236370876
0.2303583977512298, 0.26266746252818673
0.2286718200983837, 0.23344027722509614
0.233731553056922, 0.16973819472078522
0.2307800421644413, 0.27031933943493835
0.23640196767392832, 0.2285366096299244
0.23359100491918483, 0.22210754078790285
0.22895291637385803, 0.21811994296325765
0.2330288123682361, 0.22685783923597302
0.23092059030217849, 0.22533243798912322
0.2376669009135629, 0.21836864968828762
0.23752635277582573, 0.2362257925454304
0.2354181307097681, 0.25807053322721846
0.23218552354181307, 0.22575109430959017
0.23836964160224877, 0.23454702215147893
0.22670414617006324, 0.23670248043507103
0.22473647224174279, 0.23895327629659102
0.2286718200983837, 0.24784454171640807
0.23443429374560787, 0.17927609762567986
0.23555867884750528, 0.22077281469690946
0.2297962052002811, 0.2311894813635761
0.2326071679550246, 0.1950731197771588
0.2297962052002811, 0.24259682981827824
0.23345045678144766, 0.24214086748905694
0.23907238229093464, 0.25366427908210637
0.22782853127196065, 0.2671897798116461
0.23246661981728742, 0.19848869213423537
0.2286718200983837, 0.24898859265154527
0.23063949402670414, 0.22147748375116072
0.2245959241040056, 0.22119147101737635
0.23836964160224877, 0.24290356811248176
0.23092059030217849, 0.22077281469690946
0.23021784961349262, 0.2587378962727152
0.22839072382290934, 0.25927261573152943
0.22712579058327478, 0.24515436397400192
0.23120168657765286, 0.2758323385064332
0.233731553056922, 0.20602450590263965
0.22557976106816585, 0.23179881283989923
0.22839072382290934, 0.21048879161692535
0.22881236823612086, 0.2143230202944688
0.23415319747013352, 0.2370465247380289
0.23668306394940267, 0.24227351107573952
0.22839072382290934, 0.23736984348056767
0.22951510892480675, 0.21178621169916434
0.2268446943078004, 0.208905358800902
0.22853127196064651, 0.24736785382676746
0.23612087139845397, 0.26532033426183843
0.2342937456078707, 0.21460903302825307
0.22909346451159524, 0.20573849316885529
0.22698524244553758, 0.2102981164610691
0.23106113843991566, 0.22599980103461997
0.23162333099086438, 0.26968928239819606
0.22993675333801827, 0.2603420546491577
0.23499648629655656, 0.2768064398461334
0.22698524244553758, 0.22470238095238093
0.23162333099086438, 0.22248889109961523
0.23415319747013352, 0.21014474731396737
0.22909346451159524, 0.22710654596100277
0.23345045678144766, 0.2203914643851969
0.23724525650035136, 0.17351439182915507
0.23555867884750528, 0.24328491842419414
0.23752635277582573, 0.22685783923597302
0.23120168657765286, 0.2263811513463324
0.23007730147575545, 0.2272018835389309
0.22782853127196065, 0.2509160697705266
0.2297962052002811, 0.24313154927709246
0.2320449754040759, 0.27877122297386925
0.22628250175685172, 0.19431041915373393
0.23134223471539003, 0.24362896272715218
0.23176387912860155, 0.24721448467966578
0.22965565706254393, 0.254580348852633
0.22937456078706958, 0.19738194720785252
0.23471539002108222, 0.24477301366228937
0.2264230498945889, 0.26022599151081044
0.23569922698524245, 0.2276785714285714
0.2376669009135629, 0.24116676614935673
0.22796907940969782, 0.230310717601804
0.23836964160224877, 0.2493326369545033
0.23190442726633873, 0.2428828425520626
0.23246661981728742, 0.2165365101472343
0.22853127196064651, 0.21903601273378426
0.22543921293042868, 0.2095354158376443
0.22825017568517217, 0.26442499005173103
0.23190442726633873, 0.20951469027722514
0.23471539002108222, 0.1874419684308264
0.23021784961349262, 0.2232142857142857
0.23668306394940267, 0.19076220320997472
0.22515811665495433, 0.2330216209046292
0.22487702037947996, 0.22685783923597302
0.23513703443429373, 0.2327729141795994
0.23316936050597328, 0.24698650351505502
0.23724525650035136, 0.2582612083830747
0.2264230498945889, 0.22891795994163688
0.23106113843991566, 0.22521637485077595
0.23415319747013352, 0.2501533691471017
0.23359100491918483, 0.20972609099350048
0.22768798313422348, 0.24866527390900645
0.2258608573436402, 0.2779504907812707
0.21995783555867884, 0.21644117256930628
0.23724525650035136, 0.23983204005836317
0.23049894588896697, 0.24170148560817079
0.22515811665495433, 0.240594740681788
0.23977512297962053, 0.20030010611486937
0.23443429374560787, 0.23324960206923995
0.22895291637385803, 0.19593115797851168
0.22276879831342233, 0.2116328425520626
0.23092059030217849, 0.18513314100013267
0.23513703443429373, 0.20051150683114471
0.23274771609276176, 0.28355882743069377
0.23007730147575545, 0.22786924658442764
0.2258608573436402, 0.23338224565592258
0.22839072382290934, 0.23626309855418492
0.24118060435699226, 0.2312267873723306
0.23865073787772312, 0.20501309855418492
0.2314827828531272, 0.24895128664279076
0.22993675333801827, 0.20007212495025872
0.23049894588896697, 0.23334493964716801
0.22768798313422348, 0.2535109099350047
0.22993675333801827, 0.25867986470354165
0.22670414617006324, 0.2372371998938851
0.22881236823612086, 0.22657182650218854
0.23780744905130008, 0.23103611221647435
0.2320449754040759, 0.2014068510412521
0.2348559381588194, 0.24895128664279076
0.22740688685874913, 0.22834593447406826
0.23443429374560787, 0.24227351107573952
0.22782853127196065, 0.21586914710173766
0.23049894588896697, 0.22844127205199627
0.23682361208713984, 0.2724747977185303
0.23401264933239635, 0.1736677609762568
0.22628250175685172, 0.22926200424459475
0.2307800421644413, 0.2361304549675023
0.23668306394940267, 0.21615515983552192
0.23387210119465918, 0.21672718530309054
0.23246661981728742, 0.24771189812972544
0.22557976106816585, 0.24338025600212226
0.22951510892480675, 0.22643918291550608
0.24089950808151792, 0.19988144979440248
0.23190442726633873, 0.23536775434407747
0.2303583977512298, 0.23012004244594775
0.22487702037947996, 0.19930942432683374
0.23836964160224877, 0.23407033426183843
0.22726633872101196, 0.23464235972940706
0.23106113843991566, 0.20276230269266482
0.23106113843991566, 0.2424641862315957
0.23246661981728742, 0.22561845072290754
0.22839072382290934, 0.22214484679665736
0.21813070976809557, 0.17034752619710836
0.23555867884750528, 0.2518694455498076
0.23288826423049894, 0.2317034752619711
0.23316936050597328, 0.270891364902507
0.2320449754040759, 0.26373690144581513
0.23738580463808853, 0.228155259318212
0.2303583977512298, 0.26003531635495425
0.22431482782853127, 0.22252619710836974
0.23471539002108222, 0.23179881283989923
0.236964160224877, 0.20257162753680868
0.2354181307097681, 0.2661990980236106
0.22276879831342233, 0.2473098222575938
0.2286718200983837, 0.21479970818410932
0.2404778636683064, 0.22153551532033428
0.22628250175685172, 0.2525948401644781
0.22839072382290934, 0.22916666666666663
0.23583977512297963, 0.2630115068311447
0.22656359803232606, 0.21663184772516242
0.2206605762473647, 0.18446577795463592
0.22403373155305692, 0.19703790290489454
0.2202389318341532, 0.2454984082769598
0.23794799718903725, 0.23901130786576463
0.22037947997189036, 0.24290356811248176
0.22572030920590302, 0.2499626939912455
0.22206605762473647, 0.20814265817747718
0.22726633872101196, 0.21390436397400192
0.22445537596626844, 0.24328491842419414
0.23583977512297963, 0.2201427576601671
0.22937456078706958, 0.25950059689614013
0.23092059030217849, 0.22090545828359198
0.2286718200983837, 0.189311413980634
0.22895291637385803, 0.20213224565592258
0.23851018973998594, 0.2241303554848123
0.22782853127196065, 0.2415481164610691
0.2326071679550246, 0.23017807401512136
0.2320449754040759, 0.2359397798116461
0.2264230498945889, 0.20957272184639875
0.2399156711173577, 0.25686845072290754
0.22628250175685172, 0.19133422867754346
0.23401264933239635, 0.2294526794004509
0.2245959241040056, 0.23267757660167132
0.23612087139845397, 0.24467767608436125
0.22853127196064651, 0.2637949330149887
0.22333099086437105, 0.2473098222575938
0.22839072382290934, 0.23824860724233982
0.2404778636683064, 0.2864977118981297
0.2307800421644413, 0.27810385992837244
0.23190442726633873, 0.2644042644913118
0.22895291637385803, 0.2647483087942698
0.24469430780042165, 0.26493898395012605
0.22965565706254393, 0.2523461334394481
0.23415319747013352, 0.26984265154529774
0.22825017568517217, 0.20997479771853028
0.22094167252283908, 0.22878531635495425
0.22712579058327478, 0.22910863509749302
0.22993675333801827, 0.24214086748905694
0.2264230498945889, 0.23973670248043505
0.24160224877020378, 0.21764325507361715
0.23640196767392832, 0.2544642857142857
0.22825017568517217, 0.21464633903700747
0.23246661981728742, 0.21751061148693457
0.24075895994378074, 0.2594632908873856
0.22839072382290934, 0.2417968231860989
0.2258608573436402, 0.2396786709112615
0.23682361208713984, 0.23771388778352565
0.22712579058327478, 0.23689315559092716
0.23513703443429373, 0.2364164677012866
0.23218552354181307, 0.3300545496750232
0.233731553056922, 0.2312267873723306
0.22515811665495433, 0.24385694389176288
0.2342937456078707, 0.2205241079718795
0.2275474349964863, 0.2284039660432418
0.2342937456078707, 0.2254650815758058
0.23134223471539003, 0.20257162753680868
0.22614195361911454, 0.21539245921209715
0.22895291637385803, 0.23555842949993366
0.2342937456078707, 0.20972609099350048
0.22965565706254393, 0.20701518769067517
0.22628250175685172, 0.29191537339169654
0.233731553056922, 0.25110674492638285
0.22782853127196065, 0.25240416500862184
0.22740688685874913, 0.21716656718397664
0.2258608573436402, 0.25129742008223904
0.24089950808151792, 0.24635644647831284
0.2245959241040056, 0.2053944488658973
0.22262825017568516, 0.2920687425387982
0.22543921293042868, 0.21951270062342476
0.23949402670414616, 0.2136183512402176
0.23387210119465918, 0.19810734182252288
0.24286718200983837, 0.2711773776362913
0.22670414617006324, 0.1960264955564398
0.22909346451159524, 0.23397499668391036
0.23668306394940267, 0.24006002122297387
0.23415319747013352, 0.17908542246982362
0.22740688685874913, 0.24664245921209715
0.22698524244553758, 0.2505720254675686
0.24286718200983837, 0.2241303554848123
0.22290934645115953, 0.2408807534155724
0.23471539002108222, 0.23075009948268999
0.23190442726633873, 0.2366071428571429
0.22993675333801827, 0.20564315559092716
0.23021784961349262, 0.27310485475527263
0.23162333099086438, 0.24566835787239694
0.2264230498945889, 0.23248690144581513
0.23569922698524245, 0.22893868550205604
0.22431482782853127, 0.22172619047619047
0.23330990864371048, 0.2638322390237432
0.22206605762473647, 0.23502371004111944
0.23316936050597328, 0.2327729141795994
0.23134223471539003, 0.21586914710173766
0.22951510892480675, 0.2044410730866163
0.2252986647926915, 0.25715446345669185
0.22487702037947996, 0.19181091656718396
0.23007730147575545, 0.23401230269266482
0.22614195361911454, 0.16221896140071623
0.2399156711173577, 0.2424641862315957
0.22403373155305692, 0.2378092253614537
0.23316936050597328, 0.2359397798116461
0.23092059030217849, 0.2312267873723306
0.21813070976809557, 0.18984613343944812
0.23893183415319746, 0.2298340297121635
0.2303583977512298, 0.24452430693725957
0.23176387912860155, 0.2138463324048282
0.2258608573436402, 0.23986934606711763
0.22768798313422348, 0.2298340297121635
0.22698524244553758, 0.22897599151081044
0.22670414617006324, 0.23958333333333337
0.2326071679550246, 0.2787131914046955
0.22515811665495433, 0.19890734845470226
0.23935347856640898, 0.2732374983419551
0.22276879831342233, 0.2076079387186629
0.2314827828531272, 0.25158343281602336
0.2352775825720309, 0.2605700358137684
0.23120168657765286, 0.25667777556705135
0.2352775825720309, 0.25019067515585625
0.23218552354181307, 0.27098670248043505
0.23246661981728742, 0.26518769067515585
0.2348559381588194, 0.25475029844806996
0.23176387912860155, 0.2165365101472343
0.24005621925509488, 0.24177609762567986
0.23190442726633873, 0.22657182650218854
0.22094167252283908, 0.2188080315691736
0.23246661981728742, 0.27940128001061143
0.2286718200983837, 0.17202629659105984
0.22389318341531975, 0.20079751956492897
0.2320449754040759, 0.22580912587876378
0.21953619114546732, 0.20035813768404298
0.22853127196064651, 0.25288085289826234
0.22543921293042868, 0.19022748375116072
0.23865073787772312, 0.22153551532033428
0.22937456078706958, 0.2504766878896405
0.23401264933239635, 0.28279612680726884
0.23345045678144766, 0.201311513463324
0.23162333099086438, 0.25620108767741084
0.22656359803232606, 0.20371567847194583
0.23794799718903725, 0.2621534686297918
0.23345045678144766, 0.2514507892293407
0.228109627547435, 0.22426299907149494
0.23218552354181307, 0.24990466242207188
0.22094167252283908, 0.22100079586152
0.22389318341531975, 0.22018006366892162
0.23190442726633873, 0.25246219657779545
0.22712579058327478, 0.2335356148030242
0.23176387912860155, 0.23939265817747718
0.2359803232607168, 0.2048597294070832
0.22403373155305692, 0.17294236636158633
0.21925509486999298, 0.19564514524472743
0.2297962052002811, 0.2579751956492904
0.23893183415319746, 0.2831401711102268
0.23274771609276176, 0.2046897798116461
0.22431482782853127, 0.19219226687889646
0.23345045678144766, 0.21466706459742668
0.2348559381588194, 0.21644117256930628
0.23359100491918483, 0.2330962329221382
0.2392129304286718, 0.2773411593049476
0.23288826423049894, 0.21764325507361715
0.23513703443429373, 0.23483303488526325
0.2330288123682361, 0.23324960206923995
0.2330288123682361, 0.26532033426183843
0.2264230498945889, 0.21197688685502059
0.22276879831342233, 0.259844641199098
0.2427266338721012, 0.24404761904761907
0.23780744905130008, 0.20390635362780207
0.22853127196064651, 0.20165555776628197
0.2268446943078004, 0.24233154264491313
0.23288826423049894, 0.2018462329221382
0.22951510892480675, 0.22464434938320732
0.22909346451159524, 0.2312267873723306
0.23457484188334504, 0.24889325507361715
0.23092059030217849, 0.22018006366892162
0.22881236823612086, 0.21539245921209715
0.23471539002108222, 0.18456111553256405
0.2320449754040759, 0.2308454370606181
0.2307800421644413, 0.18158492505637358
0.22614195361911454, 0.2436662687359067
0.22290934645115953, 0.2133696445151877
0.2268446943078004, 0.22287024141132783
0.22993675333801827, 0.19839335455630724
0.22290934645115953, 0.2138463324048282
0.23049894588896697, 0.2503440443029579
0.23106113843991566, 0.21663184772516242
0.22614195361911454, 0.17471647433346604
0.22965565706254393, 0.2241303554848123
0.23021784961349262, 0.2556663682185966
0.23401264933239635, 0.264080945748773
0.2438510189739986, 0.22533243798912322
0.236964160224877, 0.2539875978246452
0.23499648629655656, 0.2356537670778618
0.23120168657765286, 0.1826336384135827
0.23794799718903725, 0.23473769730733518
0.23359100491918483, 0.2842469160366097
0.23232607167955024, 0.17841805942432676
0.2286718200983837, 0.22086815227483753
0.2252986647926915, 0.2550570367422735
0.23415319747013352, 0.27146339037007555
0.24118060435699226, 0.25528501790688424
0.22670414617006324, 0.22296557898925595
0.23106113843991566, 0.2681058495821727
0.23288826423049894, 0.23714186231595702
0.2314827828531272, 0.24841656718397664
0.23232607167955024, 0.22752520228146966
0.2365425158116655, 0.24303621169916434
0.2320449754040759, 0.2854489985409206
0.2359803232607168, 0.27459294999336786
0.21897399859451863, 0.2035250033160897
0.23007730147575545, 0.21260694389176288
0.21995783555867884, 0.18864405093513736
0.2354181307097681, 0.22662985807136227
0.2286718200983837, 0.27896189812972544
0.233731553056922, 0.22124950258654996
0.23583977512297963, 0.21581111553256405
0.23401264933239635, 0.2473098222575938
0.22319044272663388, 0.1946337378962727
0.23021784961349262, 0.2272018835389309
0.22712579058327478, 0.24236884865366765
0.22768798313422348, 0.21216756201087672
0.23780744905130008, 0.23771388778352565
0.23555867884750528, 0.2549990051730999
0.22543921293042868, 0.23555842949993366
0.23063949402670414, 0.20188353893089273
0.23134223471539003, 0.1964285714285714
0.22712579058327478, 0.22350029844806996
0.22825017568517217, 0.263641563867887
0.23555867884750528, 0.1986213357209179
0.22796907940969782, 0.2071312508290224
0.23232607167955024, 0.17879940973603936
0.23401264933239635, 0.25648710041119516
0.22515811665495433, 0.20156022018835396
0.22965565706254393, 0.22308164212760306
0.23583977512297963, 0.24069007825971622
0.23063949402670414, 0.21039345403899723
0.23345045678144766, 0.2326195450324977
0.23345045678144766, 0.19713324048282266
0.2326071679550246, 0.17908542246982362
0.23555867884750528, 0.19583582040058356
0.2387912860154603, 0.2509741013397002
0.22712579058327478, 0.27478362514922405
0.2314827828531272, 0.25572439978777023
0.22712579058327478, 0.2425014922403501
0.2326071679550246, 0.23363095238095233
0.23387210119465918, 0.23929732059954906
0.2307800421644413, 0.2262858137684043
0.23162333099086438, 0.23727450590263965
0.2342937456078707, 0.2460124021753548
0.23752635277582573, 0.2671897798116461
0.23176387912860155, 0.2115375049741346
0.23246661981728742, 0.2630695384003184
0.23359100491918483, 0.2234629924393156
0.24300773014757554, 0.22926200424459475
0.23218552354181307, 0.23372628995888056
0.22909346451159524, 0.23673978644382543
0.2252986647926915, 0.22027540124684974
0.22445537596626844, 0.20703591325109438
0.23190442726633873, 0.2236536675951718
0.22825017568517217, 0.16059822257593837
0.2376669009135629, 0.2960563403634434
0.22276879831342233, 0.22758323385064327
0.2399156711173577, 0.2729514856081708
0.22951510892480675, 0.24856993633107838
0.23246661981728742, 0.24698650351505502
0.22839072382290934, 0.22210754078790285
0.23907238229093464, 0.21985674492638285
0.24118060435699226, 0.20884732723172839
0.23274771609276176, 0.236188486536676
0.23316936050597328, 0.20859862050669853
0.2264230498945889, 0.23179881283989923
0.22389318341531975, 0.16838274306937262
0.22839072382290934, 0.19751459079453515
0.2264230498945889, 0.24851190476190477
0.22389318341531975, 0.2711773776362913
0.2275474349964863, 0.2959983087942698
0.23555867884750528, 0.22245158509086088
0.23668306394940267, 0.22210754078790285
0.2252986647926915, 0.23607242339832868
0.22937456078706958, 0.2633182451253482
0.23513703443429373, 0.16284901843745858
0.22937456078706958, 0.2263811513463324
0.2286718200983837, 0.22287024141132783
0.22726633872101196, 0.2523461334394481
0.22473647224174279, 0.21764325507361715
0.23134223471539003, 0.2165738161559888
0.2268446943078004, 0.20703591325109438
0.2314827828531272, 0.28231943891762834
0.23724525650035136, 0.19579851439182916
0.23049894588896697, 0.2673804549675023
0.22501756851721716, 0.22214484679665736
0.22656359803232606, 0.22134484016447808
0.23049894588896697, 0.24847459875315026
0.23063949402670414, 0.2218215280541186
0.2286718200983837, 0.20947738426847062
0.23583977512297963, 0.23368898395012605
0.2342937456078707, 0.25620108767741084
0.2245959241040056, 0.26512965910598224
0.22670414617006324, 0.24481031967104383
0.2342937456078707, 0.24021339037007555
0.22825017568517217, 0.24021339037007555
0.23134223471539003, 0.26207885661228275
0.23752635277582573, 0.2628788632444621
0.23218552354181307, 0.18648859265154527
0.2392129304286718, 0.2725701352964584
0.22895291637385803, 0.2764043639740019
0.23246661981728742, 0.23046408674890567
0.22853127196064651, 0.23904861387451914
0.23555867884750528, 0.20833333333333337
0.2399156711173577, 0.22359563602599808
0.23851018973998594, 0.28251011407348453
0.22993675333801827, 0.189311413980634
0.22993675333801827, 0.21403700756068444
0.23063949402670414, 0.24765386656055183
0.22600140548137737, 0.24120407215811113
0.2297962052002811, 0.2342983154264492
0.23092059030217849, 0.23008273643719324
0.22614195361911454, 0.16512053985939779
0.2352775825720309, 0.23799990051731001
0.22796907940969782, 0.25648710041119516
0.22473647224174279, 0.228155259318212
0.2376669009135629, 0.21232093115797857
0.23387210119465918, 0.21840595569704213
0.2326071679550246, 0.24049940310385987
0.23851018973998594, 0.20526180527921478
0.23330990864371048, 0.24750049741345004
0.23106113843991566, 0.24740515983552192
0.23738580463808853, 0.22432103064066855
0.23176387912860155, 0.2022275832338506
0.22628250175685172, 0.227641265419817
0.22951510892480675, 0.2650343215280541
0.22853127196064651, 0.21811994296325765
0.23246661981728742, 0.21298829420347531
0.22965565706254393, 0.23986934606711763
0.23471539002108222, 0.26518769067515585
0.22557976106816585, 0.20323899058230532
0.23626141953619115, 0.2180826369545033
0.23134223471539003, 0.21020277888314098
0.23499648629655656, 0.26680842949993366
0.22965565706254393, 0.24893056108237166
0.23415319747013352, 0.2326195450324977
0.22431482782853127, 0.23673978644382543
0.23120168657765286, 0.179906154662422
0.23626141953619115, 0.2764623955431755
0.23555867884750528, 0.2227375978246452
0.23401264933239635, 0.22979672370340892
0.23640196767392832, 0.2003954436927975
0.22951510892480675, 0.2308454370606181
0.22543921293042868, 0.27060535216872267
0.2354181307097681, 0.2639856081708449
0.24160224877020378, 0.20678720652606442
0.22234715390021081, 0.22926200424459475
0.233731553056922, 0.23843928239819606
0.23274771609276176, 0.22124950258654996
0.22726633872101196, 0.19991875580315688
0.2230498945888967, 0.2499626939912455
0.23092059030217849, 0.27899920413847995
0.24342937456078706, 0.250783426183844
0.23274771609276176, 0.23790456293938195
0.23359100491918483, 0.2697473139673696
0.2252986647926915, 0.2321428571428571
0.2307800421644413, 0.2107748043507096
0.23499648629655656, 0.18763264358668263
0.2297962052002811, 0.23176150683114471
0.2268446943078004, 0.2058338307467834
0.2359803232607168, 0.23201021355617457
0.21925509486999298, 0.20745456957156128
0.24019676739283205, 0.22599980103461997
0.23246661981728742, 0.2584518835389309
0.23162333099086438, 0.26560634699562274
0.22825017568517217, 0.20323899058230532
0.22726633872101196, 0.18623988592651552
0.22796907940969782, 0.2593099217402838
0.23120168657765286, 0.2565824379891232
0.2365425158116655, 0.24711914710173766
0.2245959241040056, 0.17082421408674897
0.23513703443429373, 0.22575109430959017
0.23106113843991566, 0.2316661692532166
0.22501756851721716, 0.18412173365167794
0.22557976106816585, 0.2581658708051466
0.23710470836261419, 0.22489305610823718
0.23569922698524245, 0.22844127205199627
0.2292340126493324, 0.2254650815758058
0.22993675333801827, 0.20976339700225488
0.22698524244553758, 0.22517906884202143
0.23710470836261419, 0.2378092253614537
0.22445537596626844, 0.25019067515585625
0.2206605762473647, 0.26142807401512136
0.23359100491918483, 0.25528501790688424
0.22670414617006324, 0.2065592253614537
0.23162333099086438, 0.21894067515585625
0.23640196767392832, 0.2501533691471017
0.23738580463808853, 0.21203491842419414
0.22895291637385803, 0.21726190476190477
0.22572030920590302, 0.20169286377503648
0.21827125790583274, 0.23727450590263965
0.23288826423049894, 0.19944206791351637
0.23316936050597328, 0.17477450590263965
0.23092059030217849, 0.25692648229208115
0.233731553056922, 0.2352143851969758
0.2342937456078707, 0.18095486801963123
0.22557976106816585, 0.20026280010611486
0.23190442726633873, 0.18810933147632314
0.23162333099086438, 0.21932202546756863
0.23471539002108222, 0.24477301366228937
0.22262825017568516, 0.2018462329221382
0.22276879831342233, 0.19564514524472743
0.22628250175685172, 0.19085754078790285
0.2326071679550246, 0.22897599151081044
0.23612087139845397, 0.23676051200424458
0.23190442726633873, 0.25389226024671707
0.23907238229093464, 0.23819057567316626
0.2359803232607168, 0.24923729937657518
0.23134223471539003, 0.21947539461467042
0.23513703443429373, 0.2443543573418226
0.22825017568517217, 0.21504841490913906
0.23401264933239635, 0.23901130786576463
0.23640196767392832, 0.2335356148030242
0.22656359803232606, 0.23330763363841361
0.23626141953619115, 0.20602450590263965
0.22839072382290934, 0.23550039793076005
0.22403373155305692, 0.20428770393951445
0.2314827828531272, 0.2860210240084892
0.2314827828531272, 0.2605700358137684
0.22796907940969782, 0.23771388778352565
0.2303583977512298, 0.2053944488658973
0.2376669009135629, 0.2328682517575275
0.23443429374560787, 0.24236884865366765
0.2230498945888967, 0.19799127868417565
0.23288826423049894, 0.17471647433346604
0.22501756851721716, 0.21150019896538008
0.23176387912860155, 0.2267625016580449
0.23190442726633873, 0.22844127205199627
0.23471539002108222, 0.23330763363841361
0.23457484188334504, 0.1839310584958217
0.23499648629655656, 0.23363095238095233
0.24174279690794098, 0.20150218861918023
0.22965565706254393, 0.2258464318875183
0.23316936050597328, 0.23128481894150416
0.22670414617006324, 0.2062151810584958
0.22782853127196065, 0.25360624751293276
0.23120168657765286, 0.25639176283326703
0.2421644413211525, 0.2263811513463324
0.236964160224877, 0.26167678074015127
0.22206605762473647, 0.22796458416235565
0.2376669009135629, 0.25433164212760306
0.23246661981728742, 0.2532248972012204
0.23106113843991566, 0.2481305544501924
0.23513703443429373, 0.22670447008887118
0.2320449754040759, 0.23771388778352565
0.2252986647926915, 0.2218215280541186
0.23021784961349262, 0.2428455365433081
0.22164441321152495, 0.17569057567316626
0.22726633872101196, 0.25702181987000927
0.23865073787772312, 0.2495233121103595
0.23513703443429373, 0.26018868550205604
0.22009838369641602, 0.20260893354556309
0.2359803232607168, 0.24338025600212226
0.23120168657765286, 0.2490839302294734
0.2307800421644413, 0.22210754078790285
0.22712579058327478, 0.22163085289826234
0.22473647224174279, 0.22388164875978245
0.21391426563598032, 0.18984613343944812
0.2264230498945889, 0.22527440641994956
0.2208011243851019, 0.2565824379891232
0.2342937456078707, 0.22292827298050139
0.22572030920590302, 0.2655110094176946
0.23063949402670414, 0.21792926780740152
0.23794799718903725, 0.24755852898262365
0.22993675333801827, 0.18959742671441837
0.22487702037947996, 0.2218588340628731
0.2330288123682361, 0.2152390900649953
0.22333099086437105, 0.228155259318212
0.23218552354181307, 0.22267956625547158
0.23134223471539003, 0.26522499668391036
0.23246661981728742, 0.22128680859530447
0.23176387912860155, 0.21441835787239694
0.2252986647926915, 0.19123889109961523
0.2292340126493324, 0.22086815227483753
0.22052002810962754, 0.19829801697837912
0.2245959241040056, 0.24069007825971622
0.22698524244553758, 0.22473968696113544
0.23836964160224877, 0.28016398063403636
0.23218552354181307, 0.24231081708449398
0.2354181307097681, 0.27079602732457886
0.22543921293042868, 0.23910664544369276
0.2392129304286718, 0.2467004907812707
0.22937456078706958, 0.2262858137684043
0.236964160224877, 0.29172469823584035
0.23162333099086438, 0.29239206128133705
0.22572030920590302, 0.2603213290887385
0.23724525650035136, 0.27012866427908216
0.2348559381588194, 0.25230882743069377
0.23851018973998594, 0.2464517840562409
0.2330288123682361, 0.23065476190476186
0.23246661981728742, 0.23502371004111944
0.24033731553056922, 0.22916666666666663
0.22965565706254393, 0.26003531635495425
0.22712579058327478, 0.22042877039395148
0.2275474349964863, 0.2492953309457488
0.2264230498945889, 0.21678521687226426
0.22853127196064651, 0.23036874917097755
0.22150386507378778, 0.18196627536808596
0.23162333099086438, 0.24170148560817079
0.2352775825720309, 0.21668987929433614
0.23021784961349262, 0.1977632975195649
0.23176387912860155, 0.2227749038333997
0.2264230498945889, 0.20213224565592258
0.23443429374560787, 0.22910863509749302
0.2354181307097681, 0.22888065393288232
0.23977512297962053, 0.2504766878896405
0.2264230498945889, 0.23248690144581513
0.2275474349964863, 0.21504841490913906
0.23359100491918483, 0.24664245921209715
0.2303583977512298, 0.22580912587876378
0.23218552354181307, 0.19963274306937262
0.23288826423049894, 0.20947738426847062
0.23218552354181307, 0.24328491842419414
0.22825017568517217, 0.25389226024671707
0.23499648629655656, 0.2777017840562409
0.23555867884750528, 0.22805992174028378
0.23190442726633873, 0.2219168656320467
0.228109627547435, 0.2143230202944688
0.22740688685874913, 0.21897798116461076
0.23246661981728742, 0.1924782796126807
0.23021784961349262, 0.2586425586947871
0.23415319747013352, 0.23511904761904767
0.22853127196064651, 0.21802460538532953
0.2213633169360506, 0.21672718530309054
0.22937456078706958, 0.2335356148030242
0.2245959241040056, 0.1843704403767078
0.23134223471539003, 0.2516414643851969
0.21953619114546732, 0.2003954436927975
0.2292340126493324, 0.273486205066985
0.22853127196064651, 0.2632021819870009
0.2330288123682361, 0.23426100941769462
0.22825017568517217, 0.22388164875978245
0.2245959241040056, 0.20279960870141922
0.23120168657765286, 0.217452579917761
0.236964160224877, 0.20054881283989923
0.23007730147575545, 0.2328682517575275
0.22333099086437105, 0.22844127205199627
0.2307800421644413, 0.2532248972012204
0.2286718200983837, 0.2066918689481363
0.23682361208713984, 0.21840595569704213
0.2258608573436402, 0.20453641066454442
0.23274771609276176, 0.2133696445151877
0.23288826423049894, 0.2441429566255472
0.23190442726633873, 0.2508580382013529
0.23499648629655656, 0.19963274306937262
0.2320449754040759, 0.24528700756068444
0.22881236823612086, 0.22245158509086088
0.22895291637385803, 0.2508580382013529
0.23232607167955024, 0.2236909736039262
0.2399156711173577, 0.22973869213423537
0.23457484188334504, 0.2312267873723306
0.22993675333801827, 0.24069007825971622
0.23443429374560787, 0.23368898395012605
0.2320449754040759, 0.27899920413847995
0.2352775825720309, 0.23220088871203082
0.2348559381588194, 0.23229622628995888
0.23808854532677443, 0.25183213954105327
0.23288826423049894, 0.1928223239156387
0.22515811665495433, 0.21615515983552192
0.24019676739283205, 0.19041815890701685
0.22909346451159524, 0.21821528054118577
0.24118060435699226, 0.2577845204934342
0.24033731553056922, 0.23632113012335848
0.23359100491918483, 0.21947539461467042
0.22515811665495433, 0.2378092253614537
0.22937456078706958, 0.21260694389176288
0.22825017568517217, 0.19099018437458548
0.24118060435699226, 0.26570168457355087
0.22403373155305692, 0.18766994959543704
0.2303583977512298, 0.24334294999336786
0.2365425158116655, 0.2460124021753548
0.23710470836261419, 0.2048804549675023
0.2348559381588194, 0.21298829420347531
0.23977512297962053, 0.24357093115797857
0.22881236823612086, 0.19921408674890567
0.22600140548137737, 0.23151280010611486
0.23246661981728742, 0.2084286709112615
