ATE real, ATE estimado
0.9999999999999973, 1.0303304909800828
0.9999999999999957, 1.1556143268506338
0.9999999999999997, 1.1162098342571523
0.9999999999999984, 1.173780180125634
1.0000000000000009, 1.0826303234526322
0.9999999999999991, 1.1884995700880328
1.000000000000001, 1.1394744634878133
0.9999999999999987, 1.1137704137059359
1.0000000000000047, 1.165021193990429
0.9999999999999951, 1.1100348571357714
0.9999999999999987, 1.0486097553183387
1.0000000000000022, 1.0853450113353678
0.9999999999999984, 1.2067916146179716
1.0000000000000007, 1.1174390862374626
0.9999999999999984, 1.0311132374475493
1.0000000000000002, 1.1406714282839674
0.9999999999999972, 1.0268417802189789
0.9999999999999982, 1.066791452222992
1.000000000000001, 1.1249837213881269
1.0000000000000002, 1.1086303127368382
1.0000000000000002, 1.1130008176366766
0.9999999999999994, 1.08615167058458
0.9999999999999977, 1.0794097050991605
0.9999999999999968, 1.0923457540966002
1.0000000000000002, 1.1360051448984734
1.0000000000000029, 1.044259178169603
1.0000000000000036, 1.1736968945258508
1.0000000000000018, 1.0692147506738816
0.9999999999999992, 1.1337986313955628
0.9999999999999994, 1.049064356307254
1.0000000000000016, 1.1440192558879856
0.9999999999999978, 1.0902509244276435
1.0000000000000036, 1.0919917485665878
1.000000000000002, 1.085891870854082
1.0000000000000007, 1.1179413972832992
0.9999999999999969, 1.0491216295056291
1.0000000000000007, 1.0846476522463266
0.9999999999999983, 1.0554106595660824
0.9999999999999973, 1.0910168716172193
1.0000000000000007, 1.1172302995526542
1.0000000000000009, 1.0689852564474247
0.9999999999999973, 1.1318399719771126
1.000000000000002, 1.0036599168504896
0.9999999999999984, 1.0966215156419172
0.9999999999999999, 1.1065672694550452
1.0000000000000029, 1.1164373292257306
0.9999999999999992, 1.099957560476706
0.9999999999999957, 1.0839573812977799
1.000000000000002, 1.126693419972086
1.0000000000000002, 1.0320651554909854
0.9999999999999998, 1.0786543009649676
1.000000000000002, 1.0924526057950408
0.9999999999999983, 1.0551123917091172
1.0000000000000029, 1.0542181890162434
1.0000000000000002, 1.1225687802006905
0.9999999999999983, 1.110163239278529
0.9999999999999978, 1.1270887763714
1.0000000000000002, 1.1587304320489267
1.0000000000000029, 1.0912541818141912
0.9999999999999982, 1.0611868669675206
1.0000000000000002, 1.0381296202109387
1.0000000000000002, 1.1189108869723994
0.9999999999999973, 1.1019303079372669
1.000000000000003, 1.08096876313539
1.0000000000000013, 1.1546880457501516
0.9999999999999987, 1.1069386554043261
0.9999999999999983, 1.113816112750095
0.9999999999999972, 1.0524532667050799
0.9999999999999997, 1.1526930778091227
1.000000000000004, 1.1345560907157533
0.9999999999999993, 1.082721385825811
0.9999999999999982, 1.163433250570299
1.000000000000002, 1.1082897339765618
0.9999999999999952, 1.0736941099705635
0.9999999999999994, 1.0201304852595592
1.0000000000000029, 1.0867799212000275
0.9999999999999974, 1.2003059622521985
0.9999999999999993, 1.1047496805309933
0.9999999999999997, 1.2007655620853792
0.9999999999999971, 1.171416039589062
0.999999999999999, 1.1596625004563492
0.9999999999999984, 1.1247211004781699
1.0000000000000016, 1.1136731711826138
1.000000000000002, 1.0626067986044034
0.9999999999999997, 1.094833129988185
1.0000000000000002, 1.1229610740263576
0.9999999999999974, 1.1055477436367747
0.9999999999999948, 1.2081102575951608
0.9999999999999994, 1.0868212143831602
1.000000000000001, 1.1710913754613548
1.000000000000001, 1.141898235719655
0.9999999999999981, 1.102494948069516
0.9999999999999997, 1.134000943325553
1.0000000000000018, 1.0823307660046342
1.0000000000000002, 1.1287618377050794
0.999999999999999, 1.1358413252319932
0.9999999999999991, 1.1357190057203739
0.9999999999999971, 1.1334340621289534
0.9999999999999993, 1.088646734187804
1.000000000000001, 1.0624813593702576
0.9999999999999981, 1.0917732658830097
1.0000000000000007, 1.138204419806498
1.0000000000000029, 1.0970336853530755
1.0000000000000022, 1.163322535489324
0.999999999999999, 1.084683698288624
1.0000000000000022, 1.0670283418022426
0.9999999999999999, 1.1223237630476666
1.000000000000001, 1.1028456487258032
0.9999999999999938, 1.1189352242441608
1.0000000000000027, 1.1335750806694354
0.9999999999999993, 1.0950023938204327
1.0000000000000007, 1.12592518934311
1.000000000000002, 1.1327285688053972
1.000000000000001, 1.1020412053751518
0.9999999999999989, 1.0726969444313759
1.0000000000000009, 1.206125284737249
0.9999999999999971, 1.0906152597118113
0.9999999999999999, 1.0894731415969137
1.0000000000000002, 1.0669626160322938
0.9999999999999961, 1.1119830578251113
0.9999999999999997, 1.065772146129238
1.000000000000003, 1.0505752375940998
1.0000000000000044, 1.1077677820503369
0.9999999999999971, 1.1994017250950129
1.000000000000004, 1.0392872952775238
0.9999999999999983, 1.1167015350280225
1.000000000000001, 1.0877487254527747
1.0000000000000013, 1.1797982902322335
1.0000000000000004, 1.0567296740653078
1.0000000000000002, 1.0614354360146252
0.9999999999999971, 1.113394227143693
1.0000000000000002, 1.0347344309665574
0.9999999999999986, 1.10979767103546
0.9999999999999983, 1.1751531118871243
1.0000000000000004, 1.096568114290515
1.0000000000000007, 1.1082268709189524
1.0000000000000022, 1.0728742978809171
0.999999999999998, 1.1426893544345995
0.9999999999999989, 1.1210322679893756
1.0000000000000049, 1.1091288377545236
1.0000000000000044, 1.1200483687499188
1.0000000000000007, 1.1059191307208398
0.9999999999999977, 1.0742479834225183
1.0000000000000016, 1.1664734371205183
1.0000000000000013, 1.0773029166571597
0.9999999999999994, 1.1856180859364895
0.999999999999999, 1.0891430772934085
0.9999999999999993, 1.0314195835865176
0.9999999999999967, 1.1709097820019516
0.9999999999999978, 1.0008823419082733
1.000000000000001, 1.065192281262334
1.0000000000000004, 1.1546402457941984
1.0000000000000002, 1.1396700205250891
0.9999999999999974, 1.0578800726802806
1.0000000000000004, 1.1417974299396305
0.9999999999999987, 1.1725544189400214
1.0000000000000056, 1.171703486129437
0.9999999999999969, 1.1281415654867744
1.0000000000000004, 1.1094034732180362
0.9999999999999993, 1.235079892343785
0.9999999999999994, 1.0830744806954664
1.0000000000000038, 1.1097633924644652
1.000000000000001, 1.1522222229102563
1.0000000000000002, 1.068082346969054
1.0000000000000002, 1.1321811641284039
1.0000000000000016, 1.0623936054858323
1.0000000000000016, 0.9909911632541157
0.9999999999999982, 1.065085647425204
1.0000000000000029, 1.1419942410683035
0.9999999999999978, 1.132759144498823
1.0000000000000013, 1.1705724538859328
0.9999999999999997, 1.0911889753260866
1.0000000000000013, 1.12462404702975
1.000000000000001, 1.0642298855843495
0.9999999999999999, 1.0548471881096488
0.9999999999999994, 1.1610884124605525
1.0, 1.058579698854259
1.0000000000000013, 1.0469363097477156
0.9999999999999991, 1.109919630542753
1.0000000000000047, 1.1040506185493955
0.9999999999999993, 1.0749128057658597
1.000000000000001, 1.1546592923476307
0.9999999999999983, 1.1237358955201429
1.0000000000000049, 1.153719511014432
1.0000000000000007, 1.12521074050882
1.0, 1.1344677694435923
0.9999999999999968, 1.1013245952508894
1.0000000000000009, 1.118671046074064
0.9999999999999997, 1.0613907785526306
1.000000000000002, 1.134393231516158
0.9999999999999999, 1.1741922032187042
1.0000000000000009, 1.0069225475954382
0.9999999999999984, 1.0546138235118772
1.000000000000004, 1.0127276511135714
1.0000000000000004, 1.039014974346631
1.0000000000000004, 1.1047246308382968
0.9999999999999998, 1.071378799916478
0.9999999999999982, 1.0571861735523678
0.999999999999998, 1.1584612378326122
0.9999999999999957, 1.0969806164621514
1.0000000000000013, 1.136855087946319
1.0000000000000009, 1.1142012300117115
1.000000000000002, 1.1306440800410422
1.0000000000000024, 1.129667329292176
0.9999999999999967, 1.1455147233998857
1.000000000000002, 1.0861176269622705
1.0000000000000033, 1.0817257695408846
0.9999999999999966, 1.0507111817039165
1.0, 1.0472405674239753
0.9999999999999968, 1.1046750415262183
0.999999999999999, 1.1101770008619425
0.9999999999999971, 1.0284099181387552
1.000000000000001, 1.0924933890257724
0.9999999999999969, 1.111323997284349
1.0000000000000016, 1.0391622831985177
1.0000000000000013, 1.0624865828471055
1.000000000000001, 1.1129957028117365
0.9999999999999992, 1.1517229234023785
1.0000000000000044, 1.1242925948428284
0.999999999999999, 1.1495846248956818
0.9999999999999972, 1.0953846768828934
1.0000000000000016, 1.0573801470629172
0.9999999999999971, 1.138468990315625
0.9999999999999997, 1.0949785229471432
1.000000000000001, 1.085109133028231
1.0000000000000009, 1.0770982381882328
0.9999999999999989, 1.0357782571805316
0.9999999999999997, 1.1640896211484641
1.0000000000000016, 1.1386466559391135
0.9999999999999997, 1.0724616683416015
0.9999999999999972, 1.0602905137845107
0.9999999999999978, 1.0987867876863815
1.000000000000002, 1.107548076371896
1.000000000000001, 1.0581853369616463
0.9999999999999986, 1.0878167624347976
1.000000000000003, 1.0456234117936156
1.000000000000005, 1.100780675758572
1.0000000000000002, 1.0645607644551573
0.9999999999999993, 1.1163162623794047
0.9999999999999974, 1.1275615549887053
1.000000000000001, 1.1069989396426747
0.9999999999999998, 1.1176197851634924
0.9999999999999964, 1.0079806601731611
0.9999999999999958, 1.1533220391134622
0.9999999999999969, 1.0896387806915675
1.0000000000000013, 1.1518079346720218
1.0000000000000004, 1.0853120172124515
1.0000000000000004, 1.0570389706285717
1.0000000000000016, 1.1217651628199468
1.000000000000002, 1.0692516150397329
0.9999999999999998, 1.1669498252405488
0.9999999999999971, 1.1145050013719386
1.0000000000000004, 1.1022100501791314
0.9999999999999949, 1.1211216748591863
0.9999999999999978, 1.0508643613092234
0.9999999999999992, 1.1825515214769973
0.9999999999999986, 1.0516361653431432
1.0000000000000047, 1.0786356973368154
1.0000000000000004, 1.0968509334038008
0.9999999999999978, 1.107896698393772
0.9999999999999976, 1.048365709571147
0.9999999999999974, 1.0647622487823236
0.9999999999999956, 1.126069653069697
0.9999999999999976, 1.1265358790298428
1.0000000000000004, 1.1054726399575696
0.9999999999999986, 1.1051449945523266
1.0000000000000029, 1.0970336134297145
0.9999999999999987, 1.1320443026334914
0.9999999999999997, 1.067725828185839
1.000000000000002, 1.0229993959380104
1.0000000000000009, 1.1098993936822925
0.9999999999999989, 1.048786644492024
1.0000000000000022, 1.0946068269214022
0.9999999999999998, 1.116188515773662
1.0000000000000044, 1.0219948407083064
1.0000000000000002, 1.07087663832876
0.9999999999999991, 1.1438462170857326
0.9999999999999974, 1.096996006671438
0.9999999999999998, 1.0797017474794555
1.000000000000004, 1.0089491136787658
1.0000000000000009, 1.0923609474238132
0.9999999999999971, 1.041786080115256
0.9999999999999961, 1.1259825864654662
1.0000000000000047, 1.0679022705401335
0.999999999999999, 1.1432189772345025
1.0000000000000013, 1.1425708513633115
0.9999999999999968, 1.1603033430235432
0.9999999999999998, 1.1004404661733629
1.0000000000000016, 1.047728909569952
1.0000000000000007, 1.0923832785051173
1.0000000000000009, 1.1409300438133698
1.0000000000000024, 1.1008126893620822
0.9999999999999978, 1.0933969777362442
1.000000000000002, 1.1081144735558346
0.9999999999999984, 1.0944548096007327
0.9999999999999974, 1.1274814250039318
0.9999999999999981, 1.1083548513564216
1.0000000000000013, 1.1365935575051915
0.9999999999999976, 1.0762615380883311
0.9999999999999933, 1.1516437147018608
0.9999999999999966, 1.0204537529633673
1.0000000000000033, 1.0828264530350307
0.9999999999999969, 1.0036949062910945
1.0000000000000029, 1.0503572789784226
0.9999999999999982, 1.057576041741476
1.0000000000000016, 1.0446755542861625
1.0000000000000018, 1.079878138084884
1.000000000000003, 1.1753337172019207
0.9999999999999957, 1.126320709836544
0.9999999999999993, 1.0917334394929827
0.9999999999999998, 1.0637306426956306
0.9999999999999989, 1.0500570956444308
1.0000000000000004, 1.1411260876830778
1.0000000000000018, 1.1041245554283954
0.9999999999999982, 1.174246226703394
1.0000000000000027, 1.0648329197830286
0.9999999999999978, 1.1203452421795914
0.9999999999999987, 1.0734771931055351
0.9999999999999993, 1.0466627728283115
0.9999999999999954, 1.098413644470231
1.0000000000000009, 1.0758605931590328
0.9999999999999978, 1.1256337968883026
0.9999999999999998, 1.109713144454875
0.9999999999999987, 1.038108086637859
1.000000000000003, 1.1297622022117084
1.0000000000000013, 1.0468793821422184
0.9999999999999994, 1.1569377990804512
1.0, 1.133736487929598
1.0000000000000004, 1.1676912414651488
0.9999999999999999, 1.0764544324059313
0.9999999999999983, 1.058016431755465
0.9999999999999982, 1.0502505549555712
1.000000000000001, 1.0577975045140031
0.9999999999999989, 1.1030976138009287
1.0000000000000007, 1.1343820631512984
0.9999999999999954, 1.0790111761308327
1.0000000000000007, 1.1071058596369694
1.0000000000000029, 1.1363731198158034
0.9999999999999992, 1.156481128965954
1.0000000000000004, 1.1187899295681216
0.9999999999999984, 1.0953858886278454
1.0000000000000013, 1.1406843573382068
1.0000000000000049, 1.0930313840572006
0.9999999999999982, 1.084844851708498
0.9999999999999993, 1.1738998152280196
1.0000000000000027, 1.1064490252606687
0.9999999999999997, 1.1645173421482893
1.0000000000000018, 1.0591603781037586
1.0000000000000004, 1.1194698780358927
0.9999999999999997, 1.0641958327065688
0.9999999999999974, 1.0270334490580606
1.000000000000001, 1.0834768220918498
0.999999999999998, 1.0745512769153964
0.9999999999999973, 1.051458665655768
0.9999999999999989, 1.1423850940578482
0.9999999999999978, 1.1374328671466156
1.0000000000000002, 1.1675588907671903
0.9999999999999994, 1.0516362824730545
1.0000000000000004, 0.9867428371394096
0.9999999999999951, 1.1282179962596985
0.9999999999999991, 1.1211076643454236
0.9999999999999999, 1.1039523090877414
0.9999999999999971, 1.1094558381469404
0.9999999999999981, 1.0935380009062432
0.999999999999998, 1.1214826314912336
1.0000000000000016, 1.1538729340887015
0.9999999999999987, 1.101537818278216
0.9999999999999998, 1.131925047502019
0.9999999999999987, 1.0794415030437539
0.9999999999999993, 1.1069797259630958
0.9999999999999983, 1.0925990643833354
1.0000000000000009, 1.1210854946134132
0.9999999999999983, 1.1022812294429452
1.0000000000000033, 1.1102056684924915
1.0000000000000036, 1.0543244834867975
1.0000000000000007, 1.0934868327377574
0.9999999999999987, 1.1410822094991684
0.9999999999999977, 1.136625832572433
1.0000000000000033, 1.0204144128392125
0.9999999999999976, 1.0974944708025136
0.999999999999999, 1.184807710655634
1.000000000000001, 1.101204604218127
1.000000000000002, 1.2022613573650278
0.9999999999999992, 1.1905762387178023
0.9999999999999967, 1.0735460319744388
1.0000000000000013, 1.1109377707524892
0.9999999999999991, 1.1927926849379065
0.9999999999999989, 1.10146323518861
0.999999999999999, 1.021632312263714
0.9999999999999977, 1.1316529328270832
1.0000000000000016, 1.0640478117173
0.9999999999999994, 1.1615835064804292
0.9999999999999997, 1.096903076660523
1.0000000000000029, 1.0857756812182897
0.9999999999999966, 1.1369265370318096
0.9999999999999978, 1.1389491281166388
0.999999999999999, 1.0953494234429868
0.9999999999999992, 1.1320980212625003
1.0000000000000007, 1.0522804466500615
1.0000000000000009, 1.0728023641717233
0.9999999999999977, 1.1565521207926848
0.9999999999999976, 1.0947309519215755
1.0, 1.0663377623524837
0.9999999999999997, 1.057083284025383
0.9999999999999984, 1.2077643299244705
1.0000000000000056, 1.0402789302766897
1.0000000000000004, 1.1021308141564534
1.0000000000000004, 1.0559013379269684
0.9999999999999999, 1.049235700878613
1.0000000000000013, 1.1329123623956778
0.9999999999999986, 1.159638151447093
0.999999999999999, 1.0841761565220662
0.9999999999999963, 1.122511422839402
0.9999999999999994, 1.1274526430238403
0.999999999999995, 1.1096287631483932
0.9999999999999991, 1.0478649201664871
1.0000000000000013, 1.1541795885202464
1.0000000000000013, 1.0714065482246706
1.0000000000000024, 1.0834719828728634
0.9999999999999986, 1.1022295254191898
1.0000000000000029, 1.0970374497432316
0.999999999999998, 1.0722357915362608
0.9999999999999987, 1.1062018789979067
1.0000000000000002, 1.0816303839515853
1.000000000000003, 1.0921214002520068
1.0000000000000002, 1.0938222396058117
0.9999999999999983, 1.1246852475688929
0.9999999999999994, 1.0623814501655402
0.9999999999999991, 1.0821922833674669
0.9999999999999991, 1.0420179559177742
1.0000000000000013, 1.1387394116357696
0.9999999999999982, 1.1070925540775025
0.9999999999999981, 1.0687992735189658
1.0000000000000027, 1.1116150206411195
1.0000000000000018, 1.140919676622611
0.9999999999999967, 1.1079043953661911
0.9999999999999964, 1.1758007800439232
0.999999999999999, 1.1876978526865454
0.9999999999999999, 1.0872559556136
0.9999999999999997, 1.151770663442951
0.9999999999999978, 1.033822618727598
0.9999999999999967, 1.190229443883919
0.9999999999999966, 1.059570837746452
1.000000000000001, 1.1402712556832544
1.0000000000000029, 1.074872357489782
0.9999999999999968, 1.1393314112050195
0.9999999999999984, 1.0156850814049898
0.9999999999999989, 1.0546256272294614
1.0000000000000053, 1.0845372245495202
1.0000000000000016, 1.1537600604874485
1.0000000000000016, 1.1392676895765936
0.9999999999999993, 1.1675947431097635
0.9999999999999968, 1.0934267326888725
1.0000000000000016, 1.0573000940105826
1.000000000000001, 1.1526097740608467
0.9999999999999963, 1.1028936868711736
1.0000000000000016, 1.118208093033033
0.9999999999999993, 1.106115531516678
0.9999999999999974, 1.1492586539818748
1.0000000000000013, 1.1435641963463854
1.0000000000000013, 1.1126077054113326
1.000000000000001, 1.0943213906490952
0.9999999999999958, 1.1367365115688854
0.9999999999999998, 1.0876718625531612
0.9999999999999989, 1.0954477953420212
1.0000000000000002, 1.0907065289792661
1.000000000000002, 1.1119512227253197
1.0000000000000002, 1.0715665897487825
1.0000000000000029, 1.1227760461889145
0.9999999999999977, 1.0846416702129924
1.0000000000000007, 1.1145096507854186
0.9999999999999993, 1.1581511397760975
1.0000000000000033, 1.1467769813712794
0.9999999999999981, 1.1016050213543218
1.0000000000000007, 1.036028243882248
0.9999999999999982, 1.1078659236352066
0.9999999999999998, 1.116953608834767
1.0000000000000004, 1.0904652581612824
0.9999999999999991, 1.1174629914764553
0.9999999999999999, 1.1547120218932445
0.9999999999999984, 1.0846901793404418
0.9999999999999999, 1.1559912418420304
1.000000000000002, 1.1164941266188855
1.000000000000001, 1.1000325559182786
0.9999999999999984, 1.1225138793456004
0.999999999999996, 1.1496181412129676
0.9999999999999997, 1.0916903918063618
1.000000000000003, 1.1126194415140025
1.0000000000000018, 1.1031181887711972
0.9999999999999968, 1.049026249697632
1.0000000000000036, 1.154978028364062
0.9999999999999998, 1.1155466505496072
1.0000000000000004, 1.0395670049733847
0.9999999999999978, 1.0692864612331734
1.0000000000000027, 1.1203588689312733
1.0000000000000007, 1.1284877346127722
0.9999999999999997, 1.154374498975105
1.0000000000000033, 1.1202593592270178
1.0000000000000018, 1.056917804891175
0.999999999999999, 1.1566172434470676
1.0000000000000007, 1.1644409242211702
1.0000000000000004, 1.164285379984067
0.9999999999999971, 1.14663711957254
1.0000000000000033, 1.0381697950940563
1.000000000000002, 1.0884130812511503
1.0000000000000013, 1.0892469596991183
0.9999999999999987, 1.0475044442451815
1.000000000000002, 1.1381781352489937
0.9999999999999987, 1.07319882548485
1.0000000000000053, 1.1773534762726467
1.0000000000000029, 1.1601155048156477
0.9999999999999999, 1.10853293204175
0.9999999999999969, 1.1302983207678603
0.9999999999999993, 1.0309739731201772
0.9999999999999956, 1.1411657184181792
0.9999999999999989, 1.0875071058780852
0.9999999999999998, 1.0617315946522041
1.0000000000000024, 1.0137138335955833
0.9999999999999987, 1.1175053751868007
0.9999999999999964, 1.146282075747334
0.9999999999999982, 1.0997675238845905
0.9999999999999986, 1.1489391399182474
1.0000000000000029, 1.1156050249276215
1.0000000000000036, 1.1510300863318739
0.9999999999999971, 1.027296757318789
1.0000000000000007, 1.027058441562846
1.0000000000000016, 1.124217167460379
0.9999999999999991, 1.1081500376547837
0.9999999999999997, 1.1370031497665263
1.0000000000000013, 1.114802594585012
0.9999999999999993, 1.0783890289437004
1.0, 1.1574220802727977
0.9999999999999966, 1.1356600710568854
0.9999999999999963, 1.0658765422811185
0.9999999999999998, 1.0266238921551574
1.0000000000000049, 1.1174758559478914
1.0000000000000022, 1.1186903281133396
0.9999999999999948, 1.0493897257032976
0.9999999999999961, 1.054056415482949
1.000000000000002, 1.090141975339043
0.999999999999999, 1.0643688205026716
0.9999999999999982, 1.1384693913091495
0.9999999999999978, 1.1486852442325652
1.0000000000000007, 1.2028959006142035
0.9999999999999983, 1.029794343539963
1.0000000000000007, 1.1076734703277336
1.0000000000000027, 1.1498723862536762
1.0000000000000016, 1.1351375469961624
1.0000000000000004, 1.0730927890388708
1.0000000000000009, 1.1046065659363453
0.9999999999999977, 1.096499493886895
1.000000000000002, 1.06732135031672
0.9999999999999994, 1.0798690693410036
0.9999999999999982, 1.1339418237338108
0.9999999999999977, 1.1264776067117086
0.9999999999999984, 1.1112813024765462
1.0000000000000022, 1.1591203208569554
1.000000000000002, 1.0531801915943653
1.000000000000005, 1.154230707457118
1.000000000000001, 1.0520327955326925
1.000000000000003, 1.0726005743905325
0.9999999999999976, 1.1613426862265954
1.000000000000002, 1.1196957588608658
1.0000000000000002, 1.1040118397286398
0.9999999999999993, 1.0781525423837401
1.0000000000000036, 1.1195146669255611
0.9999999999999989, 1.0856683778719918
0.9999999999999959, 1.1220697999093292
0.9999999999999986, 1.1011659000338458
0.9999999999999998, 1.139764684889987
1.0000000000000002, 1.13298315048792
1.0000000000000009, 0.9969043257387963
1.000000000000002, 1.0807459756667046
0.9999999999999972, 1.0372700773483463
1.0000000000000007, 1.0826334591828095
0.9999999999999969, 1.1351683693611463
0.9999999999999991, 1.0839890233092688
1.0000000000000004, 1.0709284893595088
0.9999999999999977, 1.082803198587388
1.0000000000000016, 1.1186042236745202
1.0, 1.1332664212704966
0.9999999999999982, 1.134217697014182
0.9999999999999987, 1.2125757432269246
1.0000000000000016, 1.0871240481170574
0.9999999999999972, 1.0265150369508287
0.9999999999999998, 1.1077309604124943
1.0000000000000029, 1.0622360005555167
1.0000000000000007, 1.1193014175674292
0.9999999999999977, 1.080198089791745
0.9999999999999998, 1.0830373876180077
0.999999999999999, 1.1211880174941835
1.0000000000000004, 1.0658186477884481
1.0000000000000047, 1.0463937559114436
1.0, 1.0653515761495784
1.0000000000000016, 1.1265342446927644
1.0000000000000024, 1.0710172992480769
1.0000000000000013, 1.1412708941790424
1.0000000000000033, 1.0846704165861132
0.9999999999999989, 1.135296897085168
1.0000000000000029, 1.223575146274551
0.9999999999999993, 1.1585408669368806
0.9999999999999976, 1.1635006075327323
1.000000000000003, 1.212261383567407
1.0000000000000007, 1.1503559635271967
0.999999999999998, 1.1573309769936255
0.9999999999999991, 1.0785774672309902
1.000000000000002, 1.0339106033978573
1.0000000000000029, 1.094205643288751
0.999999999999996, 1.117354236913022
0.9999999999999987, 1.069218158863737
0.9999999999999989, 1.0408154198409123
0.9999999999999987, 1.1547386128603976
0.9999999999999984, 1.1137567573990266
0.9999999999999984, 1.0841946739084163
1.0000000000000029, 1.0706566443930574
0.9999999999999963, 1.021311429167427
1.0000000000000016, 1.070524061021355
1.000000000000001, 1.1119941542365512
1.0000000000000022, 1.140220353674367
0.9999999999999993, 1.0953230150710214
0.9999999999999999, 1.1717775955177363
0.9999999999999984, 1.169993018854308
0.9999999999999984, 1.0945745622412777
1.0000000000000036, 1.1795182449508077
1.000000000000001, 1.0915709521227936
0.9999999999999986, 1.1007391994452833
1.0000000000000024, 1.0892113731948967
0.9999999999999978, 1.1043485009719969
1.0000000000000013, 1.0697380578089348
1.0000000000000002, 1.0641976956314867
0.9999999999999998, 1.1537898343558626
1.0000000000000002, 1.129562236039829
1.0000000000000002, 1.0710673626396652
1.0000000000000007, 1.023581252486911
0.9999999999999998, 1.0820476542179607
0.9999999999999989, 1.0825415056574674
1.000000000000002, 1.0822028727763224
1.0, 1.0565898895362642
1.0, 1.0955836783806907
0.9999999999999972, 1.0433304133663646
0.9999999999999998, 1.1257923276708408
0.9999999999999993, 1.1127444769216965
1.0000000000000009, 1.0632664786425454
1.0000000000000047, 1.082014656150831
1.0000000000000013, 1.1621540884874757
1.0000000000000004, 1.0767788409989032
1.0000000000000004, 1.1133048761720477
1.0000000000000004, 1.1128519222867104
0.999999999999995, 1.038177332136892
1.0000000000000049, 0.9762255699699359
0.9999999999999957, 1.070749022211638
0.9999999999999942, 1.0253240109088197
1.000000000000003, 1.0608055130658507
0.999999999999999, 1.03965031949399
1.0000000000000013, 1.121298761865163
0.9999999999999978, 1.0816798169610182
1.0000000000000007, 1.136061341230554
0.9999999999999974, 1.0535301153590784
1.0000000000000007, 1.1054065506455557
1.0000000000000007, 1.0893028110103007
1.0000000000000016, 1.1127680707747472
1.000000000000001, 1.094511168718858
1.0000000000000009, 1.0342543793070174
0.9999999999999986, 1.1101827719449013
0.9999999999999977, 1.0514569284978863
1.0, 1.1218709018474162
0.9999999999999991, 1.0551852857309414
0.9999999999999997, 1.1717262125028345
0.9999999999999993, 1.1366905496420852
1.0000000000000013, 1.0517728932120551
0.9999999999999983, 1.1121238651818914
0.9999999999999993, 1.117806170008732
0.9999999999999992, 1.0903970225513229
1.0000000000000027, 1.0051474883730733
1.000000000000003, 1.0788559421015296
0.9999999999999949, 1.1755722833902413
0.9999999999999978, 1.055408870489695
0.9999999999999971, 1.139122484596441
0.9999999999999987, 1.0625488626566253
0.9999999999999999, 1.0825208031880562
0.9999999999999974, 1.097038289731172
1.0000000000000007, 1.00258338074662
1.0000000000000013, 1.0641415256289242
1.0000000000000013, 1.0418418536396694
1.0, 1.167872761669541
1.000000000000003, 1.062631536926857
0.9999999999999993, 1.0492684947838962
0.9999999999999978, 1.1368267438215334
0.9999999999999968, 1.1616610467106392
0.9999999999999991, 1.0789053558232014
1.000000000000003, 1.1522093725502058
1.0000000000000002, 1.0902654167317205
1.0000000000000007, 1.083702487336369
1.0000000000000009, 1.140432683964077
0.9999999999999992, 1.111957474506842
1.0000000000000002, 1.0642733753279776
0.9999999999999991, 1.187718026453524
0.9999999999999994, 1.2125096504160577
1.000000000000004, 1.1853478894597962
0.9999999999999974, 1.1371667000612828
1.0000000000000033, 1.108129361553981
0.9999999999999981, 1.0909870718212509
1.0, 1.0471476514794056
0.9999999999999966, 1.128639720720931
0.999999999999999, 1.0921147389127313
1.0000000000000013, 1.0713809339446665
1.0, 1.0554539133144607
0.999999999999999, 1.0776583505122628
1.0000000000000007, 1.1232984456551558
0.999999999999998, 1.092836054070922
1.000000000000002, 1.087883791897797
0.9999999999999983, 1.0830033963794854
0.9999999999999956, 1.0521039595260993
1.000000000000004, 1.0988692362409342
1.0000000000000002, 1.0779581650180714
0.9999999999999998, 1.0771381109051021
1.0000000000000038, 1.0542446221261539
1.0000000000000013, 1.1371357987589934
0.9999999999999991, 1.022622103354327
1.0000000000000016, 1.1758530904883366
1.000000000000001, 1.082719256461095
0.9999999999999976, 1.0942151246801397
0.9999999999999976, 1.0200267760116053
0.9999999999999987, 1.0636425487747028
0.9999999999999971, 1.1055133504101753
0.9999999999999999, 1.0898041411236228
0.9999999999999976, 1.0642250261617885
0.9999999999999961, 1.152320316948703
1.0000000000000004, 1.0723456845332053
0.9999999999999994, 1.1363242824805764
1.000000000000004, 1.2002224582681937
1.000000000000001, 1.105956970845595
0.9999999999999993, 1.1494385227071868
1.0000000000000002, 1.0824607462645428
0.9999999999999956, 1.1184089581963108
1.0000000000000027, 1.08218559242234
0.9999999999999964, 1.0631667439304069
0.9999999999999991, 1.0540109540987745
1.0000000000000016, 1.121781732641889
1.0000000000000044, 1.1174657993370267
1.0000000000000004, 1.0581287941000679
0.9999999999999972, 1.0955523559576041
0.9999999999999999, 1.1589879719089116
0.9999999999999997, 1.1560097696934153
0.9999999999999981, 1.1839779632817908
1.0000000000000007, 1.1452167951227878
0.9999999999999959, 1.1287404341376723
0.9999999999999981, 1.1665441992150862
1.000000000000003, 1.1293031321586708
1.0000000000000004, 1.113506801788367
1.0000000000000002, 1.10416731083933
0.9999999999999993, 1.1343780907295407
1.0000000000000002, 1.1128967111878674
1.0000000000000016, 1.0230676664259273
0.9999999999999991, 1.0881858121260803
0.9999999999999959, 1.0745703366551997
1.0000000000000007, 1.0879949657959138
0.9999999999999963, 1.0829798262818984
0.9999999999999999, 1.1259268644538387
0.9999999999999989, 1.0763248941548968
0.9999999999999982, 1.176395964952814
1.0000000000000029, 1.1258060805398695
0.999999999999999, 1.109203370064706
0.9999999999999999, 1.0711256683111503
0.9999999999999981, 1.0686228797919088
1.000000000000001, 1.0972161741014261
0.9999999999999963, 1.0933767772985614
1.0000000000000002, 1.0871499193641818
1.0000000000000036, 1.078949120740301
0.9999999999999972, 1.053624623590104
0.9999999999999947, 1.1164386749753186
1.0000000000000013, 1.079990554679755
1.0000000000000004, 1.0707153929691384
1.0000000000000013, 1.0725702161994333
0.9999999999999972, 1.0724853566904673
0.999999999999999, 1.0503482555590684
0.9999999999999994, 1.0731036783461974
1.0000000000000013, 1.1194231385579214
0.9999999999999992, 1.1206856384955162
0.9999999999999989, 1.110345825901502
1.0000000000000038, 1.1212997115400598
0.9999999999999987, 1.155930502752368
1.000000000000002, 1.0992376104725161
0.9999999999999949, 1.1574220442507954
0.9999999999999999, 1.071982232781147
1.000000000000001, 1.0783554650929652
0.9999999999999966, 1.1635010982128033
0.9999999999999997, 1.097137998267312
0.9999999999999976, 1.133084494488601
0.9999999999999976, 1.1732023619433258
1.0000000000000022, 1.0379242854906658
1.0000000000000038, 1.0980457165899031
0.9999999999999963, 1.0391488132318591
0.9999999999999959, 1.0518025159908073
1.0000000000000024, 1.2097515369127525
1.000000000000001, 1.094673499353831
1.000000000000002, 1.0380600135591307
1.000000000000002, 1.0862597955997313
0.9999999999999938, 1.0934957340997613
1.0, 1.1148347772165998
1.0000000000000036, 1.092206566606338
1.0000000000000029, 1.044807248243482
1.0000000000000007, 1.0733618341206157
1.0000000000000029, 1.073989904375154
1.0000000000000022, 1.0657580626369294
0.9999999999999969, 1.1454775325840265
1.0000000000000009, 1.0833967647810163
1.000000000000002, 1.1320891919252984
0.9999999999999973, 1.1228813767002916
1.0000000000000029, 1.1128778725383712
1.0000000000000038, 1.161561488154344
0.999999999999998, 1.1106533535591414
0.999999999999999, 1.09279473703319
0.999999999999999, 1.173637884986133
1.0000000000000013, 1.0453444556377187
1.0000000000000002, 1.113994575650887
0.9999999999999997, 1.158194695097725
1.0000000000000007, 1.0991063596487343
0.9999999999999991, 0.9914237624381745
0.9999999999999964, 1.0231778450744498
0.9999999999999977, 1.039252719021113
1.000000000000001, 1.181258377614197
0.9999999999999998, 1.0477125471853417
1.000000000000001, 1.0506953711004299
0.9999999999999959, 1.153223217939736
0.9999999999999969, 1.0721878997404566
0.9999999999999993, 1.1374285113541276
0.9999999999999967, 1.067019621927618
0.9999999999999994, 1.1849375910808269
1.0000000000000033, 1.136763969254279
0.9999999999999986, 1.0832620241457247
1.0000000000000007, 1.125306424353654
0.9999999999999976, 1.0707073757999
0.9999999999999986, 1.06582981595761
0.9999999999999991, 1.1037148266167014
1.000000000000001, 1.0428784777717262
0.9999999999999997, 1.1623630802633953
0.9999999999999952, 1.0835093865114318
0.9999999999999989, 1.050700952675047
0.9999999999999974, 1.1535796364470454
0.9999999999999987, 1.1540195861388978
1.0000000000000027, 1.1921101862544232
0.9999999999999957, 1.0204928114229668
1.0000000000000013, 1.0368794044985432
1.0000000000000018, 1.067098247914632
0.9999999999999997, 1.1617616352016653
0.9999999999999991, 1.051294485434278
1.0000000000000027, 1.0866996607067116
0.9999999999999992, 1.0956609085056173
1.0000000000000022, 1.1009851793619356
1.000000000000002, 1.0963380107489664
1.0000000000000018, 1.128252494500926
0.9999999999999999, 1.0177178327976828
0.999999999999998, 1.1328559473650597
1.0000000000000013, 1.1344383613291251
0.9999999999999964, 1.1572128532209163
0.9999999999999984, 1.0666963626768087
0.9999999999999976, 1.1184641664079455
1.000000000000002, 1.196702263082488
0.9999999999999984, 1.0912712956696384
1.0000000000000013, 1.1467575771036915
0.9999999999999947, 1.0450581362013092
0.9999999999999989, 1.0702105050717021
1.0000000000000013, 1.0672951488436944
1.0000000000000033, 1.1197986483470412
0.9999999999999994, 1.1262585878758307
1.000000000000003, 1.128183498411484
0.9999999999999968, 1.0607075879602852
0.9999999999999974, 1.1369214820516156
1.0000000000000009, 1.0698080537628878
1.0000000000000013, 1.1616811329767405
0.9999999999999999, 1.0782595983807004
1.0000000000000033, 1.1293622012502353
0.9999999999999997, 1.1117212913283647
0.9999999999999982, 1.1067225082559058
1.0000000000000022, 1.0959514391525946
1.0000000000000002, 1.0619628335972155
0.9999999999999989, 1.1060200453068034
1.0000000000000016, 1.1143262288114082
1.0000000000000033, 1.0557823860740239
1.0000000000000022, 1.099929874666012
0.9999999999999982, 1.1130115253926127
1.0000000000000007, 1.0836232642603127
0.9999999999999999, 1.010699150131206
0.999999999999998, 1.1081816886227953
1.0000000000000029, 1.094579857959721
1.0000000000000029, 1.0750813841067697
1.0000000000000016, 1.087344833289868
0.999999999999998, 1.1427804099314753
1.0000000000000044, 1.1388108926398344
1.0000000000000027, 1.1154831483766947
1.0000000000000002, 1.0533316657886855
1.0000000000000004, 1.079280921175583
0.9999999999999999, 1.17701925316808
0.9999999999999982, 1.1454505549279348
1.000000000000001, 1.1117793288985334
1.0000000000000002, 1.0316554940794855
0.9999999999999983, 1.0406488315274205
1.000000000000001, 1.0512341783574324
0.9999999999999973, 1.1486216078225193
1.0000000000000007, 1.2012283742467207
1.0000000000000047, 1.16737660540169
1.0000000000000042, 1.090378369408019
1.0, 1.090463121749923
1.0000000000000004, 1.1242856231743614
1.0000000000000047, 1.1036428577669959
0.9999999999999989, 1.097503050162107
1.0000000000000004, 1.042599186431127
1.0000000000000069, 1.1383973993882524
0.9999999999999992, 1.142625195722573
0.9999999999999968, 1.214380440185307
0.9999999999999968, 1.0518692581505091
0.9999999999999963, 1.110350354684547
0.9999999999999983, 1.0881249873075454
0.999999999999998, 1.0617881444589023
0.9999999999999944, 1.05743317023159
0.9999999999999994, 1.083744134057301
0.9999999999999969, 1.0520749869533559
1.0000000000000027, 1.0334701733912128
0.9999999999999981, 1.1266340613094614
0.9999999999999973, 1.0997651606839267
0.9999999999999991, 1.1127034328417202
0.9999999999999998, 1.0714064463179551
0.9999999999999968, 1.0666663792284168
0.9999999999999966, 1.0652220683945948
1.0000000000000013, 1.0892995148150848
1.0000000000000007, 1.0891953575774254
0.9999999999999964, 1.1329269498105172
0.9999999999999997, 1.115066617140621
0.9999999999999952, 1.1981638783535513
0.9999999999999989, 1.05195789817892
1.0000000000000004, 1.036717886387844
0.9999999999999967, 1.1068892456337431
1.0000000000000033, 1.0601285380996193
0.9999999999999993, 1.0826130375648673
0.9999999999999997, 1.1632100265574636
0.9999999999999991, 1.1314529022476287
0.999999999999998, 1.114677690689361
0.9999999999999964, 1.0430027759487583
1.000000000000002, 1.1198208817987256
0.9999999999999998, 1.0970311914145696
1.0000000000000002, 1.1259987731261247
1.0000000000000036, 1.1217329724172955
1.000000000000004, 1.1169617307237072
0.9999999999999999, 1.1227835160870734
0.9999999999999998, 1.0865564598045632
1.0000000000000004, 1.147644378066127
1.0000000000000013, 1.1404124098053348
0.9999999999999974, 1.1425801322237616
1.0000000000000013, 1.1808739711220797
0.9999999999999969, 1.0842054400941836
1.0000000000000022, 1.0529023041909653
1.0000000000000042, 1.063746775089671
0.9999999999999967, 1.079141104393272
1.000000000000002, 1.1101294608168855
0.9999999999999986, 1.1392227336394347
1.0000000000000007, 1.061514301765694
1.000000000000001, 1.0565672554301295
0.9999999999999993, 1.117779441994762
1.0000000000000009, 1.0864292527916022
1.0000000000000004, 1.10631036985833
1.0000000000000004, 1.1222212509441596
1.0000000000000036, 1.1688242502239423
1.0000000000000022, 1.1151455785746138
1.0000000000000002, 1.12054697769658
0.9999999999999992, 1.0838936882199253
1.000000000000001, 1.1003629638117436
0.9999999999999993, 1.0790169960603366
1.000000000000001, 1.1753255463009775
0.9999999999999999, 1.1210700049321656
1.0000000000000009, 1.1172020532756082
1.0000000000000004, 1.0540902912372367
1.000000000000001, 1.130126629188048
1.0000000000000018, 1.109111138023411
0.999999999999998, 1.0966733581151644
1.0000000000000004, 1.0384939382478335
0.9999999999999972, 1.1016989449202041
1.0000000000000013, 1.0889956272261614
1.000000000000001, 1.1188186703938425
0.9999999999999998, 1.085269371326791
1.0000000000000029, 1.0841339344147258
0.9999999999999978, 1.058373885317672
1.0000000000000027, 1.0850849591730312
1.000000000000002, 1.1378550474867744
1.0000000000000009, 1.1203747124159456
0.9999999999999987, 1.114808592508583
1.0000000000000029, 1.0576326216653753
1.0000000000000042, 1.0973201951103329
0.9999999999999993, 1.1528863034221595
1.0, 1.0996801422727573
1.0, 1.1100234133733216
0.9999999999999987, 1.1425603847313275
1.0000000000000016, 1.186442369867438
1.0000000000000036, 1.1083055516588622
1.000000000000003, 1.055082699772791
0.9999999999999983, 1.0215246708913213
1.0000000000000007, 1.159074269458273
1.0000000000000044, 1.050884012291138
0.9999999999999986, 1.0705706299726834
1.0000000000000009, 1.0891055589429244
