ATE real, ATE estimado
0.9999999999999999, 1.020251732474872
1.0000000000000016, 1.0615733798471343
0.9999999999999992, 0.9759710392386425
1.0000000000000004, 0.9221467662201798
1.0000000000000018, 0.9880468064139818
1.0000000000000013, 0.9884440953204351
0.9999999999999978, 1.0182624200170591
1.0000000000000027, 1.014710456508316
0.9999999999999998, 0.9940985033348725
0.9999999999999981, 0.9364842293578972
0.9999999999999991, 0.9805110173777928
1.0000000000000033, 1.0046268935004774
0.9999999999999963, 1.014223829278062
1.0000000000000022, 0.9617607646629084
0.9999999999999971, 0.975871788647373
0.9999999999999989, 1.0632057228838616
0.9999999999999992, 1.0552610476872006
1.0000000000000002, 0.9817733726617315
1.000000000000004, 0.9469786618489249
1.0000000000000016, 1.0107875166970897
1.0000000000000004, 0.9891426115920281
1.0000000000000007, 0.9452414599379653
1.0000000000000036, 1.0122620240955587
1.0000000000000022, 1.0435924192035353
0.9999999999999961, 1.039617882262523
1.0000000000000007, 1.0360970907087135
1.0000000000000044, 1.0014985747520777
0.9999999999999968, 0.9382769821872217
0.9999999999999941, 1.045448554650663
1.0000000000000038, 0.9886125575564605
0.9999999999999989, 1.0242953415106044
1.0000000000000018, 0.9699619955602294
1.0000000000000022, 1.0490707368697179
0.9999999999999998, 0.9963253492085141
1.0000000000000036, 0.9958241581147306
1.0000000000000002, 1.001494536013084
1.0000000000000007, 1.047749147046369
0.9999999999999964, 0.9847024995713679
1.0000000000000024, 0.9697875890195264
0.9999999999999998, 0.9836771960382337
1.0000000000000013, 0.9868713127138175
1.0000000000000009, 0.9819133369760235
0.999999999999998, 0.965648474648357
0.999999999999998, 0.9474244415952568
0.9999999999999987, 1.0393840644145682
1.0000000000000036, 1.0423487629791597
1.0000000000000016, 0.9821635715516406
0.9999999999999983, 0.9720757762049616
0.9999999999999983, 0.9445887653752087
0.9999999999999977, 1.005532922999024
0.9999999999999944, 1.0083453939291696
1.0000000000000004, 0.9623362457172701
0.9999999999999992, 1.046910904429906
0.9999999999999989, 0.9813493018833653
1.000000000000001, 0.9595496719688834
1.0000000000000022, 0.9700094643016132
0.9999999999999976, 0.989570324147823
0.9999999999999993, 0.930692491697199
1.0000000000000002, 1.0618480948256797
1.0000000000000018, 0.9853832844112761
1.000000000000002, 0.9730030039303375
1.0000000000000004, 1.0385664277000777
1.0000000000000002, 0.9602519082539372
1.0000000000000004, 1.010720795777256
1.000000000000002, 1.0114737918319148
0.9999999999999998, 1.0514915427472358
1.0000000000000038, 0.9436044679395941
0.9999999999999997, 1.015344810449263
1.0000000000000004, 0.9217952054253916
1.0000000000000029, 1.0954141106893
0.9999999999999981, 1.0077750483438723
0.9999999999999998, 1.0502022266812125
1.0000000000000004, 1.0457895421673487
1.0000000000000004, 1.0369805731218027
0.9999999999999999, 0.9743555737803088
1.0000000000000002, 0.9204665498075397
0.9999999999999967, 0.9773736039319687
1.0000000000000007, 1.0420624558800509
0.9999999999999981, 1.004540504089685
0.9999999999999974, 0.9529679153125242
1.0000000000000007, 0.9391179890241635
1.0000000000000002, 0.9225647131116219
1.000000000000001, 0.9277096294577734
1.0000000000000013, 0.9774631881218632
1.0000000000000004, 1.01376642714809
0.9999999999999998, 0.9707644520812467
0.9999999999999974, 1.0507667703410555
0.9999999999999947, 0.9780544189310874
1.000000000000001, 1.003144206117984
1.0, 1.0019106950444228
0.9999999999999976, 1.022797908048365
1.000000000000001, 0.9316258992683175
0.9999999999999938, 0.9839343130211186
1.0000000000000013, 0.9291105571917688
1.0000000000000009, 1.0302936336618684
0.9999999999999981, 0.9747540177059025
1.000000000000001, 0.9407973949175518
0.9999999999999993, 0.9790761393179009
1.0000000000000013, 1.0029317025152285
0.9999999999999989, 1.0312554529727573
1.0000000000000007, 1.0734407415796698
0.9999999999999973, 1.0491639744330334
1.0000000000000004, 0.9622593756145492
0.9999999999999994, 1.0937723903463115
0.9999999999999983, 1.0176226391339496
0.9999999999999982, 1.03938933485018
0.9999999999999994, 0.975279880906007
1.0000000000000029, 0.9653584677113405
1.0000000000000007, 1.026244440918619
0.9999999999999992, 0.9081331912688736
1.0000000000000002, 1.0105854693790526
1.0000000000000022, 0.97656142906858
0.9999999999999987, 0.9417583723088842
1.0000000000000004, 0.9500736756007016
0.9999999999999984, 0.9606773225888584
1.0000000000000002, 1.0823784827356169
0.9999999999999989, 1.0078508264233335
0.9999999999999983, 1.0492099739448768
0.9999999999999976, 1.0029944172559395
1.000000000000001, 0.9943704194805131
1.000000000000002, 0.9478043566320684
1.0000000000000018, 0.9000524603111126
0.9999999999999984, 1.0009798721706742
1.0000000000000016, 1.0094238876402373
1.0000000000000013, 0.997054665523327
1.0000000000000009, 1.0316891859980817
0.9999999999999974, 0.948054294855889
1.0000000000000007, 0.9355687405558485
0.9999999999999999, 1.004661741879902
0.9999999999999986, 1.0343176401383816
1.0000000000000013, 1.046416244214507
0.9999999999999994, 0.9886094125030931
0.9999999999999977, 0.9848177920650697
1.0000000000000002, 1.0629883377341296
0.9999999999999999, 0.9928630984670097
0.9999999999999998, 0.9924370118395952
0.9999999999999999, 0.9717996700111415
1.0, 0.9652023049491568
1.0000000000000009, 0.9788357083269026
0.9999999999999972, 1.02241664707879
0.9999999999999969, 0.9595630144084818
0.9999999999999998, 1.0039404535176069
0.9999999999999987, 0.9720284808545501
1.0000000000000004, 1.0161181208383745
0.9999999999999982, 0.9787587293031519
0.9999999999999981, 0.9922007761161827
1.0000000000000024, 1.0282700310518553
0.9999999999999948, 1.0409949291546226
0.999999999999999, 1.0232742793735274
1.0000000000000016, 1.0448596108354844
0.9999999999999971, 0.9978607922813182
1.0000000000000029, 1.084039722292241
0.9999999999999982, 0.9514108199011311
1.0, 0.9832139220214616
0.9999999999999966, 1.030617887453933
1.000000000000001, 1.0128294841696486
1.0000000000000018, 0.9295168106151523
0.999999999999998, 0.919380884068458
0.9999999999999997, 1.0200973243973745
0.9999999999999974, 1.0500027795655427
0.999999999999995, 1.000498304921262
0.999999999999998, 0.9526042160481865
0.999999999999998, 1.0332565272091605
1.0000000000000007, 1.0319999483723419
0.999999999999999, 1.0238580691893486
0.9999999999999981, 1.0195335938458256
1.0000000000000007, 1.0290301262147517
1.0000000000000013, 1.0427314379806376
1.0000000000000024, 1.0397759732350382
1.0000000000000013, 0.9792914011898934
0.9999999999999977, 0.998865525437922
1.000000000000002, 1.0677567102939094
0.999999999999998, 0.989529312834099
0.9999999999999978, 1.028046980526353
1.0000000000000022, 0.9658353746811247
0.9999999999999983, 1.0507381476097646
1.0000000000000036, 0.9314261348532
0.9999999999999997, 1.0001401575598343
1.0000000000000029, 0.9119978223527494
0.9999999999999992, 0.9644227229206038
1.0000000000000004, 1.0446994225294957
0.9999999999999964, 0.9849923591728762
0.9999999999999987, 1.0545695470577119
1.0000000000000004, 0.9277567143097322
1.0000000000000013, 0.9644913415759279
0.9999999999999997, 0.9226240025040209
0.9999999999999997, 0.9725315802284676
0.9999999999999943, 0.982365107066598
1.0000000000000038, 1.028553109601697
0.9999999999999997, 1.038494073678668
1.0000000000000042, 0.9729318664835079
1.0000000000000004, 0.9820892191630906
1.000000000000002, 0.9955886089196483
0.9999999999999958, 1.0943064836995549
0.9999999999999994, 0.9960714603648408
1.0000000000000002, 0.9863082909351636
0.9999999999999997, 1.0822112280768732
1.000000000000002, 0.9871282098686602
0.9999999999999974, 1.084837321216711
0.9999999999999976, 0.939251520597235
0.9999999999999989, 0.9838740272950717
1.000000000000002, 0.9816541740926148
0.9999999999999999, 1.0773886307068585
0.999999999999999, 1.092616554107479
0.9999999999999983, 1.0320594085429868
0.9999999999999982, 0.9870865008691526
1.0000000000000016, 1.0388728349531833
0.9999999999999986, 1.0468561113754302
1.0000000000000075, 0.9421708787634206
0.9999999999999991, 0.9249802301337291
1.0000000000000002, 0.9325720446850149
1.0000000000000036, 0.9552908566689616
1.0000000000000004, 0.9895508917470163
1.000000000000002, 0.9175880364919811
0.9999999999999989, 0.9859360658691199
1.0000000000000013, 0.9500118315266797
1.0, 1.014334568898918
1.000000000000001, 1.0297497609378707
0.9999999999999982, 0.9907077961626116
0.9999999999999987, 0.9944646565335169
0.999999999999998, 1.0028295670873746
1.0000000000000027, 1.0478180735746518
1.0000000000000038, 0.9950920185507265
1.0000000000000002, 1.0287100997749854
1.000000000000003, 0.9895329943720095
0.999999999999998, 1.0481452905573394
0.9999999999999984, 1.0059082203174434
1.0000000000000002, 1.0357899987980284
1.0000000000000018, 1.0299023595469403
0.9999999999999987, 1.0199786837740241
0.9999999999999974, 0.8789425027820263
0.9999999999999987, 1.0326118429182058
0.9999999999999943, 0.9632918721901439
0.9999999999999994, 1.028212205344629
1.0000000000000004, 0.9808798716672457
0.9999999999999973, 0.9808524707045491
1.000000000000002, 1.0531626075816236
1.0000000000000016, 0.9815396748703886
0.9999999999999981, 0.971715119099058
1.0000000000000009, 0.9703594542442823
0.9999999999999956, 1.011012376943259
0.9999999999999989, 1.000324575586603
0.9999999999999982, 1.0508125153735257
0.9999999999999994, 1.0495648119308336
0.9999999999999969, 0.9585969759291202
1.0000000000000016, 0.9996612812730462
0.9999999999999972, 0.9774588595297853
0.9999999999999974, 0.9790132657364039
0.9999999999999991, 0.9768127790061065
0.9999999999999984, 1.0002871315765207
0.9999999999999982, 0.9755353146044831
0.999999999999999, 0.9406899956003464
1.0000000000000024, 0.9782272634925896
0.999999999999998, 1.0109723001492494
1.0000000000000016, 0.9809636920476127
0.9999999999999936, 1.0009432215390035
1.0000000000000007, 0.9310053306690811
1.0000000000000004, 0.9885471854187569
0.9999999999999991, 0.8710996521996655
0.9999999999999981, 1.0125207325579237
1.0000000000000009, 1.0062802682945455
1.0000000000000009, 0.9972780522407123
0.9999999999999973, 1.021488300690809
1.000000000000004, 0.9499742384370709
1.000000000000001, 0.9882202182407851
0.9999999999999942, 1.0014386592694915
0.9999999999999987, 0.9924576538230353
0.9999999999999984, 0.9100645827553985
1.0000000000000027, 0.9417577215194032
1.0000000000000009, 1.031643870253286
0.9999999999999993, 1.0082877050222474
1.0, 0.9396479228729432
1.000000000000001, 1.0171324458786992
0.9999999999999994, 1.0429350314768782
1.000000000000002, 1.0698765165067978
0.9999999999999971, 1.0355716376254755
0.9999999999999993, 1.0931089853060993
0.9999999999999987, 0.9841346985167038
0.9999999999999984, 0.9556656910739301
0.9999999999999972, 0.9558052510063851
1.0000000000000016, 0.9801922298401995
0.9999999999999992, 1.0110086063556682
1.0000000000000027, 0.8973685855064119
0.9999999999999986, 1.020206967002591
1.0000000000000029, 0.9908670380915844
1.0000000000000038, 0.9568751005836771
0.9999999999999989, 0.9923503288619119
1.0000000000000029, 0.9919367796514756
1.0000000000000016, 1.0380209692505709
0.9999999999999964, 0.9876401913000363
1.0000000000000004, 1.051691490657896
0.9999999999999973, 0.9403853573121035
0.9999999999999986, 0.991187771481377
0.9999999999999994, 0.8785798194700253
1.000000000000002, 0.9934511488601693
0.9999999999999983, 0.9803749202747134
1.0000000000000049, 0.9616441614202145
1.0000000000000049, 0.980629681409069
1.0000000000000016, 0.9526239218805139
0.9999999999999997, 1.01179934644998
1.000000000000002, 1.0278689245425685
1.0000000000000016, 0.8580997703847473
0.9999999999999992, 0.9621427064892852
1.0, 1.037673732783325
0.9999999999999989, 0.9362359540961505
1.0000000000000004, 0.9788882021905241
1.0000000000000016, 1.0252007382748065
1.0000000000000018, 1.0455723288926078
0.9999999999999983, 1.0010467585305347
1.000000000000003, 0.9708521358079922
1.0000000000000016, 0.9842392437768277
1.0000000000000018, 1.0569338200865588
1.0000000000000007, 0.9387351117884131
0.9999999999999989, 0.9966206168137642
1.0000000000000004, 1.0251747046363557
1.0000000000000022, 0.9800531292558728
0.9999999999999998, 1.0376429875513147
1.0000000000000016, 1.0373113287253035
0.9999999999999976, 1.0458950587498324
0.9999999999999958, 0.9841493703330225
0.999999999999999, 1.0854936773328163
0.9999999999999997, 0.9995861795910385
1.0000000000000013, 1.0299613309360554
1.0000000000000029, 0.9841319504683443
1.000000000000001, 1.0268077353182745
0.9999999999999978, 1.0042942408921913
0.9999999999999977, 0.9747616925476411
1.0000000000000007, 1.0296954168036343
0.9999999999999986, 0.9966966383393719
1.0000000000000004, 0.9886302575128553
0.9999999999999992, 1.0013712487105166
1.0000000000000004, 0.9889549023683201
0.9999999999999992, 0.979008032829163
0.999999999999999, 1.0108724677795669
0.9999999999999974, 0.9267474932160973
1.0000000000000007, 1.0561084518509543
0.9999999999999976, 0.9785929849107378
0.999999999999998, 1.0718561953715309
0.9999999999999984, 1.016773795792545
1.0000000000000033, 0.9851374051375551
0.9999999999999977, 1.041445854803447
0.9999999999999997, 1.0183296303496032
1.0000000000000024, 0.9085774032160608
0.9999999999999964, 1.0191190261466652
0.9999999999999976, 0.9927298686305087
0.9999999999999997, 1.0077554073373132
1.0000000000000018, 0.9552875948665139
0.9999999999999951, 1.0025090652990714
1.0000000000000038, 1.0010537622393194
1.000000000000001, 1.042722137662035
1.0000000000000004, 0.947263554570302
0.9999999999999986, 0.963435603126166
0.9999999999999968, 0.9574920954913025
0.9999999999999992, 0.9859201719495837
1.0000000000000024, 0.9687752665398451
1.0000000000000053, 1.0563314085077522
1.0000000000000033, 0.9510042204397582
0.9999999999999961, 1.033004976512103
0.9999999999999972, 0.9708605810537947
1.0000000000000038, 0.9586473340956478
1.0000000000000002, 1.0032405441093994
0.9999999999999949, 1.0333374926241234
1.0000000000000016, 0.9913913078032993
0.9999999999999968, 0.9317562166809499
1.0, 0.9821336789893587
1.0000000000000013, 1.0534217255590446
0.9999999999999999, 1.0263553420192673
1.0000000000000013, 0.9720693557789056
1.0000000000000022, 1.0422801436981408
0.9999999999999971, 0.9626769489201386
1.0000000000000004, 1.0128009728012881
0.9999999999999977, 0.9748442183291759
0.9999999999999992, 0.9403701192817296
0.9999999999999961, 1.043386249007473
1.000000000000003, 0.9336328230371226
1.0000000000000004, 1.0402133442287849
1.0000000000000004, 0.9880591649298909
1.0000000000000038, 1.038677083980211
1.000000000000002, 0.9595021406296054
0.9999999999999986, 0.976543087983295
0.9999999999999978, 0.9590832224441364
1.0000000000000002, 0.9856160732195585
1.000000000000002, 0.9683531371943842
1.0000000000000027, 0.9846927054973896
0.9999999999999984, 1.0365882014291832
1.0000000000000016, 0.9867434796230073
1.0000000000000004, 0.9648960980132805
0.9999999999999997, 1.0252813802227023
1.0000000000000002, 1.0597642396700917
1.0000000000000018, 1.0454103702314663
1.0000000000000022, 0.9312561906556462
0.9999999999999972, 0.9690903599186489
1.0000000000000016, 0.9422952481063455
1.000000000000001, 0.9425806752212966
0.9999999999999997, 1.0234247645245773
0.9999999999999977, 1.0446799838855605
0.9999999999999959, 1.0217097027596793
1.000000000000001, 0.9476141414881292
0.9999999999999973, 1.0764262153685882
1.0000000000000038, 0.9655064729381216
0.9999999999999992, 0.9179692932220942
1.000000000000003, 1.0444777956536577
1.0000000000000007, 0.935302999292796
0.9999999999999981, 1.0298297825353655
0.9999999999999981, 0.9238874579060751
0.9999999999999993, 1.0798092211767925
0.9999999999999991, 0.987653557071678
1.0000000000000033, 1.0330667331047194
0.9999999999999997, 1.005714427682376
1.000000000000004, 0.9808009082908983
0.9999999999999989, 0.9726924886061995
0.999999999999999, 1.0111226064995011
1.000000000000002, 1.0022397233003737
1.0000000000000004, 1.040752245859953
1.0000000000000029, 1.0156306207822121
1.0000000000000002, 0.9788696871273791
0.9999999999999998, 1.0004891823056816
0.999999999999998, 0.995810360786025
0.999999999999998, 1.0490056818372298
0.9999999999999948, 1.0538203499366963
1.0, 0.9512503181456136
1.0000000000000038, 1.0875802826095535
0.9999999999999992, 0.9499840582594686
0.999999999999998, 0.9941095681550691
0.9999999999999986, 1.0395085181724784
0.9999999999999991, 1.031746993616204
1.0, 1.0700729771482251
1.0000000000000009, 0.9752786964703452
0.9999999999999987, 1.0679752192086105
0.9999999999999971, 1.0214047055686089
0.9999999999999992, 1.0462473687081708
0.9999999999999944, 0.9069385781497167
1.0000000000000002, 0.9791417089780986
1.0000000000000038, 0.9476134101561923
1.0, 1.0171975673139462
0.9999999999999999, 0.9997252935106274
0.9999999999999972, 0.9737770664421549
0.999999999999996, 1.0270514287051842
1.0000000000000036, 1.022110574609958
1.0000000000000016, 0.9592848278333445
0.9999999999999987, 1.0464648570595558
1.000000000000001, 1.052603447796773
1.0000000000000016, 0.9792128790148582
1.0000000000000004, 1.0150977270555275
1.0000000000000022, 0.9749901307357071
0.999999999999999, 0.9769672578880603
1.0000000000000002, 1.0466074760941917
0.9999999999999936, 0.9722448902222242
1.000000000000002, 1.0114227759026513
0.9999999999999972, 0.9315072362387478
1.000000000000003, 0.9963671098258694
0.999999999999998, 1.0005808086071635
1.0000000000000004, 0.9913449938249895
1.0000000000000004, 1.0189397959819924
0.9999999999999967, 0.9943970487362601
0.9999999999999999, 0.9568284237161836
1.0000000000000013, 1.0066699282943323
1.0000000000000047, 1.0113304971539119
1.0000000000000018, 1.0558224373183767
0.9999999999999944, 0.9501031739054081
1.0000000000000009, 0.9821863076443674
1.0000000000000007, 0.9819447800538517
0.9999999999999997, 0.9747726940213987
0.9999999999999968, 0.997403094688673
1.0000000000000013, 1.099129647710643
1.000000000000001, 1.0500488505566767
1.0000000000000004, 0.959683171233767
0.9999999999999982, 1.08062265495026
0.9999999999999992, 0.9003616373344296
0.9999999999999967, 0.9498797153624459
0.9999999999999994, 1.0321131453140813
1.000000000000002, 1.031859190100475
1.000000000000004, 0.973680300168095
0.9999999999999991, 0.9210943242663634
1.000000000000003, 0.983420084727091
1.0000000000000007, 1.0058280713166874
1.0000000000000002, 0.9295382911333234
1.0000000000000022, 0.8927889407220005
0.9999999999999993, 1.0019480133620042
0.9999999999999982, 0.9855199652068927
0.999999999999998, 1.0641030422383262
1.0000000000000007, 1.0028290348860023
0.999999999999995, 0.9407740802059226
0.9999999999999978, 1.040870842567335
1.0000000000000033, 1.0798925010469043
1.000000000000003, 0.9176048785862791
0.9999999999999974, 1.0252396618343107
1.0000000000000033, 1.0019173695414871
0.9999999999999991, 0.9616844099762913
1.0000000000000047, 1.045483093360445
0.9999999999999989, 0.9767415599543108
1.0000000000000009, 0.9787153307696431
0.9999999999999956, 1.0222198609230118
1.0000000000000027, 0.9838599506977069
0.9999999999999998, 0.9334887889815485
1.0000000000000016, 0.9479981865885043
1.000000000000002, 0.9894842522917073
1.0000000000000024, 1.0311240466768015
0.9999999999999993, 0.9973647505252772
1.0000000000000004, 0.9748847153497009
0.9999999999999987, 1.0167586222593445
1.0000000000000016, 1.031739492368038
1.000000000000001, 1.0340860227845126
0.9999999999999997, 1.0713429556900307
1.0000000000000024, 1.0096741959066753
0.9999999999999973, 0.9693148868801988
1.0000000000000024, 0.975546253789761
1.0, 1.0335213923064486
1.0000000000000029, 0.9798520688142905
1.0, 0.942032339015763
1.0, 1.0234482387991637
1.0000000000000002, 0.9775729017203473
1.0000000000000013, 1.0014209530582547
1.0000000000000007, 1.0540082792223286
0.9999999999999993, 1.015888251658259
1.000000000000001, 0.997495035708869
0.9999999999999969, 0.9217238899258365
1.0000000000000024, 1.0403517059226683
0.9999999999999992, 0.9677195860373091
1.0000000000000033, 1.0515923176740913
1.0000000000000009, 1.0092647630941205
1.000000000000002, 1.0147178596266224
0.9999999999999974, 1.002400814368026
1.0000000000000007, 1.0365330429121367
1.0000000000000018, 0.9942150378261531
1.0000000000000007, 1.0433929008655165
1.0000000000000049, 1.03512115638867
0.9999999999999986, 0.9482907439654967
0.9999999999999987, 0.9949264842528757
1.0000000000000024, 1.080181649979494
0.9999999999999994, 0.9387711207356584
0.9999999999999986, 1.0082078056515928
1.0, 1.0265811832678067
0.9999999999999964, 1.025044510074828
0.9999999999999983, 1.0529654204352739
1.0000000000000016, 0.9747031010877648
1.0000000000000024, 0.9893269578286249
0.9999999999999994, 1.0324556311519175
0.9999999999999994, 0.9792356555042502
1.0000000000000007, 0.9690871793359718
1.0, 1.0458212195081613
1.0000000000000004, 1.0848710181266485
1.0000000000000016, 0.9565573612717906
1.0000000000000036, 0.9983466468650363
0.9999999999999986, 1.0091524748476624
1.0000000000000016, 1.0002704216979585
0.9999999999999984, 0.9333326452531617
0.9999999999999982, 0.9651622658161154
1.0000000000000013, 1.0258234208261205
1.0000000000000007, 1.0774225106764004
0.9999999999999974, 0.9836307414608338
0.9999999999999984, 0.9247282702211461
1.0000000000000022, 1.032412247262042
1.0000000000000029, 0.9712764625444076
1.0000000000000002, 0.9940873445569464
1.0000000000000007, 0.9906769813646683
0.9999999999999983, 0.9940424870598206
0.9999999999999982, 1.0148458739816808
1.0000000000000002, 0.9890433923243646
0.999999999999998, 0.9464971794495473
0.9999999999999989, 0.9745974684967393
1.000000000000001, 0.9969665520437375
1.000000000000002, 1.0217631896985717
0.9999999999999998, 0.9687824259970318
0.9999999999999994, 0.9585466835175327
1.000000000000001, 1.0221176265447098
0.9999999999999991, 1.0389886842093412
0.9999999999999983, 0.902884118925833
1.0000000000000002, 1.0297543861413048
0.9999999999999992, 0.9888369592914734
0.9999999999999977, 0.947112573825022
0.9999999999999989, 1.0202601163435518
1.000000000000004, 1.0454537992706114
0.9999999999999958, 1.0350611450750518
1.0000000000000002, 0.9871119598237275
0.999999999999999, 1.002880665612923
0.9999999999999977, 1.0067664674774237
0.9999999999999999, 0.9132375366807217
1.0000000000000029, 1.0078897729474696
0.9999999999999998, 1.0189279889490934
0.9999999999999971, 0.9772098680415826
1.0000000000000013, 1.0247238677683597
1.0000000000000007, 1.0338857168259334
0.9999999999999997, 0.9525471744507203
0.9999999999999984, 0.9826014027923922
1.0000000000000013, 1.0444601044919977
1.000000000000002, 1.0258605194067267
1.0000000000000004, 0.9943595459203217
1.0000000000000002, 0.9898267803274702
1.000000000000001, 0.9288536812358233
1.0000000000000004, 0.9967444284081965
1.0000000000000004, 0.9991729857674608
1.0000000000000013, 0.986057299156097
1.0000000000000002, 0.9648670528001673
0.9999999999999964, 0.9611731442837652
0.9999999999999998, 0.9974066361987783
0.9999999999999992, 1.0928381765178232
1.000000000000003, 0.9868889945154148
1.0000000000000022, 0.9558250511933908
0.9999999999999931, 0.9964580695946708
1.0000000000000016, 1.0348239505071206
0.9999999999999974, 1.006421688251369
0.9999999999999999, 1.033019078046559
0.9999999999999987, 1.0608808157933587
0.9999999999999984, 0.9672292788902164
0.9999999999999999, 0.9347261433676654
1.0000000000000002, 1.009721676742532
1.0000000000000049, 1.0494247075088226
0.9999999999999976, 0.9667617198536268
0.9999999999999987, 0.9636673548781751
0.999999999999994, 1.0545349855075554
1.0000000000000036, 1.0565084464197596
1.0000000000000004, 1.0273805463034797
1.0000000000000044, 1.0175719832879948
0.9999999999999977, 1.0277488948817064
1.0000000000000022, 0.9764985801468783
0.9999999999999987, 1.0015492737011762
1.0, 0.9588017394284364
0.9999999999999984, 0.9761080597889742
0.9999999999999998, 1.0419941706226257
0.9999999999999987, 0.9828474560816548
0.9999999999999983, 0.900838705352875
1.000000000000001, 0.9997561376420884
0.9999999999999971, 1.046165585883251
0.999999999999996, 0.9986844808205121
0.9999999999999994, 0.9532281692651771
0.9999999999999989, 1.0026925968565017
1.0000000000000004, 1.056786044766761
0.9999999999999991, 1.0574413305174866
0.9999999999999941, 0.982576332082209
0.9999999999999963, 0.9617949203590146
0.9999999999999971, 1.010188819210623
0.9999999999999956, 1.081387693944762
1.0000000000000004, 0.9709195488449276
0.9999999999999993, 1.0263711522781456
0.9999999999999977, 0.9695257397447513
1.0000000000000013, 0.969864231539753
0.9999999999999986, 0.9522487603686866
1.0000000000000036, 0.9880045713946832
0.9999999999999973, 1.0346379973117892
1.000000000000004, 1.0973480363717347
1.0000000000000009, 0.9947098573542531
0.9999999999999998, 0.9583313545898013
1.0000000000000013, 0.9536718436331206
0.9999999999999992, 0.9641895694354159
0.9999999999999994, 1.0155446903391177
0.9999999999999982, 0.8989754120308998
1.0000000000000044, 1.0841106125178788
1.0000000000000002, 1.0373507741997312
1.0000000000000027, 0.9670533019012381
1.0000000000000022, 1.0045850318854888
0.9999999999999967, 0.9484384702401509
0.9999999999999964, 1.0151800437482694
1.0000000000000004, 1.0196654040251765
0.9999999999999993, 1.016090727109736
1.0000000000000027, 1.0005499806240088
0.9999999999999998, 1.0248817095715468
1.0000000000000036, 1.0437671244997608
1.0000000000000002, 1.068401431741166
0.9999999999999976, 1.0991741054391821
0.9999999999999981, 1.0129680532084369
0.9999999999999998, 0.9315997763772027
1.0000000000000002, 1.0090740683977573
1.0000000000000004, 0.909252982952187
1.0000000000000007, 1.0519809084640568
1.0000000000000002, 0.9135613818584839
0.999999999999999, 1.0149815819387973
0.9999999999999999, 1.003323514494831
0.9999999999999972, 1.0070445323893205
0.9999999999999984, 0.9960017886547091
1.000000000000003, 1.0382449917635648
1.000000000000002, 0.9721280284907171
0.9999999999999984, 1.0324126983176318
0.9999999999999967, 1.0101542697827919
1.0000000000000002, 0.9374937703993151
0.9999999999999989, 1.0275978953153213
1.0000000000000002, 0.9478144895326245
1.000000000000002, 1.0065170254365232
1.0000000000000009, 1.1421351988146644
1.0000000000000016, 1.0051477379763807
0.9999999999999989, 1.0486534682441329
0.9999999999999956, 1.0201043289227765
0.9999999999999987, 1.115722879702895
0.9999999999999977, 0.9185876408156712
1.0000000000000036, 1.0072543437422077
1.000000000000002, 0.9686761069718313
1.0000000000000007, 0.9551710580232068
1.000000000000003, 0.9297234318229303
0.9999999999999958, 1.0085290808892846
0.9999999999999992, 1.009777212031576
0.9999999999999968, 1.0224620900471093
1.0000000000000009, 0.9965684619213474
1.0, 1.0059685744688889
0.9999999999999964, 0.9155764215192571
1.0000000000000002, 0.9543254169739374
0.9999999999999983, 1.0637166104792999
0.999999999999999, 0.9686876827674773
0.9999999999999999, 1.0013892659713806
1.0000000000000038, 0.9620989265679223
0.9999999999999998, 0.9610677433148965
1.0000000000000038, 1.029878867900678
0.9999999999999963, 0.9476562260263321
1.000000000000002, 1.0828434630457997
0.9999999999999987, 0.9132281779091789
0.9999999999999992, 1.0000761455441258
0.9999999999999994, 1.0118942711178196
1.0000000000000018, 0.9707161479707963
1.0000000000000002, 0.9915056019078089
1.0000000000000013, 0.9923669941341497
0.9999999999999992, 0.9822306559138747
0.9999999999999966, 1.0037587113595818
0.9999999999999952, 0.9940374542996405
1.0000000000000024, 0.9790841165669515
1.000000000000001, 1.0153369880441714
0.9999999999999999, 0.9707747969449595
0.9999999999999997, 0.912745235669773
1.000000000000001, 1.0272751240149918
0.9999999999999967, 0.9278348929972801
1.0000000000000029, 1.00378219024946
1.0000000000000029, 1.0423373357871082
1.0000000000000016, 1.0282256850696314
1.000000000000003, 1.0113754583355203
0.9999999999999933, 1.0344721795103216
1.0000000000000013, 1.0586149148822082
1.0000000000000002, 1.0146320177305206
0.9999999999999991, 1.0672824590721377
1.000000000000002, 1.031075085518243
0.9999999999999992, 0.9230407610203005
1.000000000000003, 1.0367409241064114
1.0000000000000013, 1.0250218541044012
0.999999999999999, 1.0049915524010828
0.999999999999998, 0.9962869831639893
1.0000000000000049, 1.0826308626750751
0.9999999999999987, 1.047222721692104
1.000000000000002, 0.9778509136900423
1.0000000000000007, 0.942330726456609
0.9999999999999984, 0.9966385645635831
1.0000000000000013, 1.0273274812669324
0.9999999999999998, 0.9877119002194571
0.9999999999999981, 1.0836918088675482
1.000000000000003, 0.995056356710589
0.9999999999999991, 0.9707982836192308
0.9999999999999984, 1.0447945665278797
1.0000000000000009, 0.9770216193561863
1.0000000000000047, 1.0060829940909992
1.0000000000000007, 0.9453807183154207
1.0, 1.0239403146845487
0.999999999999998, 0.9721382506406304
1.0000000000000009, 1.0004238584416907
0.999999999999996, 0.9726918576362495
0.9999999999999982, 0.9182076241822088
1.0000000000000016, 1.0479349518177892
1.0000000000000027, 0.9534035847556077
0.9999999999999991, 0.9812279198120272
0.9999999999999922, 1.0099139304492875
0.9999999999999993, 1.0298972778070996
0.999999999999998, 1.0575849170398293
1.000000000000002, 1.0122109474292358
0.999999999999996, 1.0007218949562893
1.0000000000000004, 1.0414653167205818
1.0000000000000033, 0.9902911666225904
0.9999999999999999, 0.9428802844941692
0.9999999999999991, 1.040122275065231
1.000000000000001, 1.0530507063960934
0.9999999999999984, 1.026666816651411
1.0000000000000024, 1.0185721042857527
1.000000000000002, 0.9917357358309598
1.0000000000000004, 0.9940146718352859
1.0000000000000002, 1.032957816756581
1.0000000000000033, 0.9921174303983968
1.0000000000000022, 0.9711701533019504
1.0, 1.02593334914366
0.999999999999996, 0.9382792966833109
0.9999999999999981, 0.9062854744881043
1.0000000000000004, 0.8964109455695614
1.0000000000000022, 0.9948485216048859
1.0000000000000002, 1.0102401162539039
1.0000000000000002, 0.9282522492571782
0.9999999999999967, 0.9502567815497077
1.0000000000000004, 1.060175294807165
0.9999999999999948, 0.9836784291515351
1.0000000000000029, 1.0399612329301398
0.9999999999999972, 0.9711961718249542
0.9999999999999992, 0.9845441521971142
0.9999999999999981, 0.9966806814588183
0.9999999999999999, 0.997944633324755
1.000000000000001, 1.0249028470180812
1.0000000000000002, 1.0174095968654728
0.9999999999999973, 0.980796892162628
1.0000000000000016, 0.9925113858132232
1.0000000000000027, 0.9843903801738964
0.9999999999999958, 1.0484150018600158
0.9999999999999976, 1.0262149421934936
1.0000000000000007, 0.9664803117672676
0.9999999999999954, 1.0394068776270553
0.9999999999999977, 0.990131057118455
0.9999999999999991, 1.0129638232365004
1.0000000000000027, 0.9945867691426702
1.0000000000000004, 1.0273652724637001
1.0000000000000038, 0.9888050868913506
1.0000000000000036, 0.984207195725778
1.0000000000000002, 1.0223280808205608
0.9999999999999998, 1.0110314130385343
0.9999999999999997, 0.988620188105427
1.0000000000000013, 0.9755832119591573
1.0000000000000013, 0.9489215227500823
1.0000000000000018, 1.0260676817149923
0.9999999999999989, 1.041387945050075
0.9999999999999984, 0.9959932114474283
1.000000000000001, 0.9529488782736026
1.0000000000000033, 1.0346727165181349
0.999999999999996, 0.9305727989702476
0.9999999999999991, 0.9294726091295888
1.0000000000000009, 1.0054552250042703
0.9999999999999991, 1.0107671538180076
1.0000000000000004, 1.0433799168024065
0.9999999999999983, 1.0266371124652163
0.9999999999999992, 0.9865325215243912
0.9999999999999959, 1.0327014235648395
1.0000000000000004, 0.975763422934295
0.9999999999999971, 1.03271050523986
0.9999999999999999, 1.0478552559296483
0.9999999999999992, 0.9656649875513919
1.0000000000000027, 1.0129880235177648
0.9999999999999957, 1.0471981555628944
1.0000000000000036, 1.0745397542313682
1.000000000000001, 1.001629530206728
1.0000000000000018, 0.9594621706267892
1.000000000000002, 0.9945614402601238
0.9999999999999972, 1.040964762439357
1.0, 1.0254682059287201
0.9999999999999978, 0.9866313639049873
1.0000000000000058, 0.9798835362462304
1.0000000000000036, 1.0610256121068042
1.000000000000001, 0.9774774668169754
1.0000000000000044, 1.0714874402941783
0.9999999999999993, 0.969004142927266
1.0000000000000018, 1.06513279565093
1.0000000000000007, 1.0062537945640715
0.9999999999999973, 1.0366141518499183
1.000000000000002, 1.0635875975243572
1.0000000000000002, 1.0237279435323587
1.0000000000000002, 0.9840987902218191
1.0000000000000007, 0.9866866874205084
0.9999999999999982, 0.9984273012891879
0.9999999999999993, 0.9837224578645627
0.9999999999999992, 0.9969882592036746
0.9999999999999993, 0.9345076795544327
0.999999999999999, 1.0131971480046753
0.9999999999999989, 1.0532941801308269
0.9999999999999973, 1.032431893708511
0.9999999999999974, 1.0065380153528545
1.0000000000000029, 0.9557335844850324
1.0000000000000002, 1.0190857484151892
1.0000000000000022, 1.0906651585656597
1.0000000000000018, 0.9762333549196112
0.9999999999999952, 1.0036045740186514
1.000000000000003, 0.9825130930550986
1.0000000000000033, 1.0097523803120108
0.9999999999999997, 1.0088495981498908
0.9999999999999973, 0.9944160560242639
1.0000000000000007, 1.0088653517865347
0.9999999999999997, 1.0050891758945522
0.9999999999999983, 1.0096395997785081
1.0000000000000013, 1.0741613231779787
1.0000000000000004, 1.0136521606282223
0.9999999999999993, 0.9806442211281299
1.0000000000000027, 1.047373566571527
1.0000000000000038, 0.9919235775354809
1.0000000000000022, 0.9830427777011854
0.9999999999999983, 1.042553376468218
1.0000000000000007, 1.0920058184067767
1.0000000000000027, 1.0030115658828587
1.0000000000000029, 1.0456670592676267
0.9999999999999978, 1.024169532319778
0.9999999999999997, 0.9374456114758762
0.9999999999999994, 0.9976541575163855
0.9999999999999971, 1.0162100048298446
1.0000000000000013, 1.0478057934608818
0.9999999999999999, 0.943035557709588
1.0000000000000013, 1.0043651662483053
0.999999999999999, 0.9831148207599706
1.0000000000000036, 1.017376675461688
1.0000000000000042, 1.0131972892503942
1.0000000000000036, 1.0148222528199493
0.9999999999999982, 1.0269984764742017
1.0000000000000016, 0.9716662140983602
1.0000000000000013, 0.9695011851943223
0.9999999999999998, 1.0077086201568892
0.9999999999999977, 1.0094349212283535
0.9999999999999998, 1.0180907823159504
1.0000000000000029, 0.9951332613974826
1.0000000000000007, 0.9853240832644776
1.0, 1.0210015103383183
1.0000000000000013, 1.0048351949371503
0.9999999999999986, 0.9920297131965818
1.0000000000000042, 0.9983945112057845
1.0000000000000002, 0.8848935401767362
0.9999999999999977, 1.0375236589431314
0.999999999999998, 1.086238243418402
0.9999999999999967, 1.016504738690567
1.0000000000000062, 1.0196559125816482
1.0000000000000038, 1.0035757343241727
0.9999999999999994, 1.1048073644007006
1.0000000000000042, 1.0588254517753708
1.000000000000004, 1.074989015313561
1.0000000000000018, 1.0576584865557848
0.9999999999999968, 0.9365896433021719
0.9999999999999964, 0.9995511777162982
0.9999999999999958, 0.989941173162192
1.0000000000000007, 0.9893251611728997
1.0000000000000007, 0.9939212241276214
1.0000000000000022, 0.9551171728596652
1.0000000000000018, 1.003782581628027
0.9999999999999966, 1.0137991063368563
1.0000000000000004, 1.0847668035811486
1.000000000000001, 0.9524457474025251
1.000000000000004, 0.9866189605975532
1.0000000000000007, 0.9906742522597011
0.9999999999999987, 0.9650979505931785
0.9999999999999987, 1.033601321166659
0.9999999999999986, 0.930956610849263
1.0000000000000033, 1.0098029774885577
0.9999999999999961, 1.0127216755883823
0.9999999999999974, 1.0002332956038804
1.0000000000000044, 0.9592469858126472
0.9999999999999943, 1.0096149580776617
0.9999999999999981, 0.9797703958182177
1.0000000000000004, 0.9885548376350909
1.0000000000000004, 1.0239583736555118
0.999999999999999, 0.9921665840186905
0.9999999999999947, 1.0158154237591532
1.0000000000000013, 1.0907325105768437
0.9999999999999973, 1.0249976245475774
1.0000000000000018, 0.959200476371143
0.999999999999998, 0.9926060028468866
1.000000000000001, 0.9467268541709707
0.9999999999999956, 1.0605565889668942
1.0, 0.9586647086796397
1.0000000000000044, 0.9629557960690242
1.0000000000000004, 0.9679062449985822
0.9999999999999994, 1.048193234740567
1.0000000000000038, 0.9957057513488791
1.0000000000000024, 0.9655936091438836
1.0000000000000007, 1.033241333598708
1.0000000000000007, 0.9957087472958308
1.000000000000005, 1.053155383217816
0.9999999999999966, 1.0024127082886036
0.9999999999999994, 0.9529923468629881
0.9999999999999997, 0.98057237261833
1.0000000000000044, 1.0306368672278765
1.000000000000001, 1.002996270803425
0.9999999999999987, 1.0670961584520133
0.999999999999999, 1.0447995921236646
0.9999999999999978, 0.9789161176288024
0.9999999999999951, 0.9664598098016042
1.0000000000000022, 0.9806138145035168
0.9999999999999981, 0.9917803703267755
0.999999999999999, 0.957631049205482
1.0000000000000013, 0.9698918376963029
0.9999999999999983, 1.0219160084755303
1.0, 0.9958020587904132
1.0000000000000036, 1.0126856942233449
1.000000000000002, 0.9931827894505851
1.0000000000000007, 0.9331573884073834
1.000000000000002, 0.9489440106331724
1.0000000000000022, 0.9762432283204069
1.0000000000000007, 1.0041321893319137
1.0000000000000002, 1.0356269568321983
0.9999999999999989, 1.0425113786980529
0.9999999999999997, 0.9492679316908708
0.9999999999999977, 1.0294005897160712
1.0000000000000007, 1.0873684401288914
0.9999999999999983, 0.9263498844391462
0.9999999999999999, 1.0208480108681524
1.0000000000000007, 0.9596254545767092
0.9999999999999993, 1.0281838545907678
1.000000000000002, 1.0057683629214462
1.0000000000000002, 1.0040618842313906
0.9999999999999994, 1.0231814914751645
1.0, 1.0386862207162466
0.9999999999999969, 1.0495220052479948
1.000000000000002, 1.0330012203736003
1.0000000000000004, 0.9974071851407984
1.0000000000000007, 1.0237741286102195
0.9999999999999984, 0.9510395811356239
0.9999999999999976, 1.0001495693480573
1.0000000000000016, 1.0449868088267864
0.9999999999999964, 1.0249669885528878
1.0000000000000009, 1.0313992680561697
1.0000000000000022, 1.0344979953037814
1.000000000000002, 0.9959663890955204
1.0000000000000027, 1.0286262072288912
1.0000000000000002, 1.0429179930223027
0.9999999999999992, 0.9552443517602418
1.000000000000002, 1.0875653600320399
1.000000000000001, 1.082842054490234
1.0000000000000009, 0.9742610787107736
0.999999999999999, 0.9640678039231309
0.9999999999999982, 1.0598276601640184
