ATE real, ATE estimado
0.9999999999999968, 0.9584871474353143
1.0000000000000004, 1.090128664562436
1.000000000000002, 1.030120264154859
1.000000000000001, 1.0086740527338642
0.9999999999999984, 0.9885309766119698
0.9999999999999978, 1.0467358601589232
0.9999999999999997, 0.9245768256078979
0.9999999999999958, 1.0633910065659546
0.9999999999999983, 0.9914925880751104
1.0000000000000027, 1.0444845827399876
1.0000000000000022, 1.0031108452520272
1.0000000000000018, 0.9655041411690458
1.0000000000000042, 1.0683799295033125
1.0000000000000016, 0.9637656803065154
0.9999999999999973, 1.0010206206435095
0.9999999999999992, 0.9709757538739602
0.9999999999999978, 1.0231336903825683
1.0000000000000002, 0.9641978510987185
1.0000000000000018, 1.0038666859247665
0.9999999999999981, 0.9859133201226751
1.000000000000001, 1.0539386524059193
1.0000000000000007, 0.8992062936724964
0.9999999999999997, 1.0218791153770712
1.0000000000000007, 0.9661719928010892
0.9999999999999961, 1.0425285078239233
0.9999999999999993, 0.9782297994394664
0.9999999999999984, 1.0088096559169708
1.000000000000001, 0.9805231799381131
0.9999999999999988, 1.0254507414800744
1.0000000000000004, 1.0323598550063455
0.9999999999999988, 1.0320682123513172
1.0000000000000033, 1.0520030559873
1.000000000000001, 0.9904855984160655
1.0000000000000002, 0.976944183333516
1.000000000000002, 1.0174470905602089
0.9999999999999996, 1.0632525611088144
1.0000000000000033, 1.0041920901187373
0.9999999999999988, 1.0734292887610026
1.0, 1.0325453338911839
1.0, 0.9639083507452014
0.9999999999999984, 0.969205063807504
1.0000000000000022, 0.9782031159690698
0.9999999999999977, 0.9669651720010629
1.0000000000000007, 1.0211514262488144
0.999999999999998, 1.0114732153978476
1.0000000000000002, 1.0539131579148724
1.0000000000000016, 0.9191701756246582
1.0000000000000009, 1.0052229341106338
1.0000000000000024, 0.9896987288063193
0.9999999999999991, 0.9512687694181523
1.0000000000000024, 0.9748593068649708
1.0, 1.035754379983345
1.0000000000000007, 0.9770668220682589
1.0000000000000022, 1.0549773712086705
0.9999999999999972, 0.9885578409130303
1.0000000000000004, 1.0242878474600814
1.0000000000000018, 0.9396548015747996
0.9999999999999966, 1.0619966427821406
0.9999999999999986, 1.093676388011973
0.9999999999999997, 1.034446244219887
0.9999999999999981, 0.9568535662918426
1.0000000000000002, 1.074754949909456
1.0000000000000022, 1.012831910014322
1.0000000000000022, 0.9837356850332868
1.0000000000000029, 0.9870288402812181
1.0000000000000044, 0.9475184082153103
0.999999999999998, 1.0882372248184504
1.000000000000003, 1.0030347157684052
0.9999999999999991, 0.9078835762223236
1.000000000000002, 1.0689438133320788
1.0000000000000002, 0.95810883890842
1.0000000000000022, 1.0205030102862571
0.9999999999999991, 1.046329990027507
0.9999999999999991, 1.012578366231591
1.0000000000000009, 0.9923048421888389
1.0, 0.9091947752144001
0.9999999999999984, 1.0583663265053431
0.9999999999999991, 1.0312696004063002
1.0000000000000027, 1.0236576668048152
0.9999999999999983, 0.9734861392181856
0.9999999999999969, 1.015627338522115
1.0000000000000024, 1.0897254516204207
0.9999999999999992, 1.0161866205372532
1.0000000000000004, 1.026217107044236
0.9999999999999984, 0.9408641417545135
0.9999999999999991, 0.8874905824358972
1.0000000000000016, 0.990496163208043
0.9999999999999964, 0.9799645695012731
1.0000000000000022, 0.9816494196986376
0.9999999999999966, 0.9394230344915854
0.9999999999999963, 0.9789602111936595
1.0000000000000004, 0.9497746829639577
1.0000000000000002, 1.0523652360455642
1.0000000000000009, 1.0083380942425784
1.0000000000000013, 1.0134394897011356
0.9999999999999971, 0.995653542266993
1.0000000000000027, 0.9657547721602393
1.0000000000000013, 0.9585088066476227
1.0000000000000029, 1.012840542832516
0.9999999999999991, 1.0181751028128814
1.0000000000000007, 1.007763352843289
0.9999999999999971, 1.0069224874864329
1.0000000000000018, 0.99702656310044
1.0000000000000029, 1.0567277866914153
0.9999999999999993, 0.9650638999228989
1.000000000000003, 0.9714727001683391
0.999999999999998, 1.0232287065239574
0.9999999999999993, 0.9241331964173718
1.000000000000002, 0.9877077942772329
0.9999999999999981, 1.009056455231255
1.0000000000000002, 1.0272821112273745
0.9999999999999981, 0.995793454820914
0.9999999999999993, 0.9372278884083222
0.9999999999999996, 0.9634020996195701
0.9999999999999971, 0.9264228073388979
0.9999999999999993, 1.019594871116828
1.000000000000006, 0.981633941257935
1.0000000000000013, 1.0948759445151117
1.0, 0.9574286797281697
0.999999999999996, 1.0054624721342977
1.0000000000000007, 1.0649136869395124
0.9999999999999986, 0.9683107995352164
1.0000000000000004, 1.0789119690327011
0.9999999999999993, 0.966635097644463
0.9999999999999996, 0.974671240932873
0.9999999999999977, 0.9449092576098315
0.9999999999999991, 1.0025893540287891
1.0000000000000009, 0.9022546499151238
0.9999999999999971, 0.9370751374590238
1.000000000000002, 1.0595326181335194
1.0000000000000033, 0.9222399640755642
0.9999999999999964, 1.0696883665937686
0.9999999999999996, 0.9830402517165736
0.9999999999999991, 0.9958356667188731
1.0000000000000016, 0.9656459833355584
0.9999999999999981, 1.041513644287919
1.0000000000000002, 0.9963375810644899
1.0000000000000002, 1.000589871966131
1.000000000000001, 0.9806375571796836
0.9999999999999992, 0.9495672332522551
1.0000000000000013, 1.105580807205923
1.0000000000000007, 0.9310088708428877
1.0000000000000002, 1.0157907380182043
0.9999999999999953, 1.033671458006764
1.0000000000000036, 0.9879460412752543
1.0000000000000004, 0.954402757525025
0.9999999999999983, 1.0045247512839504
0.9999999999999989, 1.0861268576330139
0.9999999999999981, 1.0601824482366609
0.9999999999999977, 0.9927991409840066
0.9999999999999946, 0.9887831347169328
0.9999999999999984, 0.9705450808171509
1.0000000000000022, 0.9910935513401142
0.9999999999999971, 0.9707256672535683
1.0000000000000027, 0.9700199141302536
1.0000000000000002, 0.9747770545822732
1.0000000000000029, 1.0940004256699938
0.9999999999999989, 0.9538350218813225
1.0000000000000038, 1.0253722465801591
1.0000000000000018, 1.0266839126747667
0.9999999999999968, 1.001059329798751
1.0000000000000013, 0.9656157543990556
0.9999999999999997, 1.019065475926042
1.0000000000000009, 1.0404816146578177
1.0000000000000024, 0.9353269812530762
1.0000000000000002, 1.0038172118954312
0.9999999999999984, 1.0803211937911892
0.9999999999999969, 0.9811476428271225
1.0000000000000009, 0.9551501771500271
1.0, 1.0096559533073555
0.9999999999999983, 0.9769334379929988
1.0000000000000007, 1.0200232935250382
1.0, 1.0827774545959281
1.0000000000000002, 1.0799359622319942
0.9999999999999977, 1.0486546790434854
1.0000000000000013, 0.9815327516810347
0.9999999999999986, 1.035936402380361
0.999999999999998, 1.0335200659493595
1.0, 1.0424116017598741
0.9999999999999984, 0.9237147117782896
1.0000000000000027, 1.0776592876043807
0.9999999999999986, 1.015193751656874
0.9999999999999986, 0.9462250419124518
1.000000000000004, 0.9406598059490537
0.9999999999999958, 1.002174064501014
0.9999999999999993, 0.9243502738440229
0.9999999999999983, 1.042299452308625
1.000000000000002, 1.0406764120486836
0.9999999999999999, 1.016591346532095
1.0000000000000016, 0.9650792849983959
1.0000000000000029, 0.9337021029131165
0.9999999999999968, 1.0105655169318488
1.0000000000000016, 1.007461329248899
1.0000000000000022, 1.1454331672797333
0.9999999999999968, 0.9244620409907299
1.0000000000000022, 1.0054735162667519
1.0000000000000018, 0.9585737177588787
1.0000000000000004, 1.024164070543239
0.999999999999998, 0.9857606954632621
1.0000000000000016, 1.0183784383531997
0.9999999999999996, 1.0841960507287793
1.0000000000000013, 1.0939524755375853
0.9999999999999961, 1.0655217268855348
1.0000000000000013, 1.033039553498197
0.9999999999999964, 1.0529431473534303
1.0000000000000013, 1.0509415246318035
1.0000000000000033, 1.0163517282942025
0.9999999999999964, 1.0441648672809607
1.0000000000000033, 1.0057606545835476
0.9999999999999972, 0.9073354364965565
0.9999999999999973, 0.9906565569030894
0.9999999999999966, 0.994956313294824
1.0000000000000013, 0.9991071298644176
1.0000000000000013, 1.073255555737509
1.000000000000002, 1.0460200924484941
0.9999999999999992, 1.0223344965994607
1.0000000000000029, 0.9510006480664517
0.9999999999999983, 0.9967041362043381
1.0000000000000033, 1.097556277931397
1.0, 0.9838857992218786
1.0, 0.977706389959748
0.9999999999999997, 0.9685058657950854
0.999999999999998, 0.9786396770733059
0.9999999999999984, 1.080111956290631
0.9999999999999978, 1.0337617919028632
0.9999999999999991, 0.9293295436432316
0.9999999999999997, 1.0664046033312946
0.9999999999999963, 1.0354505318525633
1.0000000000000009, 0.9931997797359614
1.0000000000000016, 0.974824378200783
0.9999999999999996, 1.0131530250668848
1.0000000000000016, 1.0241546441113931
1.0000000000000018, 1.0272843784203847
1.0000000000000036, 1.0383733696861028
0.9999999999999978, 0.938667284737066
0.9999999999999968, 1.0424454832638401
0.9999999999999986, 1.0278858841756524
1.000000000000001, 0.9981802358996469
0.9999999999999981, 1.0451810172506948
1.0000000000000018, 1.0357988619384244
0.9999999999999988, 1.005103239445083
1.0000000000000047, 0.990968941492832
1.0000000000000018, 0.9966139252658366
1.0000000000000002, 0.9980460009875036
1.0000000000000038, 1.1021475697264564
1.0000000000000018, 0.9174222488245083
1.0, 0.9753043806718761
1.0000000000000007, 1.0522204075139803
0.9999999999999996, 0.9182434730316353
1.0000000000000033, 1.016870616404674
0.9999999999999988, 0.9366404722600955
0.9999999999999992, 0.9731044634698836
1.0000000000000033, 0.9678469250097697
1.0000000000000013, 1.0218244445539013
0.9999999999999971, 0.9788182840243793
0.9999999999999986, 0.9662052812762145
1.0000000000000022, 1.1183683167802938
1.0000000000000018, 1.0275769392582477
0.9999999999999964, 0.9600983038477262
0.9999999999999986, 1.014657737718607
1.0000000000000042, 0.9959035573722772
1.0000000000000009, 0.9757095273983073
0.999999999999998, 0.9407352197882913
0.9999999999999992, 0.9547136066816677
1.0, 1.1041966989966767
1.0000000000000013, 1.0258047275673332
0.9999999999999969, 1.00492708544494
0.9999999999999973, 1.00818615490668
0.9999999999999986, 1.0562451152671266
1.0000000000000002, 1.0216201260121873
1.0000000000000007, 0.9970409840833807
0.9999999999999993, 0.9293472716816706
1.0000000000000007, 0.932925725834262
1.0000000000000002, 0.9482188628659215
1.0000000000000022, 1.043972653027367
0.9999999999999969, 0.9784327749050156
1.0000000000000013, 0.9809868848905142
1.0000000000000013, 1.006610213931105
0.9999999999999989, 1.045003293647655
0.9999999999999993, 1.0146187425688804
0.9999999999999984, 0.9628843679288501
1.0000000000000002, 1.078316201951817
1.0000000000000002, 1.0473898418516676
0.9999999999999989, 0.9674361292199612
0.9999999999999983, 1.035270697045473
0.9999999999999993, 0.9606475842311608
1.0000000000000002, 1.0697661365662865
0.9999999999999996, 1.0520598648648312
0.9999999999999969, 1.0867305245094152
0.9999999999999973, 1.0937937612252806
0.9999999999999971, 0.9495271200099799
0.9999999999999989, 0.9989944267219374
0.9999999999999989, 0.9798551160532925
1.000000000000002, 0.9670474682154718
1.000000000000002, 1.0166671047922426
0.9999999999999981, 1.0715626871649664
1.0000000000000007, 0.9658052884060341
1.0000000000000024, 0.9703336625712585
0.9999999999999988, 0.9924496992010238
1.0000000000000013, 0.9648539197042533
1.000000000000002, 1.0244615295970823
0.9999999999999972, 1.0967076323512963
0.9999999999999988, 0.9774733321602747
1.0000000000000022, 0.9133096876254889
0.9999999999999988, 1.0347475374627735
1.0000000000000007, 0.9404161690965108
0.9999999999999991, 0.9723402498424817
0.9999999999999971, 1.0136001926942566
0.9999999999999996, 1.0269901528743928
1.000000000000001, 1.0162739085714556
0.9999999999999978, 1.004345318489125
1.0000000000000009, 0.9912300132041895
0.9999999999999986, 0.9931350094258726
1.0000000000000002, 1.0018087058009928
1.0000000000000002, 1.034143266265254
1.0000000000000013, 0.9025888376457037
1.0000000000000009, 1.0056430530536364
1.0000000000000002, 0.9063220454337505
0.9999999999999988, 1.003915366839869
1.000000000000002, 0.9799109153487223
0.9999999999999999, 0.89989620932941
1.0000000000000004, 0.9852426281965524
1.0000000000000024, 1.071162617978629
0.9999999999999993, 0.9387370423578401
1.0000000000000018, 0.9939861586951486
0.9999999999999989, 0.9682105157783418
0.9999999999999983, 0.9955182925996046
1.0000000000000007, 0.9422093594903473
1.0000000000000007, 0.9997455053695624
1.0000000000000024, 0.9638434835405308
1.0000000000000016, 1.0549847634944611
1.0000000000000013, 1.0831873073155474
1.000000000000002, 1.0455882572919526
1.0000000000000018, 1.0192301461310629
0.9999999999999988, 0.9790232235057227
1.0000000000000036, 0.961332502301459
1.0000000000000029, 1.0175094207208784
0.9999999999999989, 1.0215119049998655
1.0000000000000022, 0.9735668663300132
0.9999999999999964, 0.9989595311019681
1.0000000000000004, 1.0459313077039278
1.000000000000002, 0.9738298312765936
0.9999999999999989, 0.9693800108670343
0.9999999999999949, 1.0197320449468568
0.9999999999999986, 1.0339411803721301
0.9999999999999999, 1.0540448586939293
0.9999999999999957, 0.9744154699872063
1.0000000000000036, 1.0033303493964438
1.0000000000000027, 0.9592738265494141
1.0000000000000013, 1.0057083077145057
1.0000000000000013, 0.9329746755350987
1.0000000000000038, 1.035288184808222
0.9999999999999986, 0.9809100097064828
0.9999999999999997, 1.0621487945856818
0.9999999999999972, 1.045368868221938
1.0000000000000002, 1.033833208071415
1.0000000000000024, 1.0110600223538628
1.000000000000003, 0.9925066982184495
0.9999999999999968, 0.9741453918097467
1.000000000000001, 0.9070112794141374
1.0000000000000024, 0.9886974568596693
1.0000000000000013, 0.9097529339492002
1.0000000000000007, 0.9446497718561224
1.0000000000000004, 1.0170153376952586
1.0000000000000022, 0.9753844891402843
0.9999999999999986, 1.020387011730971
1.0000000000000024, 0.9590907304438796
0.9999999999999991, 0.9566566518646014
1.000000000000001, 1.0439904917777536
0.9999999999999976, 1.0461133845973665
1.0, 1.0141740857822064
0.9999999999999973, 1.0092503102233845
1.0000000000000002, 0.9779812448683955
0.9999999999999992, 0.9819463334723262
0.9999999999999988, 1.0187025567010992
1.0000000000000016, 1.0891722570231777
0.9999999999999963, 0.9881093888209389
0.9999999999999964, 0.9525404261330326
0.9999999999999952, 1.01299885378446
0.9999999999999992, 1.0592161690350823
0.9999999999999992, 0.9625463988576981
1.000000000000004, 0.9840323545766908
0.9999999999999981, 1.1139907693809092
1.000000000000002, 1.0736717337114945
0.9999999999999992, 1.0095149295575352
1.0000000000000007, 1.0030613776197235
0.9999999999999988, 1.061387121490457
0.9999999999999989, 0.9752379154938432
1.0000000000000036, 1.0295912412752284
1.0000000000000007, 0.9765926628242311
1.0, 1.0440260688844125
0.9999999999999989, 0.9708648518190555
0.999999999999998, 0.97040928009405
0.9999999999999978, 1.0460395371495843
0.9999999999999997, 0.9844352428951093
1.0000000000000013, 0.9867674109878027
1.0000000000000022, 0.9274452984654565
1.0000000000000018, 1.004842979156033
1.0000000000000002, 1.0076322970170721
1.0000000000000027, 1.0049343801712947
1.0000000000000024, 1.0486294374690805
0.9999999999999999, 0.9155454619261892
1.0000000000000022, 0.967358558291561
1.0000000000000018, 0.939978139086319
0.9999999999999946, 1.0436205998119197
0.999999999999998, 1.0139273375853075
0.9999999999999988, 1.1453527895531426
0.9999999999999999, 1.0054092710468292
1.0000000000000027, 1.0312979058316702
0.9999999999999997, 0.9674704846485935
1.0000000000000002, 1.0057957299671776
1.0000000000000033, 0.9960389392401396
1.0000000000000016, 1.0434732019904884
1.0000000000000009, 0.9191138869420807
1.0000000000000004, 1.0003935395668369
1.0, 0.9989665445648682
1.0, 0.968989996761243
1.0000000000000002, 1.0029268615950262
1.0, 1.0348919616336472
0.9999999999999984, 0.9777311644947112
0.9999999999999988, 0.9981071448066806
0.9999999999999996, 1.013414081494585
0.9999999999999992, 0.9760741700562379
1.0000000000000018, 0.9460413275145331
0.9999999999999991, 0.994529947568277
0.9999999999999976, 0.9272715437452971
0.9999999999999978, 0.9980751362970823
1.0000000000000029, 0.9961641281668172
1.0000000000000067, 1.0098408571137076
0.9999999999999984, 1.0212009534395972
1.0000000000000033, 1.0525267460155037
0.9999999999999984, 0.9598823622379211
1.0000000000000022, 0.9974221616993959
0.9999999999999978, 0.9673379035081753
1.0, 0.9692691706236293
0.9999999999999999, 0.9470572637825606
0.9999999999999992, 0.9812663916703384
1.0000000000000018, 1.0432866424037683
0.9999999999999958, 1.0319802480830091
1.0000000000000002, 1.0644207985381786
0.9999999999999972, 1.041012502321487
1.0000000000000002, 0.9829437720069923
0.9999999999999988, 1.0106843449104703
1.0000000000000013, 0.9933050267076649
0.9999999999999999, 0.9980211894369979
0.9999999999999992, 0.9864544958647118
0.9999999999999984, 0.9273838110752936
0.9999999999999989, 1.0052597501713567
0.9999999999999984, 1.014345756381554
0.9999999999999997, 1.0283057324224936
0.9999999999999991, 1.0646544245570366
0.9999999999999993, 1.0522989456893581
0.9999999999999997, 1.0117052096945187
1.0000000000000013, 1.041369499022966
1.0000000000000022, 1.0005942324688168
0.9999999999999986, 0.9938253095537046
0.9999999999999992, 0.9596613552106139
1.000000000000003, 1.027676502460948
1.000000000000001, 1.0231703549034485
1.0000000000000007, 1.009261512347123
0.9999999999999973, 1.0048619629826654
1.0000000000000018, 1.0212249815384555
1.0000000000000033, 0.9992387152515613
1.000000000000002, 1.0502300020029682
1.0000000000000013, 0.9735814475255493
0.9999999999999999, 0.9468372986503788
1.0, 1.0697264598849086
0.9999999999999973, 0.9824463589414456
1.0000000000000004, 0.9607680324379106
1.0, 0.9981825178724599
1.0000000000000022, 0.9277534318838385
0.9999999999999992, 1.0019069888836538
0.9999999999999992, 1.0384847030405373
0.9999999999999989, 1.0345478151541907
1.0000000000000064, 0.9633664443173936
1.0000000000000018, 0.9967744963965025
1.0000000000000044, 1.001017443943324
0.9999999999999958, 0.9598490646153611
1.0000000000000002, 0.9975999654160784
1.000000000000004, 1.044224512487366
1.0000000000000027, 0.976805595499191
1.0000000000000024, 1.015341114439086
1.0000000000000002, 0.9490461107988677
0.9999999999999992, 1.0132802818896842
0.9999999999999991, 1.0432525057451774
0.9999999999999991, 0.9099269089567934
1.0000000000000004, 1.0969319114779597
1.0000000000000009, 1.0346526945282677
1.0000000000000016, 1.0363884584569159
1.0000000000000013, 0.9579077001599055
1.0000000000000018, 0.9997536808833001
0.9999999999999983, 1.0625308586112774
0.9999999999999972, 1.0055125047570705
0.9999999999999989, 1.005112201339764
1.0000000000000013, 0.9822203421482445
1.0000000000000009, 0.9401458845456887
0.9999999999999976, 0.9997730930208448
1.0000000000000033, 1.0288379459174868
1.0000000000000018, 0.9951195396524148
0.9999999999999966, 0.9863219987349554
1.000000000000001, 0.8927112276229252
1.0000000000000018, 1.0827032506459005
1.000000000000001, 1.0197975656663025
1.0000000000000007, 0.9268323703129141
0.9999999999999976, 1.0143351556778182
1.0000000000000033, 1.0201475085659117
1.0000000000000022, 0.9932637835172856
0.9999999999999986, 0.9613602920801567
1.0000000000000002, 1.0358534638676709
1.0, 1.0573514901983037
0.9999999999999961, 1.0156593474980755
0.9999999999999992, 0.9949162507895276
0.9999999999999988, 0.9917269819329609
0.9999999999999938, 1.002574875882335
0.9999999999999983, 1.0040972825029584
1.0000000000000018, 1.0412624989540704
1.0000000000000018, 0.9583175330841823
0.9999999999999973, 1.011660696718065
1.0000000000000022, 0.9797651387595641
1.000000000000001, 0.9445462566509332
1.000000000000002, 0.9661750771388061
0.9999999999999999, 0.9597704949200561
1.0000000000000007, 1.0758119425544104
1.0000000000000016, 0.973533240730807
0.9999999999999997, 0.9165048542722563
0.9999999999999977, 0.9292042108962176
0.9999999999999992, 1.012628153806478
0.9999999999999999, 1.006158182429045
1.0000000000000002, 1.021684713694615
1.0000000000000038, 0.9771337707486843
1.0000000000000018, 0.9343675360282121
0.9999999999999973, 0.9478799103929578
0.9999999999999986, 1.004748729491747
0.9999999999999989, 0.9910544467535846
0.999999999999998, 1.0381453020720015
1.0000000000000042, 1.0116606113714313
1.0000000000000022, 0.9432659842205329
1.0000000000000013, 1.0537574238271172
1.0, 0.935986891708331
0.9999999999999992, 1.039415544693274
1.0000000000000004, 1.068804127663903
1.0000000000000002, 0.9679481968385624
1.0000000000000013, 1.0119143158120825
0.9999999999999997, 1.0389464443851064
1.0000000000000018, 0.9706636297698715
1.000000000000002, 0.9821519859572528
1.0000000000000004, 1.0027962789649316
0.9999999999999956, 0.9645891945769005
1.0000000000000018, 0.9975914039676302
1.0000000000000002, 0.9972315917236553
0.9999999999999961, 0.9868551970650534
0.9999999999999958, 0.9936887906883114
0.9999999999999989, 0.9871300232762222
1.0000000000000022, 0.9907658333963102
0.9999999999999976, 1.0445843714846799
0.9999999999999988, 1.0618115189074497
0.9999999999999988, 0.9112735903873901
0.9999999999999997, 0.9838422155602646
0.9999999999999993, 1.0228459443817206
0.9999999999999983, 0.9870415139665442
0.9999999999999961, 1.0458336476999752
1.0000000000000013, 0.8943509796968556
1.0000000000000018, 1.0344896465683342
0.9999999999999978, 0.9978299213565957
1.0000000000000013, 0.9822078227814567
0.9999999999999999, 1.1035517460381292
1.0000000000000024, 0.9865258331334208
1.0000000000000013, 1.0719686649432325
1.0000000000000018, 0.994650656730993
0.9999999999999973, 1.0230373786256304
1.0000000000000018, 1.002281035351035
0.9999999999999999, 0.9954803069458994
0.9999999999999989, 0.9771276701527201
1.0, 0.9227916570486423
0.9999999999999997, 1.0042633965860834
1.0000000000000022, 0.9836377420295368
0.9999999999999972, 1.0404471501265473
0.9999999999999992, 0.9929929937968404
1.0000000000000013, 1.000701995867369
1.0000000000000018, 1.0264745237772062
1.0000000000000004, 1.0524114171143446
0.9999999999999986, 1.0294542289729758
0.9999999999999988, 1.1181805440374102
0.999999999999998, 0.9568327133673897
1.0000000000000004, 0.9912160025130925
0.9999999999999983, 1.0484967112276613
1.0000000000000002, 0.9882648571418591
0.9999999999999956, 0.9133556456514893
0.9999999999999986, 0.946786778406684
0.9999999999999992, 0.9599697739463843
1.0000000000000029, 1.0160192555427898
1.0000000000000007, 1.0194806020222407
1.0, 0.9776269910192822
0.9999999999999956, 1.0544025904349938
1.0000000000000002, 1.053346856418617
0.9999999999999999, 0.9440929665657973
1.0000000000000018, 1.0019370810489452
0.9999999999999976, 1.0015744107726796
0.9999999999999986, 1.0608905382196538
1.0000000000000002, 1.1053521548952019
1.0000000000000024, 0.9662288420497154
0.9999999999999981, 0.9685896197919972
1.0000000000000002, 1.0358196951511545
1.0000000000000016, 0.9806542615373209
1.0000000000000002, 0.9856562799045493
0.9999999999999956, 0.9768875633867597
1.0000000000000027, 0.9820649840104649
1.0000000000000013, 0.9699752960622207
1.0000000000000013, 0.9892557230223733
0.9999999999999977, 0.9956940354841711
1.000000000000001, 1.0151392917807167
0.9999999999999973, 0.9945552022443147
0.9999999999999993, 0.9912813419107563
0.9999999999999997, 0.9724955255821551
0.9999999999999996, 0.977227647779016
0.9999999999999948, 0.9667186129910561
0.9999999999999997, 1.0132551571961341
0.9999999999999999, 0.9651706698422643
0.9999999999999992, 0.9842035238588139
0.9999999999999976, 1.0643122910165594
1.0000000000000044, 0.9907794672000853
1.0000000000000013, 0.9963193911913252
0.9999999999999966, 1.0075825959960105
0.9999999999999996, 1.0073136602340806
0.9999999999999999, 0.977733722617815
0.9999999999999972, 0.9625586328279404
1.0000000000000007, 0.9478422419541481
0.9999999999999986, 1.045143349058977
0.9999999999999969, 0.973777632251849
1.0000000000000002, 1.017573100170242
0.9999999999999991, 1.0329592890989305
0.9999999999999966, 1.1014161238404898
0.9999999999999991, 1.0371451394088647
0.9999999999999993, 1.0164039225931985
1.0000000000000013, 0.993011214231416
1.000000000000001, 0.9776077995321555
1.0000000000000004, 0.8891253135034621
1.0000000000000044, 0.9346329851410753
0.999999999999996, 1.0261864290013534
0.9999999999999983, 1.027400147683098
0.9999999999999993, 0.9540423675468079
1.0000000000000024, 0.9449928142991206
1.0000000000000002, 0.9989054166085336
1.0000000000000002, 0.9968397858195444
1.0000000000000036, 0.9522861321012875
1.0000000000000033, 1.0071943847496627
1.0000000000000033, 0.9820076040187093
0.9999999999999992, 1.0620591316474584
0.9999999999999999, 1.1014572007481092
0.9999999999999992, 0.941111692625873
0.9999999999999996, 1.0306585262582812
0.9999999999999978, 1.0099589620433693
1.0000000000000013, 1.010937264129099
0.9999999999999997, 1.05156369639528
0.9999999999999997, 0.9760474555668284
0.999999999999996, 1.0349759461483705
0.9999999999999971, 0.9697060923902316
0.9999999999999993, 0.8817452974733957
0.9999999999999969, 0.9575012508142908
1.0000000000000007, 1.0538591899394003
0.9999999999999993, 1.0228607938261547
1.0000000000000024, 1.0532757471786827
0.9999999999999983, 0.9477520618811996
1.0000000000000029, 0.9626815778774048
0.9999999999999973, 0.9960388004123314
0.9999999999999996, 0.9701099555126795
0.9999999999999973, 1.0314333346815971
0.9999999999999972, 1.0272933571482459
0.9999999999999999, 0.9536922767430251
0.9999999999999997, 0.9866355220024235
1.0000000000000007, 0.9958903991892755
1.0000000000000018, 0.9727857269415078
0.9999999999999986, 1.039316219979763
0.9999999999999989, 0.9466407651547281
0.9999999999999981, 1.0133460781197876
1.0000000000000009, 0.9672319088666816
0.9999999999999966, 0.9856010272927219
0.9999999999999993, 0.99085156395109
1.000000000000004, 1.0056533157584955
1.0000000000000002, 1.025593424616789
0.9999999999999984, 1.0297167109211744
0.9999999999999989, 1.0447082744318306
0.9999999999999988, 0.9828086559327696
1.0000000000000007, 0.9585490781519527
0.9999999999999973, 1.0063507769241382
1.0, 1.0587418764595657
0.9999999999999983, 1.0447890333561922
1.000000000000001, 1.0466560972944303
1.0000000000000007, 1.0273911485221188
0.9999999999999977, 0.9932131780415862
0.9999999999999984, 0.9999229611518413
0.9999999999999986, 0.9907960695976392
1.0000000000000013, 1.0268403604620235
0.999999999999998, 1.0162269652134388
0.9999999999999996, 1.0344175280416614
1.0000000000000022, 1.0161942210858061
1.0000000000000013, 0.9882559060063731
1.0, 0.9941509857852742
1.0000000000000013, 0.9506495566844421
0.9999999999999986, 1.0399746949985995
1.0000000000000013, 1.0572821218574049
1.0000000000000002, 1.008695903129866
0.9999999999999999, 0.9712580305065929
0.9999999999999977, 0.9575747808243732
0.9999999999999969, 0.9462507341950663
1.0000000000000029, 1.0286092013026555
0.9999999999999977, 1.0501582322315695
1.0, 1.0333093185083535
1.0000000000000027, 0.9444852221603677
0.9999999999999983, 1.0405249116082258
0.9999999999999961, 1.0529219517802344
0.9999999999999989, 0.9658400654765353
0.9999999999999972, 0.9651392581996922
1.0000000000000002, 0.9127066222535991
0.9999999999999986, 1.0678797226043963
1.0000000000000033, 0.9821474919457671
0.9999999999999999, 1.0267129315515517
0.9999999999999986, 1.0458348212108408
1.0, 1.0210114808148711
1.0000000000000009, 0.9767097682651419
0.9999999999999977, 0.9726496471906017
0.9999999999999983, 0.9810051601326022
0.9999999999999986, 0.9742590501142361
1.0000000000000018, 0.9491911700402158
0.9999999999999977, 0.9094228531995759
1.0000000000000013, 0.9853254973794161
0.9999999999999993, 1.0917161513564115
0.9999999999999996, 1.0159240381914665
1.0000000000000022, 1.0559598667233436
0.9999999999999978, 1.0846133543636305
1.0000000000000022, 0.9836507249689905
1.0000000000000013, 0.9502884846664306
0.9999999999999968, 0.9690507901999695
1.0000000000000036, 1.0224286725633054
1.0000000000000007, 0.9513824608507199
0.9999999999999968, 0.9540339317393431
1.000000000000001, 0.9823342068558103
1.0000000000000007, 0.9764276023504654
0.9999999999999992, 1.0082412807068828
1.0000000000000022, 0.9677107527095776
0.9999999999999976, 0.929122398782061
0.999999999999994, 1.0461659659121083
1.0000000000000007, 0.998561047487067
1.0000000000000013, 1.0008837710596632
0.9999999999999996, 1.0125080183135338
0.9999999999999988, 1.0058994459605894
0.9999999999999993, 0.9498030117101545
1.0000000000000018, 1.0578435756057483
0.9999999999999978, 0.9173044973738526
1.0000000000000024, 0.9628780578104846
0.999999999999998, 1.0273850676734868
1.0000000000000004, 0.9173023043499119
1.0000000000000007, 0.9762206639448281
1.0000000000000022, 1.0490280909401308
1.0000000000000018, 0.9680219502716785
0.9999999999999997, 0.8823564395028933
0.9999999999999984, 0.9399783661219928
1.000000000000002, 1.005593141954801
0.9999999999999993, 1.0526377342992546
1.000000000000001, 0.925902009529673
0.9999999999999978, 0.9340036777948093
0.9999999999999953, 0.9022634043518305
0.9999999999999997, 0.9638350472340573
1.000000000000002, 0.9676040066461861
0.9999999999999989, 1.0552573870226125
0.999999999999998, 0.9325049129030535
0.9999999999999984, 1.0402432215746558
1.0000000000000016, 0.9837421953246415
1.0000000000000027, 1.0243870870449838
0.9999999999999989, 0.9556822502726263
0.9999999999999992, 1.005011204705988
1.000000000000001, 1.0439002560237796
0.9999999999999989, 0.9826881484807273
1.0000000000000029, 0.9481423201152469
1.0000000000000044, 1.0484687808265734
1.0000000000000007, 1.0293887672999837
1.0000000000000018, 0.9567089050256232
0.9999999999999991, 0.9929917271530688
1.0000000000000009, 0.9635607471127368
0.9999999999999981, 0.9391900410649764
1.0000000000000036, 0.9642977983025243
0.9999999999999953, 0.9510177480648705
0.9999999999999972, 1.011131787527183
1.000000000000002, 0.9560012568378253
1.0000000000000024, 0.946061380094807
0.9999999999999981, 1.000698599935178
0.9999999999999997, 0.9984375804804554
1.0000000000000024, 0.9906120552755981
1.0000000000000013, 1.0424030910831468
1.000000000000003, 1.048721875962193
1.0000000000000044, 1.0909770411605921
1.0000000000000002, 0.9936619452637447
0.9999999999999991, 1.0285774610752025
0.9999999999999991, 1.0133765924029516
1.0000000000000018, 0.9016260349963856
1.0000000000000007, 1.047442600576565
1.0, 0.9879349467680304
1.0000000000000002, 0.9642495464416769
0.999999999999998, 0.9418890677092556
1.000000000000001, 0.9600106891704763
0.9999999999999969, 0.9337291172454079
1.0000000000000018, 1.0887973975467784
0.9999999999999977, 1.003580544869054
1.0000000000000002, 0.9975012881244265
1.0000000000000009, 1.0180421113549425
0.9999999999999999, 1.0453234272581853
0.9999999999999973, 0.9741775929494343
1.0000000000000013, 1.015855576593564
0.9999999999999973, 0.9688134650945911
1.000000000000001, 0.9668915321973581
0.9999999999999976, 1.0614512140729127
1.0000000000000004, 1.0573736770575244
1.0000000000000013, 1.0465790085728437
1.0000000000000007, 1.0343081608957676
1.0000000000000058, 0.9672400774212513
0.9999999999999989, 0.9930502214844529
0.9999999999999958, 1.0337566799332156
1.0000000000000007, 1.0160765093928215
0.9999999999999976, 1.0526941207723568
0.9999999999999952, 0.9627035623665903
1.0, 0.9512060134827918
1.0000000000000002, 0.9804600050223052
1.0000000000000013, 0.9305772731252592
0.9999999999999976, 1.0516077579843812
0.9999999999999993, 0.9488189235627706
1.0000000000000002, 0.964524195789035
1.0000000000000009, 0.9151019807665473
1.0000000000000018, 0.9914865582845815
1.000000000000002, 1.0629225276127852
1.0000000000000022, 0.9570910123320276
0.9999999999999999, 0.9819099898295294
1.0000000000000022, 0.9698568858962066
0.9999999999999957, 1.0269702416450839
1.0000000000000016, 1.0930316929317958
1.0000000000000033, 1.0204662307990855
0.9999999999999989, 0.9743255613063893
1.0000000000000033, 1.0142068894392982
0.9999999999999992, 1.00874733735334
1.0000000000000013, 1.0215369612342073
0.9999999999999991, 1.0301338270205735
1.0000000000000044, 1.0005636090720031
1.000000000000003, 1.0045854608350282
1.0000000000000013, 0.9925635340261219
1.0000000000000004, 1.0201153020097102
1.0000000000000016, 0.9771944576794269
1.0000000000000002, 0.9437349215503614
1.0000000000000033, 0.9568331142604447
0.9999999999999991, 0.9683179365500898
0.9999999999999993, 1.0707615358222382
1.0000000000000027, 1.0101946190327256
1.0000000000000029, 1.058320955483883
1.000000000000002, 1.1039881093766115
1.0000000000000038, 1.0133526135245352
1.0000000000000009, 1.0274167586717664
1.0000000000000007, 1.0144252748954212
1.0000000000000016, 1.033744551912434
0.9999999999999972, 1.0579216447741717
0.999999999999998, 0.9656542958492564
0.9999999999999992, 1.0334318630377755
0.9999999999999996, 0.9535932075677693
1.0000000000000024, 0.976440228458496
1.0000000000000036, 0.9841997386861656
1.0000000000000027, 1.0251432036439414
0.9999999999999989, 1.0154211227622518
1.0000000000000004, 0.9790991212323051
0.9999999999999996, 1.0150263623767208
1.0000000000000007, 1.0566667756923769
0.9999999999999989, 0.9746197577185849
1.0000000000000038, 1.049141363044056
0.9999999999999986, 1.0266281158053299
1.0000000000000002, 0.8686026441851262
1.0000000000000002, 1.0364418530499004
1.0000000000000013, 1.0151380737583258
0.9999999999999991, 0.9520946315589767
1.0000000000000013, 0.9971914147298677
0.9999999999999996, 0.9710425368681832
1.0000000000000058, 0.9665178616880349
1.000000000000002, 0.8635809677119628
1.0000000000000009, 0.9371789257171241
1.0000000000000013, 1.0175368655401056
1.0000000000000016, 1.0161981583182886
0.9999999999999976, 0.9245166980883013
1.0000000000000033, 0.9514095809595707
0.9999999999999996, 1.0181318029306534
1.0, 1.003466770217356
0.9999999999999988, 1.050026362120518
0.9999999999999969, 1.0359682200835172
1.000000000000002, 0.9902046823368076
0.9999999999999983, 1.0081076373383637
0.9999999999999981, 1.0292936900292429
1.000000000000001, 0.9763497430814517
1.0000000000000016, 1.0341448711708165
0.9999999999999986, 0.9460695847143459
0.9999999999999992, 1.0443203444868743
1.0000000000000018, 0.9725978514575868
1.0000000000000009, 0.9845538837289316
0.9999999999999976, 1.032302406965432
0.9999999999999973, 0.9752405652216457
0.9999999999999977, 1.0614407691344105
1.0000000000000016, 1.0871285076109618
1.000000000000002, 0.9418192872115269
0.9999999999999996, 0.9875665345173541
1.0000000000000013, 0.9636422880713446
1.0000000000000013, 1.0871334730910374
1.0000000000000029, 1.0226376338468803
1.0000000000000002, 1.0716644007847975
0.9999999999999988, 0.9998910329013557
0.9999999999999981, 0.9576519615077606
1.0000000000000002, 0.9831089878718173
0.9999999999999992, 1.039416875847968
1.0000000000000029, 0.9927543735904537
1.0000000000000007, 0.9682244159638922
0.999999999999998, 0.9091287345075131
1.0000000000000016, 0.9545155073055783
1.0000000000000049, 0.9480747991490508
1.0000000000000013, 0.9910420024979366
1.0000000000000016, 0.9396035040780766
0.9999999999999989, 1.0242124444778764
1.000000000000002, 0.9899593138479915
1.000000000000004, 1.0315840957166587
1.0000000000000027, 0.9567348161951899
1.0000000000000004, 1.026666717366128
1.0000000000000004, 0.9309877183956003
0.9999999999999993, 0.943631731977042
0.9999999999999972, 1.0165964765180688
0.9999999999999996, 0.9920369710742326
0.9999999999999984, 1.0495692458424313
1.0000000000000029, 1.038332180497632
1.0000000000000049, 1.1113049349136392
0.9999999999999981, 1.0938259038424527
1.0000000000000004, 0.9598595926551592
1.0000000000000018, 0.9808033233231753
1.0000000000000018, 1.0230365292753159
0.9999999999999986, 0.9878445941702486
1.0000000000000027, 0.9971277047468954
1.000000000000001, 0.9999469439136159
0.9999999999999978, 1.0311796771243424
1.0000000000000013, 0.9633743498117688
0.9999999999999988, 0.9804653297535648
1.0000000000000024, 1.023445320822632
0.9999999999999989, 0.9691333621621381
1.0000000000000018, 0.9939619898396219
1.0000000000000013, 1.0606321845810527
1.0000000000000007, 1.0390990330253074
1.0000000000000033, 1.007667153722772
0.9999999999999988, 0.9798676570518308
0.9999999999999953, 0.997105188558114
0.9999999999999989, 0.9795459633324043
1.0000000000000004, 0.9995425358126508
0.9999999999999981, 1.0603324428333938
1.0000000000000013, 1.0125580093540525
0.9999999999999981, 0.9613418750006563
1.0000000000000013, 1.0750653971395674
1.0000000000000002, 1.0395218221786922
1.0000000000000022, 1.0449431124726123
1.000000000000001, 0.9704783241381199
1.0000000000000002, 1.0424842580725064
1.0000000000000007, 1.0092461446639134
1.0000000000000002, 1.056405122425745
0.9999999999999983, 1.0556680120448718
1.0000000000000007, 1.0269885508875078
0.9999999999999996, 0.9974509484603706
0.9999999999999956, 1.0470717037283996
0.9999999999999997, 0.966292397721488
1.0000000000000009, 1.0125100423219713
1.0000000000000016, 1.0146258037163185
1.0, 1.0633269365525164
1.0000000000000007, 0.9989859587471381
1.0000000000000007, 0.9404152680266755
1.000000000000001, 0.9761601867021512
1.0000000000000053, 1.0739512825427917
1.0000000000000038, 0.9465113411221984
1.0000000000000018, 0.9591272152734814
1.0000000000000004, 0.9945439542184435
0.9999999999999971, 0.974923165523402
1.0000000000000018, 1.027543607631821
1.000000000000002, 0.9831375691071198
1.000000000000002, 0.91800395690435
1.0000000000000002, 1.0389224872841647
1.0, 1.0323070257760294
0.9999999999999941, 1.0550777905405164
0.9999999999999983, 0.9770652932032634
1.0000000000000049, 1.0300649266219213
1.0000000000000009, 0.9704198974825571
0.9999999999999988, 0.9463431004703674
1.0000000000000004, 0.9236988098761174
0.9999999999999989, 0.9661253873210391
0.9999999999999991, 0.9835721405813433
1.0000000000000033, 0.9690631753175685
1.0000000000000069, 1.0748783138614475
0.9999999999999953, 0.9502168238672494
1.0000000000000002, 0.8849970776331916
0.9999999999999963, 0.9977498150386199
0.9999999999999976, 1.082959998008129
1.0000000000000033, 1.057864965462393
0.9999999999999992, 1.078910355366966
1.0000000000000002, 0.9061534391665935
0.9999999999999991, 0.9872840322363865
0.9999999999999996, 1.004873925452947
1.0000000000000018, 0.9213799868728935
