ATE real, ATE estimado
1.5000000000000024, 0.9918354530715076
1.4999999999999976, 1.046790922619687
1.5000000000000044, 1.019335373107713
1.4999999999999971, 1.0081155906864017
1.4999999999999998, 1.0042489206677798
1.4999999999999987, 1.0306191508197198
1.4999999999999951, 0.9980100170376804
1.4999999999999953, 0.9859798588795999
1.4999999999999976, 0.9949721574515795
1.499999999999997, 0.998847039925252
1.499999999999997, 0.9958261551138496
1.5000000000000024, 0.9987015642048698
1.5000000000000009, 1.013681828719165
1.4999999999999993, 0.9882509681846912
1.4999999999999962, 0.9677640292432024
1.5000000000000016, 1.0041963663386617
1.5000000000000024, 0.9453955692170821
1.500000000000003, 0.9974231011515304
1.5000000000000044, 1.010074853949423
1.5000000000000002, 1.0080306600741367
1.4999999999999976, 1.0066000211111332
1.500000000000004, 1.0563908638718142
1.4999999999999993, 0.9861248212092653
1.5000000000000024, 1.0407188836168981
1.4999999999999978, 1.0235726812461596
1.4999999999999978, 1.021950341951993
1.5000000000000016, 0.9904298840075054
1.4999999999999998, 1.0281786661966807
1.4999999999999962, 0.9841670683872061
1.4999999999999987, 1.0250993947146108
1.5, 1.0281319553157098
1.500000000000003, 0.9467465266139559
1.4999999999999951, 1.0075942657190053
1.4999999999999947, 1.0020866854709793
1.5000000000000053, 0.9762041239563767
1.5, 0.9562993133966993
1.4999999999999978, 1.0039249718604273
1.5000000000000007, 1.0162273138241171
1.5000000000000013, 0.9782196256938392
1.4999999999999982, 1.0105347464971821
1.4999999999999982, 0.9887429751731269
1.4999999999999944, 0.9919054160984573
1.4999999999999982, 0.9805308395714684
1.499999999999996, 0.9544959948318641
1.5000000000000047, 0.9889588639217206
1.5000000000000047, 0.9850544069888745
1.4999999999999962, 1.018512745749813
1.5000000000000007, 1.0073712573827305
1.4999999999999962, 0.9822730501280514
1.4999999999999978, 0.9923788118716055
1.4999999999999978, 0.9920039011011199
1.500000000000007, 0.9730406362717157
1.5000000000000007, 1.0271296332734283
1.5000000000000009, 1.0160052377538784
1.4999999999999993, 1.0564365786674037
1.4999999999999993, 1.0213974933021608
1.4999999999999987, 1.00698222278824
1.4999999999999991, 1.0104801898923992
1.4999999999999993, 0.9699507784477196
1.500000000000004, 0.9418518520471559
1.4999999999999956, 1.0458453583937002
1.4999999999999967, 0.9785141438323768
1.4999999999999984, 0.9704756958789824
1.4999999999999998, 1.0059489383623808
1.4999999999999942, 0.9804514670764137
1.4999999999999991, 1.0306678224740051
1.499999999999993, 0.9911860929933141
1.5000000000000033, 1.0634419544539526
1.5, 1.0266656188676957
1.4999999999999984, 1.011476647501662
1.4999999999999978, 1.01903665959313
1.5000000000000013, 0.983501518469895
1.5000000000000022, 1.0063112715341267
1.4999999999999971, 1.0050090302079089
1.5, 0.990630779833884
1.5, 0.9847967414032319
1.5000000000000044, 1.0113583612308197
1.500000000000004, 1.0203390496172497
1.4999999999999987, 0.9098228095692332
1.5000000000000007, 0.9745278937131706
1.5000000000000053, 0.9647160629061053
1.5000000000000013, 1.0315816227515469
1.5000000000000013, 0.9890838839323206
1.5000000000000016, 1.031667948565748
1.4999999999999987, 1.0418894459154056
1.4999999999999978, 0.9922546553295812
1.5000000000000002, 0.9959157209858835
1.500000000000004, 0.9719423482829275
1.4999999999999971, 1.035117592779379
1.4999999999999993, 1.0070621781622842
1.4999999999999993, 1.02493385316823
1.500000000000004, 1.0907870580080146
1.5000000000000022, 0.9897178499230384
1.4999999999999998, 1.020197437746888
1.5000000000000078, 1.002258038701742
1.5000000000000016, 0.9795206519225816
1.5000000000000029, 1.0327935355693283
1.4999999999999993, 1.0257021354521048
1.500000000000003, 1.0384211827488559
1.4999999999999967, 1.0224812885459238
1.4999999999999951, 0.9733378296898039
1.4999999999999982, 1.0450378627110999
1.4999999999999962, 1.0296942234067001
1.4999999999999971, 1.0072434285323886
1.4999999999999993, 1.0157058882851253
1.4999999999999947, 1.0029518812471137
1.5000000000000009, 1.0221959779758214
1.5000000000000018, 0.9939316078877063
1.4999999999999976, 0.9958382715856116
1.5000000000000033, 0.9999386364346963
1.4999999999999938, 0.9639445675222327
1.5000000000000056, 0.9992561797501189
1.4999999999999991, 1.0546194012040129
1.5000000000000044, 1.0084833705844092
1.5000000000000002, 1.0130353101458613
1.4999999999999953, 1.0050601939471009
1.4999999999999922, 1.0472158454373144
1.4999999999999971, 0.9976264135256512
1.5000000000000033, 1.0134165723183612
1.4999999999999967, 0.9898173737312304
1.5000000000000069, 0.9803320064641217
1.5000000000000018, 1.0223230719923637
1.5000000000000016, 1.0121855915548381
1.4999999999999953, 0.9727782180658473
1.5000000000000018, 0.9923339360078245
1.5000000000000033, 0.9813502969428091
1.4999999999999982, 1.0270787564392312
1.499999999999996, 1.002339022874476
1.5000000000000053, 1.0150426142129627
1.5000000000000016, 0.9779260281534482
1.4999999999999967, 0.997383499263343
1.5000000000000024, 0.9738277693495192
1.4999999999999982, 0.9992949712033101
1.5000000000000053, 0.9898292034414191
1.4999999999999976, 1.0473937422539934
1.5000000000000016, 1.0141581646615607
1.4999999999999982, 0.9990581044118316
1.5000000000000033, 1.0372166493618433
1.4999999999999971, 1.0093358390706038
1.499999999999997, 1.0085137307086922
1.4999999999999982, 1.020813394317086
1.4999999999999978, 1.0210735595503109
1.5000000000000022, 0.9829904648218619
1.4999999999999993, 0.9997862780431905
1.4999999999999984, 1.0049491000360822
1.5000000000000007, 1.002805837847179
1.500000000000004, 1.0195371642215045
1.4999999999999984, 0.9796684118804467
1.4999999999999971, 0.9703355181289524
1.5000000000000022, 0.9964906051268864
1.4999999999999953, 0.9942694461559698
1.5, 1.034137021210834
1.5000000000000044, 0.9498078627601694
1.4999999999999931, 0.9665900795664542
1.4999999999999987, 1.01110995482234
1.4999999999999987, 0.9984694915975785
1.5000000000000022, 1.0310995858564176
1.5000000000000018, 1.000892623759859
1.5000000000000029, 0.9912764843837089
1.5000000000000018, 1.0330435814357455
1.4999999999999982, 0.9895184549774809
1.4999999999999967, 0.972454547710759
1.5, 1.001501471586172
1.499999999999997, 1.0088214917695373
1.5000000000000002, 1.030094023667703
1.5000000000000018, 0.9969523441156605
1.5000000000000044, 0.9958339978001327
1.5000000000000024, 0.9712846481744584
1.5000000000000058, 1.0080370954819116
1.5000000000000007, 1.0140405012195957
1.5000000000000007, 0.9875601180315305
1.5000000000000073, 0.9527492110387503
1.4999999999999998, 0.996928939460781
1.4999999999999984, 1.0066823354489882
1.5000000000000002, 0.9758076939506144
1.4999999999999976, 0.9981354562667482
1.4999999999999976, 1.0562857499337763
1.5, 1.0075966576850166
1.5000000000000033, 1.0123947884798308
1.4999999999999967, 1.0274322645153964
1.4999999999999987, 1.029699296941192
1.4999999999999991, 1.0265255436980978
1.4999999999999991, 1.01339503185351
1.5000000000000009, 0.9874633882949653
1.5000000000000013, 0.9989911014467538
1.4999999999999956, 0.9808886450552186
1.5000000000000013, 1.0078388827915457
1.4999999999999907, 1.033247190882015
1.5000000000000009, 1.0389599489198293
1.500000000000003, 0.9645331667773618
1.499999999999997, 0.9937493854592846
1.500000000000003, 1.0363114677358043
1.5000000000000018, 1.0455277575344641
1.4999999999999991, 0.9721112882105104
1.4999999999999987, 0.9522785121566858
1.4999999999999991, 1.0405775752441764
1.5, 0.9826457091820598
1.5000000000000033, 1.0344056869586975
1.4999999999999978, 1.0169321801735722
1.4999999999999978, 0.9979961023362245
1.499999999999996, 1.0137115569264359
1.5000000000000018, 1.0048922196326726
1.5000000000000029, 0.9957048944613389
1.500000000000003, 0.9830191032341595
1.5000000000000009, 0.9404151854940267
1.4999999999999976, 0.9978390435949394
1.5000000000000009, 1.0093812001029574
1.4999999999999998, 0.9939532440501309
1.5000000000000016, 1.038605684267844
1.4999999999999947, 1.0035226671149593
1.4999999999999991, 1.0447530895314794
1.4999999999999971, 1.039375597336352
1.5000000000000013, 1.037164366963086
1.5000000000000009, 1.0394902338475485
1.4999999999999962, 1.0297719139259573
1.5000000000000009, 1.013750275281204
1.5000000000000016, 1.0111412947811362
1.4999999999999998, 1.0177374633419936
1.4999999999999922, 0.9780097751270663
1.4999999999999982, 0.9879434039267478
1.5000000000000044, 0.9868979365307771
1.4999999999999947, 0.9833281624936334
1.500000000000003, 1.0195605702390882
1.4999999999999971, 0.972618262833556
1.500000000000004, 1.0064983750883518
1.4999999999999993, 0.973182296160471
1.5000000000000047, 1.0170308373121548
1.5000000000000016, 0.9784733336804112
1.4999999999999998, 1.014132081719414
1.5000000000000009, 0.9741190300919702
1.5000000000000038, 0.9743217812821878
1.5000000000000053, 1.0311315233137899
1.5000000000000033, 0.9486299937802884
1.5, 0.9713659002908552
1.500000000000003, 1.0001889077267196
1.5000000000000013, 1.0169763464566604
1.4999999999999991, 1.0126866553393807
1.5000000000000022, 1.0079418688647717
1.5000000000000009, 0.9998562966852913
1.499999999999996, 0.9913909804949618
1.4999999999999993, 0.9988217813278705
1.5000000000000029, 0.9502005030064749
1.4999999999999998, 0.9900924149033963
1.5, 1.0067899979105253
1.5000000000000016, 1.021770223385142
1.5000000000000022, 0.9740924578498003
1.5000000000000002, 0.9565383434238414
1.5, 1.007669867992833
1.4999999999999984, 0.9810226979792691
1.5, 1.0140578798273938
1.499999999999993, 1.029600804008797
1.4999999999999987, 0.980963212980043
1.5000000000000002, 0.9795627519265939
1.5, 1.0150354762304148
1.4999999999999978, 0.9706640278737309
1.4999999999999978, 1.0100274745081497
1.4999999999999991, 0.9981992741185779
1.5000000000000022, 1.0316014749801024
1.5000000000000044, 1.0364386670379562
1.5000000000000009, 0.9875327223996127
1.5000000000000064, 1.0188991588698413
1.5, 1.0026007933521037
1.4999999999999993, 1.0008439564598133
1.500000000000004, 1.0197902466107205
1.5000000000000033, 1.0649811599895123
1.4999999999999998, 1.0398716462825583
1.5, 1.0029159290304377
1.4999999999999962, 0.965110805726932
1.5, 1.019315713229644
1.5, 1.0006930333731372
1.4999999999999991, 0.9944491760776111
1.4999999999999956, 0.972994003736023
1.5000000000000024, 0.9658405774692527
1.4999999999999944, 0.9873178111587821
1.4999999999999993, 1.0134650508538252
1.4999999999999993, 1.0099061857052791
1.5000000000000024, 1.0288341380020498
1.4999999999999967, 1.0172508438792838
1.5000000000000024, 1.007323062827917
1.5000000000000002, 0.9811091132036838
1.4999999999999993, 1.0059194884046931
1.5000000000000049, 0.9989730679153479
1.4999999999999971, 0.9705679460871823
1.5000000000000029, 1.0108638666171537
1.4999999999999991, 0.9531872816478981
1.4999999999999982, 1.017691962672748
1.4999999999999991, 0.9647952863623046
1.4999999999999982, 0.9850114310277699
1.4999999999999993, 1.0478115214483237
1.4999999999999976, 0.9918017670915357
1.4999999999999982, 0.9880108394289628
1.5000000000000018, 0.9399714331092953
1.500000000000004, 0.9745844283715742
1.5000000000000016, 0.997691984762902
1.5000000000000018, 1.021998953181735
1.4999999999999962, 0.9790643175596395
1.500000000000004, 0.9887925652385939
1.5000000000000007, 1.0125549006575643
1.4999999999999976, 1.0142178450279236
1.5000000000000024, 1.038473458870232
1.5000000000000018, 1.0418384675910741
1.4999999999999982, 1.0049203604354036
1.5000000000000033, 0.9908323044535259
1.5000000000000002, 0.97418238912334
1.5000000000000029, 0.9742012931299802
1.5000000000000062, 0.9839329995338363
1.500000000000003, 1.027272667882963
1.4999999999999951, 0.9951569803623174
1.499999999999997, 1.0010254094639006
1.5000000000000018, 0.9650710766288793
1.4999999999999976, 0.9934732692721755
1.4999999999999982, 1.0168680145400169
1.5000000000000007, 1.0096148016525979
1.5000000000000016, 0.9702448590002355
1.4999999999999993, 1.0330875135452717
1.5000000000000058, 1.0380088262439537
1.5000000000000009, 1.0538036810460047
1.4999999999999993, 1.034212454454655
1.5000000000000058, 0.9840453968090903
1.4999999999999976, 1.02076111485598
1.5000000000000024, 0.9975291086660172
1.4999999999999971, 1.0155674911247097
1.4999999999999971, 1.0086471332058218
1.5000000000000024, 0.9763666492531808
1.4999999999999984, 0.9828217297147894
1.500000000000003, 1.0154038355188844
1.5000000000000007, 0.9507951620268131
1.4999999999999967, 1.0056622790711056
1.5000000000000013, 0.9927198153098348
1.5000000000000038, 1.031536351385914
1.4999999999999982, 0.9870796493653047
1.4999999999999984, 1.011015884927439
1.5000000000000022, 1.0279937302994078
1.5000000000000029, 0.9966328774643414
1.4999999999999978, 0.9976005296999604
1.5000000000000013, 0.9959546610459615
1.5000000000000002, 1.0227712087672958
1.4999999999999993, 0.9546217072610292
1.5, 1.0245151992238217
1.5000000000000029, 0.9867722260403673
1.5000000000000007, 1.0017815220584647
1.4999999999999991, 0.9878614240371326
1.500000000000007, 1.0225371800322685
1.4999999999999991, 1.0219459469551664
1.4999999999999998, 1.0435772678107456
1.5000000000000044, 0.9960748997317189
1.4999999999999951, 0.9686861016698671
1.4999999999999998, 0.9746441393798145
1.4999999999999978, 0.9818854558446737
1.4999999999999991, 1.0016707750614702
1.5000000000000002, 1.016639889352624
1.4999999999999998, 1.0212451371270284
1.4999999999999953, 0.9735150996101676
1.5000000000000047, 1.015631068307328
1.5000000000000038, 1.0076279144619797
1.5000000000000018, 0.9797842830829255
1.5000000000000064, 1.0088047032899894
1.4999999999999984, 1.0049297406583062
1.4999999999999987, 1.0028072060848325
1.5000000000000024, 1.0054207124446048
1.5000000000000029, 1.0189308642753798
1.500000000000003, 0.9832690089647926
1.4999999999999962, 1.002251138877719
1.4999999999999982, 1.0089484532005746
1.5000000000000053, 1.016555685450641
1.5000000000000022, 1.0400091458939005
1.4999999999999938, 1.0000821374700082
1.5000000000000038, 1.0185398700421455
1.499999999999996, 0.9781854684585157
1.4999999999999982, 0.983834858166021
1.4999999999999984, 0.998444790419575
1.5, 1.00338982725827
1.5, 0.9942598193346671
1.5000000000000007, 0.9911764024785783
1.4999999999999931, 1.046338567873211
1.4999999999999982, 1.0260964640297827
1.4999999999999984, 1.0216788911689956
1.4999999999999947, 0.9447992636522717
1.5, 1.0229329579921378
1.5000000000000022, 1.0424314120928762
1.5000000000000047, 0.9905526968135726
1.5, 1.0073584940007663
1.4999999999999944, 1.0228273107281645
1.5000000000000018, 0.9704230350236347
1.5000000000000016, 1.0501253691641295
1.4999999999999987, 1.0123382172673803
1.4999999999999936, 0.9872251311820931
1.4999999999999962, 0.9949700152440878
1.5000000000000016, 0.9990889210757613
1.5000000000000016, 1.0218435143145994
1.4999999999999978, 0.9590984482404792
1.4999999999999951, 1.0669003149677978
1.5000000000000022, 0.9851887705980686
1.5000000000000018, 1.0057895683445368
1.5000000000000033, 1.030850522337384
1.5000000000000029, 0.971881384916083
1.5000000000000024, 1.0183541764667905
1.5, 1.0025624705942795
1.4999999999999962, 0.9626149798284389
1.5000000000000009, 0.9854820288763788
1.499999999999993, 1.0133825902048739
1.5000000000000033, 1.0140651362194308
1.4999999999999898, 1.0265420780992214
1.5000000000000016, 0.9581047862699201
1.5000000000000022, 0.9779798354610836
1.5000000000000016, 0.9656107531096467
1.4999999999999987, 1.0169989763377338
1.4999999999999991, 0.9747250473982554
1.4999999999999978, 1.0277867097889932
1.4999999999999971, 1.0078175404511285
1.4999999999999998, 1.075546963367866
1.5000000000000002, 0.9701636754648884
1.4999999999999978, 1.0411205403375896
1.5000000000000018, 1.0201779601008796
1.4999999999999967, 1.017741993036822
1.5000000000000002, 0.9511217465626165
1.5000000000000062, 0.988803263524306
1.5000000000000009, 0.9876492294990407
1.4999999999999998, 0.9910833762541306
1.5000000000000056, 0.9995009170078681
1.5000000000000024, 1.0040901276498413
1.4999999999999998, 1.0262302863868988
1.4999999999999993, 1.0507859800100108
1.4999999999999982, 1.008330058767324
1.4999999999999993, 1.0058513211541424
1.5000000000000018, 1.0093270556935505
1.4999999999999967, 1.0129857827006954
1.4999999999999982, 1.013061086898709
1.5000000000000024, 0.9643779057189616
1.5000000000000022, 1.0089842555316049
1.499999999999997, 0.9585310096531087
1.4999999999999982, 0.9651731587378227
1.4999999999999956, 0.9838828430016398
1.5000000000000044, 0.9903683711339891
1.4999999999999987, 0.9966330556627027
1.4999999999999993, 0.9914128754907824
1.4999999999999984, 0.9589509541965953
1.4999999999999971, 0.9439781666135713
1.4999999999999967, 1.041001660134923
1.5000000000000016, 0.9453360577194068
1.4999999999999984, 0.9940690807960249
1.4999999999999971, 1.01245296069574
1.5000000000000002, 0.9577257592016626
1.5000000000000044, 1.0057062181018999
1.4999999999999991, 1.0301114510719394
1.5000000000000033, 0.9950376784279998
1.5, 1.054110161229545
1.5000000000000013, 1.025458259789883
1.4999999999999991, 0.9915153475449314
1.5000000000000024, 0.9538043407638697
1.4999999999999993, 1.0695134666622657
1.4999999999999998, 0.9983856075044857
1.5000000000000018, 1.0306282216015985
1.4999999999999956, 1.0038250218426348
1.4999999999999993, 1.0130516568505579
1.5000000000000013, 1.0165146116606447
1.499999999999993, 0.9653519935805988
1.5000000000000013, 0.9889356353382543
1.4999999999999991, 1.0243656128725966
1.4999999999999971, 0.9807219221094965
1.5000000000000002, 0.9744861122444322
1.500000000000004, 1.0264749214577122
1.4999999999999947, 1.0186292634962562
1.5000000000000002, 1.0188103342612707
1.4999999999999978, 0.9851113579251176
1.4999999999999947, 1.0123767735462885
1.5, 1.015253102432284
1.4999999999999993, 0.962742644015512
1.5000000000000016, 0.9900768726430482
1.4999999999999967, 1.0202740347324148
1.4999999999999993, 1.0172233625110614
1.4999999999999987, 1.0124198961189899
1.499999999999997, 1.0158659773995788
1.4999999999999987, 0.9981265258823631
1.499999999999997, 1.0036043865413489
1.4999999999999987, 1.0177254390440642
1.4999999999999987, 1.0175985385528157
1.5000000000000049, 0.9795235124303042
1.4999999999999967, 0.9913262831741306
1.4999999999999976, 0.9713105820069545
1.5000000000000022, 1.0241982289412914
1.5000000000000049, 0.9804047161109348
1.499999999999997, 0.9906447258635719
1.499999999999997, 0.9891616114615257
1.5000000000000018, 1.0164415010048389
1.5000000000000007, 1.0587859648823443
1.4999999999999991, 0.9897629450575767
1.4999999999999967, 1.0198486424676805
1.5000000000000009, 0.9956690393154335
1.4999999999999984, 0.9730305756191006
1.5000000000000002, 1.0257545958023122
1.4999999999999962, 1.003821822705073
1.5000000000000049, 0.9942630879527838
1.4999999999999944, 1.0460847813582734
1.5000000000000024, 1.020283810461582
1.5000000000000049, 1.0412427565132465
1.5000000000000013, 0.975237420138054
1.4999999999999987, 0.9680664502967631
1.4999999999999982, 1.0168532303691478
1.4999999999999998, 1.0469944250713266
1.4999999999999982, 1.0257741829132023
1.500000000000003, 1.0191369025402044
1.4999999999999991, 0.9755579580728879
1.4999999999999976, 0.9866519852143234
1.5000000000000002, 1.0100074336098934
1.4999999999999987, 1.0254628940719557
1.4999999999999951, 0.9859683386157989
1.4999999999999982, 0.9367992237408603
1.5000000000000002, 0.9877205710494923
1.5000000000000009, 0.9824728536970444
1.5000000000000002, 1.0278289861328693
1.5000000000000013, 0.9747890693225458
1.4999999999999962, 1.0402824023312167
1.5000000000000009, 0.975528405156566
1.5000000000000053, 1.018620635840907
1.5000000000000016, 0.979105341273535
1.4999999999999936, 1.0259925720879484
1.5000000000000013, 0.9939514418004319
1.4999999999999984, 1.0124287789105648
1.5000000000000069, 0.9814226717849622
1.5000000000000047, 0.9941359000809938
1.4999999999999991, 0.9551035261646545
1.5, 0.9728963486235802
1.5000000000000007, 1.0320272207953038
1.5000000000000022, 1.0257989112355739
1.5000000000000024, 0.9479626564417316
1.4999999999999971, 0.9874887094923657
1.4999999999999967, 0.9919695845411143
1.499999999999996, 1.0133844607053555
1.5000000000000047, 1.0416916336306514
1.5000000000000022, 1.0105349626194633
1.5000000000000002, 0.9783330905664329
1.4999999999999953, 1.012388222746482
1.5000000000000022, 0.9669859241214693
1.5000000000000038, 1.0298225509117414
1.5000000000000022, 1.0295315425870124
1.500000000000003, 1.0315120745971882
1.4999999999999998, 1.0160960372930132
1.4999999999999942, 0.9697132325310553
1.5000000000000022, 1.0037188555032306
1.4999999999999942, 1.0352831092897015
1.4999999999999956, 1.0052823203688812
1.499999999999997, 1.020039157342596
1.5000000000000018, 0.9847532607326033
1.4999999999999962, 0.9964278963096111
1.5000000000000002, 1.031569714937254
1.5000000000000007, 0.997174132568613
1.4999999999999967, 0.9765814962257626
1.5000000000000002, 1.003313529819744
1.5000000000000024, 0.9839063834799637
1.500000000000004, 0.9662403020588854
1.4999999999999993, 1.0140123154900338
1.500000000000008, 1.0338180931459857
1.5000000000000022, 1.005839549264439
1.5, 1.022131526481204
1.4999999999999993, 1.001379202950198
1.5000000000000016, 1.015786678728209
1.4999999999999967, 0.9906633294910702
1.4999999999999984, 0.9949366408987653
1.4999999999999927, 0.9920376110626274
1.4999999999999982, 0.9929875655584645
1.499999999999996, 0.9903576574304267
1.4999999999999951, 0.9807378709876915
1.4999999999999971, 0.9893184433871749
1.5000000000000016, 0.9884953891077028
1.5000000000000049, 1.0285379567562631
1.5000000000000038, 1.0140319315173685
1.5000000000000022, 1.0528183720347681
1.5000000000000007, 0.9679383479365162
1.5000000000000038, 1.0289306107231517
1.4999999999999971, 1.0147397906741515
1.5000000000000013, 1.0072370936245716
1.5000000000000049, 0.9938628598276873
1.5000000000000018, 1.0391985685929792
1.4999999999999982, 0.9900140112496394
1.5000000000000002, 0.9965585667894794
1.5000000000000033, 0.9984876671389906
1.4999999999999991, 1.0093269751359775
1.4999999999999978, 0.9995668513924747
1.4999999999999991, 0.9822589487965174
1.4999999999999987, 1.0431031135226403
1.4999999999999962, 1.0443003537154292
1.4999999999999962, 1.0227794122286915
1.5000000000000038, 0.9520632283402732
1.4999999999999978, 0.9984046799820989
1.4999999999999962, 1.0462395425614077
1.4999999999999982, 0.9963739467465718
1.4999999999999987, 0.9937851399116565
1.5000000000000053, 0.9852940658773557
1.5000000000000016, 1.0107826551942158
1.5000000000000022, 0.9960776911394664
1.5000000000000009, 0.9903939527880921
1.5000000000000009, 0.9647353643833455
1.500000000000004, 0.9375003151697291
1.4999999999999967, 0.9851625345725037
1.4999999999999991, 1.0034060756503174
1.5000000000000029, 1.0316593926021818
1.499999999999997, 1.0300091625203007
1.5000000000000009, 0.9971668724761813
1.4999999999999938, 0.9946403579091827
1.4999999999999993, 0.9816951261451701
1.4999999999999993, 1.0618357239234255
1.500000000000003, 0.9671015066636051
1.4999999999999976, 0.9621207886585268
1.5000000000000009, 1.0176829941282561
1.4999999999999971, 1.0087057861480389
1.4999999999999978, 0.9638247857170053
1.4999999999999993, 0.9883575565649492
1.5000000000000049, 1.0384098111133215
1.499999999999996, 0.9780456472093737
1.5000000000000047, 1.038384020488428
1.5000000000000024, 0.9897214573653792
1.4999999999999971, 1.0043166711836553
1.500000000000003, 1.0280152983422475
1.4999999999999993, 0.9740359718799897
1.5000000000000022, 1.0105088474706965
1.499999999999996, 0.9752287489034247
1.5000000000000002, 1.03695526934409
1.500000000000003, 1.002986653910527
1.4999999999999951, 1.0429401131175635
1.4999999999999962, 0.9741681211658008
1.4999999999999944, 0.9995634048541521
1.4999999999999967, 1.0257474770717632
1.5000000000000009, 0.9617548013437588
1.5000000000000002, 1.013583487739766
1.4999999999999984, 0.9928290414810508
1.499999999999997, 1.0298251815608261
1.4999999999999978, 1.013341853065574
1.4999999999999956, 0.9824215707625582
1.5, 0.9894955074216873
1.4999999999999978, 0.9991171463071584
1.5000000000000073, 0.9928034587126646
1.500000000000007, 1.0434499276394993
1.4999999999999993, 1.021615760800311
1.4999999999999991, 1.007127840412096
1.4999999999999998, 0.9721098478135594
1.4999999999999991, 1.044820703462054
1.5000000000000033, 0.9667988891246613
1.5000000000000053, 0.9763449000603974
1.4999999999999998, 0.97409897438018
1.5000000000000033, 1.0286557979337592
1.4999999999999991, 0.9709352502777031
1.4999999999999971, 0.9676534885253868
1.4999999999999971, 1.0078469524142646
1.4999999999999991, 0.9418978802726778
1.4999999999999982, 1.0041024550426465
1.5000000000000062, 0.9588396132129958
1.499999999999996, 0.9693731650398122
1.4999999999999987, 1.0149343432500864
1.499999999999996, 0.9954420081528693
1.4999999999999936, 0.973786707288511
1.4999999999999984, 1.0051372683354924
1.499999999999996, 0.9993182578371187
1.4999999999999962, 1.0317530999614823
1.5000000000000018, 0.9575220902815951
1.5000000000000029, 0.9617505895158747
1.4999999999999991, 0.9896574288212094
1.4999999999999991, 0.9857755789945668
1.5000000000000013, 1.0015450748567227
1.5, 1.0218207464682907
1.500000000000003, 1.046162434102822
1.5000000000000002, 1.0327914100485138
1.5000000000000013, 1.0151414428117282
1.5000000000000013, 0.9359660891899426
1.5000000000000016, 0.9826420959452825
1.4999999999999971, 1.0130307287537683
1.5000000000000022, 0.961491335274186
1.4999999999999951, 1.003167195844627
1.5000000000000053, 0.9551075140941776
1.5, 0.9825790637061227
1.5000000000000029, 0.9994218279187934
1.5000000000000038, 0.9810362272461607
1.4999999999999991, 1.0112995625250063
1.5000000000000002, 1.0039539623106764
1.4999999999999991, 0.9787057243951325
1.4999999999999993, 1.0172835187364373
1.5, 1.0276169398671011
1.5000000000000002, 1.003969709836212
1.5000000000000016, 1.0320823054524593
1.5000000000000038, 1.0601353148272947
1.5000000000000058, 1.0221772025173768
1.5, 0.9983690723796206
1.4999999999999947, 1.019920812046415
1.4999999999999998, 1.0080710965548345
1.5000000000000058, 0.9713658242210546
1.5000000000000002, 0.9850514841429201
1.4999999999999956, 1.0067526102227706
1.4999999999999942, 0.9841103062558555
1.5000000000000047, 1.0680935617120388
1.5000000000000024, 1.0107270248865396
1.5000000000000033, 1.008294081085889
1.5000000000000002, 0.9634996357337251
1.5000000000000022, 1.0041479116265275
1.5000000000000007, 0.9834212979861312
1.4999999999999976, 1.056195035654702
1.4999999999999991, 1.009157761486874
1.5000000000000038, 0.9774177458585734
1.4999999999999991, 1.0041698734377102
1.5000000000000007, 0.973945387710588
1.4999999999999993, 0.9796232625071699
1.4999999999999962, 0.9833903579352714
1.5, 0.960026453773728
1.5000000000000016, 1.0226884414910478
1.5000000000000007, 1.0168480515520961
1.4999999999999944, 0.9737300676212126
1.4999999999999998, 1.0203204035518318
1.4999999999999962, 0.9883121649460797
1.5000000000000007, 0.9878944377612213
1.4999999999999942, 1.0073009910182753
1.5000000000000038, 0.987155969624949
1.4999999999999991, 0.9791589053094404
1.4999999999999971, 0.9746957511198617
1.5000000000000029, 1.0091590974649154
1.4999999999999982, 1.0033071007680656
1.5000000000000022, 1.0274360166556091
1.4999999999999931, 0.9802402893302152
1.5000000000000002, 1.0088657883176717
1.5000000000000013, 1.025028158584119
1.500000000000004, 1.0022477753107264
1.5000000000000007, 0.9246489031716127
1.5000000000000016, 1.003806027626015
1.5000000000000024, 1.0144596053393524
1.4999999999999993, 0.9902066514707031
1.5000000000000049, 1.003569998658292
1.5, 0.9984114672861897
1.5000000000000018, 1.016921514038788
1.5000000000000018, 0.9987615150254237
1.4999999999999991, 1.0010344183026352
1.5000000000000047, 1.021087744489228
1.5000000000000002, 0.9986848926242121
1.5000000000000007, 0.9759314547511148
1.4999999999999927, 1.0200090271322946
1.499999999999996, 1.0457394413154302
1.5000000000000022, 0.9966111203226873
1.5, 1.060600567519132
1.4999999999999927, 0.9879622046832655
1.4999999999999927, 0.9918592067295091
1.5000000000000018, 0.9861885895719862
1.5000000000000053, 0.9715989931586115
1.4999999999999998, 0.9495362493359414
1.4999999999999956, 1.0139459803452522
1.4999999999999998, 1.0200390939462116
1.4999999999999978, 1.0057769303608528
1.4999999999999998, 1.0257396769801606
1.5000000000000024, 0.9891481583654685
1.4999999999999967, 0.9720635198712062
1.5, 1.0165653246579227
1.4999999999999982, 0.9951436164267655
1.5000000000000073, 1.0133912733650656
1.499999999999996, 1.038580317636413
1.5000000000000002, 0.9954374088364845
1.4999999999999942, 0.9780846481470475
1.5000000000000087, 1.0337711890298908
1.4999999999999956, 1.022538356113148
1.5000000000000029, 0.9862502915929483
1.5000000000000002, 0.9889273622733135
1.5000000000000038, 1.0095627834968237
1.4999999999999976, 1.0269008710887897
1.4999999999999982, 1.007038102430081
1.4999999999999951, 1.0231872493588667
1.4999999999999991, 0.9717930131273802
1.5000000000000022, 1.0019505551553867
1.4999999999999991, 1.0114181515777245
1.5000000000000007, 1.0214980462426229
1.4999999999999956, 1.0136203226796425
1.4999999999999987, 1.01737559897515
1.5000000000000018, 1.0088401812528753
1.4999999999999984, 0.994417937190239
1.5000000000000022, 0.988990930034574
1.5, 0.979574674694875
1.5000000000000002, 0.9893825491824819
1.4999999999999991, 0.9711449163714833
1.5000000000000009, 0.9716302435238362
1.5000000000000029, 0.9596363419175344
1.5000000000000018, 1.0050587582596078
1.4999999999999982, 0.9868629587598641
1.5000000000000024, 0.983049077232026
1.5000000000000024, 1.0239595617844501
1.5000000000000018, 1.000097025769301
1.4999999999999991, 1.0150609414443426
1.5000000000000002, 0.9757301232653784
1.499999999999996, 0.9991832832223371
1.5000000000000016, 0.9743808398311108
1.4999999999999951, 1.022131246633087
1.500000000000004, 0.9868956617364346
1.5000000000000016, 1.0186365716682309
1.4999999999999991, 1.064677789348267
1.5000000000000007, 1.0012991184440054
1.499999999999997, 1.0305958547469327
1.4999999999999971, 0.9907428050465834
1.5000000000000018, 1.034721173012441
1.4999999999999971, 1.007100209675298
1.5, 0.983956428476122
1.5000000000000016, 0.997826637854653
1.499999999999996, 0.9781437870608487
1.4999999999999967, 1.036436186585213
1.5000000000000029, 1.0308857295798397
1.5000000000000002, 1.0223762767928442
1.4999999999999976, 0.9343115910802575
1.5000000000000007, 0.9790887035765473
1.4999999999999987, 0.9911546631635069
1.5000000000000024, 0.9602625250557176
1.5000000000000029, 1.0232954222192214
1.4999999999999967, 0.9762312212204993
1.5000000000000002, 0.9793393208126325
1.4999999999999991, 0.9705876394254185
1.5000000000000016, 1.0075470821792782
1.499999999999997, 0.9746443656527572
1.5000000000000013, 0.9780228175476458
1.5000000000000007, 0.9978424321061107
1.4999999999999971, 1.0443777184132375
1.4999999999999984, 0.9954851914815466
1.5000000000000007, 1.0120061510171867
1.4999999999999976, 1.0192637188608544
1.4999999999999998, 0.9831776780348263
1.5000000000000009, 1.0175612749300367
1.5000000000000024, 0.9898029871783264
1.5000000000000007, 1.0063429200473797
1.5000000000000018, 1.0020209008566563
1.4999999999999953, 1.0034437082902006
1.5000000000000016, 1.0245660018798861
1.5000000000000033, 1.0167385835554243
1.5000000000000029, 0.988896068418178
1.5000000000000073, 1.0011363014435806
1.5000000000000024, 1.0132596539489955
1.5000000000000016, 0.9565490307334956
1.5000000000000002, 1.0328857715142064
1.4999999999999998, 1.0135791205207985
1.499999999999997, 0.9692421112137983
1.4999999999999971, 1.010195100861312
1.5000000000000007, 0.9818369564119294
1.5000000000000022, 0.984004550905512
1.4999999999999993, 1.0134589097276656
1.4999999999999976, 0.9855198386419848
1.4999999999999987, 0.9629622716741211
1.5000000000000013, 1.05823550145412
1.4999999999999951, 1.0064360434403914
1.5000000000000016, 1.0290625863718383
1.5, 1.0094739820842706
1.4999999999999936, 1.0024881008798048
1.5000000000000002, 1.0271983408077512
1.5000000000000024, 0.9790354095658427
1.4999999999999967, 0.9939739511314052
1.5000000000000007, 0.9632873544867584
1.5000000000000002, 0.995083076847661
1.499999999999996, 1.0083050734793075
1.500000000000003, 0.972413975993742
1.4999999999999976, 0.9919091235950962
1.499999999999996, 0.9979308876994328
1.4999999999999978, 0.9879437818000945
1.5000000000000002, 0.9833292242696132
1.4999999999999978, 0.9425742990898005
1.4999999999999993, 1.002819073624221
1.4999999999999987, 0.9897912680158478
1.4999999999999998, 1.01022284308287
1.5000000000000002, 0.9919243740050551
1.4999999999999993, 0.9676791649869474
1.500000000000003, 1.0260041044747337
1.5000000000000038, 1.0360831420556305
1.4999999999999993, 1.031416685118513
1.5000000000000033, 0.9987289838673415
1.4999999999999987, 0.9770882214571278
1.5000000000000018, 0.9642114958907713
1.5000000000000002, 0.9899383120758991
1.5000000000000022, 1.0102921702928118
1.5000000000000009, 1.023005179693336
1.4999999999999998, 0.9754017295674726
1.5000000000000009, 1.019078803574566
1.4999999999999993, 0.9855658687508432
1.4999999999999962, 1.0093982504575567
1.4999999999999962, 0.9418541511423589
1.4999999999999991, 0.9788856162450755
1.499999999999997, 0.9768686986191708
1.5000000000000002, 1.0654271562841477
1.4999999999999962, 1.0233779339715443
1.5000000000000024, 0.9886368653896553
1.4999999999999993, 0.9494897268933868
1.4999999999999998, 0.9902394262579048
1.4999999999999993, 0.9989513203185607
1.4999999999999984, 1.017148076295829
1.4999999999999962, 0.9694394547499334
1.5, 1.022936780874024
1.4999999999999951, 1.0272362997693751
1.4999999999999987, 1.0195941075876034
1.4999999999999962, 0.9884604601964375
1.499999999999997, 0.9833609765746532
1.5, 1.0513085765711683
1.5000000000000002, 0.993336210711179
1.5000000000000022, 1.0113963438604041
1.4999999999999982, 0.9952461155331439
1.5, 0.9765091110521262
1.5, 0.9819196541877655
1.4999999999999982, 1.0047860219312161
1.5000000000000018, 1.006050707055072
1.5000000000000024, 0.9948236671085626
1.4999999999999971, 0.968819424784748
1.5000000000000044, 0.9890641444217598
1.4999999999999978, 1.0178997557349696
1.4999999999999987, 0.990933235579387
1.5000000000000033, 0.9996794107033706
1.4999999999999998, 1.015020300146876
1.5000000000000016, 1.0044831371964105
1.5000000000000007, 1.0243559787492817
1.4999999999999998, 1.0358097298488973
1.4999999999999976, 0.9977878089331198
1.499999999999992, 0.960645940186403
1.4999999999999947, 1.0238254415727908
1.5000000000000038, 0.9770681478447455
1.5000000000000002, 1.0246301039347296
1.5000000000000033, 0.9853837045510154
1.5000000000000029, 1.0364667350968344
1.4999999999999978, 0.9743659088984398
1.4999999999999998, 0.9979503443267057
1.5000000000000018, 0.9905368657817608
1.5000000000000002, 1.0103171437030738
1.4999999999999953, 1.039615954346405
1.5000000000000009, 1.0466250941924988
1.4999999999999976, 1.0487331566815599
1.4999999999999993, 1.0708139182961292
1.5000000000000016, 1.02308927485217
1.5000000000000024, 0.9593766063077376
1.5000000000000002, 0.9573711843717081
1.4999999999999976, 0.9794407264436319
1.5000000000000024, 1.0265595168304458
1.4999999999999971, 0.970478079472168
1.4999999999999944, 1.040931500290299
1.5000000000000007, 1.0047678724017013
1.5000000000000002, 0.959001874065696
1.5000000000000018, 1.086706715836658
1.4999999999999976, 1.0144995907555172
1.499999999999997, 1.002363775900474
1.4999999999999982, 0.9606815153463211
1.499999999999996, 0.9996162145229472
1.4999999999999947, 0.9838776997991789
1.5, 1.011404828638151
1.5, 1.0392178640901963
1.4999999999999971, 1.0254420692528845
1.4999999999999991, 1.0121048169543891
1.5000000000000056, 1.0217751043084826
1.4999999999999987, 0.9819938538139716
1.4999999999999962, 0.9884321975141643
1.5, 0.9938206575166832
1.5000000000000022, 0.994789164896942
1.5000000000000053, 1.0219986591494654
1.4999999999999984, 0.9972326096159141
1.5000000000000009, 1.0497097515774847
1.5000000000000044, 0.9834172848357281
1.5000000000000007, 1.0194556818475637
1.4999999999999971, 0.9971878167161015
1.4999999999999971, 0.9776962723400997
1.4999999999999987, 1.0050176525955938
1.4999999999999967, 1.0002354059334346
1.5000000000000029, 0.9781550745331922
1.5000000000000016, 1.0578863890792762
1.4999999999999976, 0.9818159927422268
1.5000000000000047, 1.0058247529388358
1.4999999999999987, 1.020294766629128
1.5, 1.029668162868796
1.5000000000000016, 0.9994127687367234
1.5000000000000009, 1.0060063043063932
1.5000000000000002, 1.0093477389621153
1.5, 1.0636876027900588
1.5000000000000007, 1.0535182555462974
1.499999999999993, 1.0208473478045883
1.4999999999999931, 1.043712711369373
1.4999999999999962, 0.9831886857807742
1.5000000000000024, 1.016290104245182
1.4999999999999978, 0.9996115611245908
1.5000000000000029, 1.0162386102094718
1.4999999999999971, 1.0172324116756692
1.4999999999999991, 1.0107004517996871
1.4999999999999962, 1.0384367907730865
1.5000000000000002, 1.0486573375414183
1.5000000000000038, 1.0217589392526758
1.499999999999997, 1.0137019190970533
1.500000000000007, 0.9856602708250016
1.4999999999999987, 0.9770694771191377
1.5000000000000016, 0.9943297574034089
1.500000000000004, 1.0304847651613729
1.5000000000000016, 1.0146451645139813
1.5000000000000018, 0.9878632543918702
1.5000000000000007, 1.0348415261158723
1.5000000000000016, 0.9832578685973183
1.5000000000000049, 0.9939000503309401
1.4999999999999998, 0.9885834192377035
1.5000000000000016, 0.9991115956895609
1.5000000000000022, 0.9910709200149452
1.5000000000000049, 0.9865789189880805
1.4999999999999982, 1.021031952155644
1.4999999999999984, 1.0277891382001618
1.5, 1.0212525508627999
1.4999999999999951, 0.9919269147011779
1.5000000000000016, 1.006807405376168
1.4999999999999982, 1.0084317329983374
1.5000000000000053, 0.9624788428535151
1.5000000000000044, 0.9804234690388418
1.5000000000000002, 0.9853976625959837
1.4999999999999987, 1.0047689601820418
1.5000000000000038, 1.0173228869383253
1.4999999999999982, 0.9848520871725495
