ATE real, ATE estimado
0.3463696650229553, 0.3650465497299505
0.3489202516578813, 0.31790169637359655
0.33837782690018703, 0.3174888204731899
0.33667743581023635, 0.3538560050899764
0.3388879442271722, 0.33145589945290155
0.3288556367964632, 0.314062474052886
0.3444992348240095, 0.3295299679397865
0.3412684917531032, 0.3123401132255198
0.3518109165107975, 0.37216951327354053
0.3414385308620983, 0.3246749714428737
0.33072606699540896, 0.32616160078323286
0.3395681006631525, 0.34518532957978026
0.3473898996769257, 0.333779119988507
0.34228872640707364, 0.30720526337466636
0.3261350110525421, 0.3066954509454486
0.33616731848325115, 0.32477597324108864
0.345689508586975, 0.3482225005730826
0.333276653630335, 0.3426516040089646
0.3380377486821969, 0.3225361682302325
0.34347900017003913, 0.3308651591427569
0.34092841353511305, 0.3340713795766987
0.34211868729807854, 0.3343759003283078
0.3450093521509947, 0.3737988715335926
0.3424587655160687, 0.35827773740861263
0.3387179051181772, 0.35299732301618486
0.34909029076687637, 0.3463417203971364
0.343308961061044, 0.3409581189972702
0.34092841353511305, 0.350989714264702
0.3419486481890835, 0.32736295560076273
0.3346369665022955, 0.34669186281601644
0.3370175140282265, 0.31208352260882405
0.3395681006631525, 0.3438130267777383
0.3438190783880292, 0.3470420465331454
0.3400782179901377, 0.32342948064626614
0.3461996259139602, 0.3316801306763467
0.34602958680496515, 0.3743339974448311
0.3444992348240095, 0.35787707650434863
0.33939806155415747, 0.3321251517109709
0.35028056452984185, 0.37333412475975764
0.3412684917531032, 0.3717386221815001
0.34109845264410815, 0.32584216823712636
0.35419146403672847, 0.38666843694788117
0.3400782179901377, 0.3502404406801459
0.33616731848325115, 0.36594844224842427
0.34432919571501447, 0.3703268640097779
0.3436490392790342, 0.3223066514529
0.34109845264410815, 0.3254780425317573
0.3351470838292807, 0.38239436724446846
0.3412684917531032, 0.3274179666069674
0.33361673184832513, 0.3482752639630683
0.35079068185682705, 0.33722330375263415
0.3451793912599898, 0.34045916869069853
0.3436490392790342, 0.3679869234975987
0.3376976704642068, 0.32932234131932314
0.3390579833361673, 0.3564039638712923
0.3429688828430539, 0.36833254491966594
0.343308961061044, 0.35775311271686466
0.33004591055942867, 0.3207038698800878
0.34058833531712296, 0.33558942117492946
0.3327665363033498, 0.3296388097402655
0.3439891174970243, 0.35280401015104784
0.34211868729807854, 0.3169745274964292
0.33106614521339905, 0.36138566615508644
0.3511307600748172, 0.34920366734773434
0.3475599387859208, 0.37213830708595785
0.343308961061044, 0.32863676748869514
0.3436490392790342, 0.33957465777111606
0.34177860908008845, 0.3420663264811045
0.3461996259139602, 0.31703065303649164
0.34058833531712296, 0.3609935216437409
0.3376976704642068, 0.35430834149382134
0.34177860908008845, 0.3370865993952269
0.3574222071076348, 0.3355259461129939
0.3298758714504336, 0.37447410515004975
0.3439891174970243, 0.3388778913936653
0.3380377486821969, 0.33283844211722863
0.3461996259139602, 0.33846995849864625
0.35215099472878764, 0.341394028985156
0.3438190783880292, 0.34057068806765206
0.34858017343989117, 0.3589324624637022
0.33429688828430537, 0.3607456067353809
0.3475599387859208, 0.32971524681820635
0.3438190783880292, 0.3424001558690668
0.3516408774018024, 0.35997867967744634
0.3439891174970243, 0.3623098405734053
0.32868559768746813, 0.3426962392064131
0.34602958680496515, 0.3739316324137458
0.3380377486821969, 0.3535593084945676
0.3370175140282265, 0.35254949394570184
0.3484101343308961, 0.3509357011295993
0.3414385308620983, 0.3502954983636412
0.335827240265261, 0.3422207343831023
0.3370175140282265, 0.32578331761252016
0.34602958680496515, 0.32473161633498804
0.3339568100663153, 0.34288902733801657
0.33837782690018703, 0.3050205795689733
0.3487502125488862, 0.3981024449698978
0.34092841353511305, 0.3247259753226278
0.34585954769597005, 0.3298333733102624
0.35147083829280734, 0.33443212318258847
0.3436490392790342, 0.33056701232877217
0.34092841353511305, 0.3299344023837408
0.33990817888114266, 0.34975700568773743
0.34721986056793064, 0.35220104160091176
0.3439891174970243, 0.3373890311876645
0.338207787791192, 0.35867084710212677
0.3439891174970243, 0.3601435763751565
0.35028056452984185, 0.36390408931676155
0.3429688828430539, 0.34530830872856677
0.3375276313552117, 0.3286389862283684
0.343308961061044, 0.35018847141301085
0.3494303689848665, 0.35878371890581756
0.33004591055942867, 0.33364770374412045
0.34228872640707364, 0.32773201445195616
0.34483931304199966, 0.3360216283791868
0.34534943036898486, 0.3716808716495965
0.34347900017003913, 0.3394908508509503
0.34092841353511305, 0.35388234697741655
0.3402482570991328, 0.32134853087328125
0.3390579833361673, 0.3175089789326918
0.34041829620812786, 0.32746201615849074
0.34160856997109335, 0.3495776385707877
0.3429688828430539, 0.33088700529747017
0.3395681006631525, 0.3491152261851488
0.34534943036898486, 0.3442196079747385
0.3439891174970243, 0.3462387391547097
0.34602958680496515, 0.3260991843668486
0.3387179051181772, 0.3708791748622554
0.330896106104404, 0.36170552841793746
0.3414385308620983, 0.3041792426417434
0.3370175140282265, 0.34360309702667724
0.3397381397721476, 0.3154497378493575
0.3496004080938616, 0.33848330376178243
0.34228872640707364, 0.3102329652901708
0.34109845264410815, 0.3408238103318846
0.33854786600918213, 0.3403193570652732
0.33854786600918213, 0.3413134402823841
0.3414385308620983, 0.350518120221121
0.3325964971943547, 0.3219278537227259
0.3337867709573202, 0.31605951304947855
0.3479000170039109, 0.337597297603128
0.335827240265261, 0.3512095852130564
0.34909029076687637, 0.33489650236494717
0.3424587655160687, 0.34282782755353425
0.34415915660601937, 0.3394513865546072
0.343138921952049, 0.3405803470849274
0.3501105254208468, 0.33652266134561243
0.3363373575922462, 0.3439883009431461
0.3461996259139602, 0.34178197170622165
0.3438190783880292, 0.35087129418448204
0.33055602788641386, 0.31777379081589113
0.3545315422547186, 0.3352091597819175
0.3444992348240095, 0.3403151402918798
0.33429688828430537, 0.3403595370190143
0.34415915660601937, 0.3675879009989134
0.3290256759054583, 0.3252492624028212
0.3446692739330046, 0.3196550069281088
0.33497704472028567, 0.3178553767570308
0.33939806155415747, 0.36181942879338314
0.3375276313552117, 0.32928412743380564
0.33854786600918213, 0.3490035720449451
0.34602958680496515, 0.3341870369165608
0.3370175140282265, 0.34322622821577853
0.3375276313552117, 0.31452050945026433
0.3426288046250638, 0.33209728232227204
0.34109845264410815, 0.34685532148907766
0.3390579833361673, 0.34225800175497234
0.3290256759054583, 0.3250085621085917
0.345689508586975, 0.36359368558027694
0.3363373575922462, 0.3032594673554202
0.34432919571501447, 0.3057170061296264
0.3325964971943547, 0.3109509001325158
0.33786770957320184, 0.3700009972000719
0.34432919571501447, 0.32345321246285047
0.3479000170039109, 0.3496219128512124
0.3438190783880292, 0.31969788551707684
0.34177860908008845, 0.3578713948638653
0.335827240265261, 0.35015946010684873
0.33191634075837445, 0.3228544506183263
0.3291957150144533, 0.31366542045741963
0.338207787791192, 0.33276938091151675
0.350620642747832, 0.3347719294763974
0.34977044720285666, 0.36402885983247707
0.3395681006631525, 0.3179339603679705
0.33735759224621664, 0.3273717986274904
0.3426288046250638, 0.3721499080292588
0.3331066145213399, 0.30608285179105443
0.3446692739330046, 0.3134910287216792
0.33718755313722154, 0.3392492918483285
0.34432919571501447, 0.3470497913501839
0.33718755313722154, 0.35723198863599614
0.3346369665022955, 0.3511471988455302
0.3545315422547186, 0.34633761666082213
0.33497704472028567, 0.3125965515023177
0.3450093521509947, 0.3342860636071583
0.343308961061044, 0.32310592582177516
0.3388879442271722, 0.3329879420378047
0.33922802244516237, 0.35512084853495224
0.3376976704642068, 0.34889234418160975
0.3365073967012413, 0.32257829009383193
0.3395681006631525, 0.29546642516285265
0.3390579833361673, 0.34372502594295085
0.34432919571501447, 0.3568162818520925
0.3419486481890835, 0.3379108509819821
0.34211868729807854, 0.3352628999194372
0.3424587655160687, 0.34382121903175417
0.34483931304199966, 0.3402498314629734
0.35215099472878764, 0.3460769767092455
0.34415915660601937, 0.3478503896580686
0.33242645808535964, 0.32596748083343324
0.34058833531712296, 0.3800595402861831
0.33854786600918213, 0.3414326159997965
0.3438190783880292, 0.3469942153083733
0.3387179051181772, 0.3330683427197292
0.335827240265261, 0.3427241900373267
0.3463696650229553, 0.36076698434517956
0.34092841353511305, 0.3694002561991545
0.33548716204727086, 0.3202068010407606
0.3450093521509947, 0.30638080965033687
0.35402142492773336, 0.34063998676762025
0.3463696650229553, 0.3802688840296178
0.3380377486821969, 0.3197400519314568
0.33599727937425605, 0.3368845671630738
0.3363373575922462, 0.32074744926086773
0.35147083829280734, 0.3653370003459703
0.33922802244516237, 0.3525910365089877
0.33667743581023635, 0.3224762312426132
0.33616731848325115, 0.34053979058844575
0.3439891174970243, 0.3286328578280618
0.3439891174970243, 0.3491772071758932
0.3419486481890835, 0.3845307308867957
0.343138921952049, 0.332886229979903
0.3351470838292807, 0.32426385788287104
0.343308961061044, 0.3488817545570279
0.3320863798673695, 0.3486133209985388
0.3475599387859208, 0.352061329613391
0.35096072096582215, 0.33014467129726977
0.33922802244516237, 0.32164032880501503
0.33242645808535964, 0.34819498691752093
0.3315762625403843, 0.30294359302790164
0.3451793912599898, 0.3755663313711947
0.3390579833361673, 0.3676445367230279
0.3375276313552117, 0.33722979060883945
0.3370175140282265, 0.2953833883068905
0.3320863798673695, 0.3492355649437874
0.3375276313552117, 0.3615852612463955
0.3380377486821969, 0.3406951389996062
0.345689508586975, 0.345101884103864
0.33429688828430537, 0.33914373835229406
0.35147083829280734, 0.3660217214299166
0.34177860908008845, 0.3446467192550837
0.34347900017003913, 0.34059612196033184
0.35691208978064953, 0.3857361399607703
0.3489202516578813, 0.33986669759244337
0.3501105254208468, 0.3603734468521038
0.34534943036898486, 0.3572003382280222
0.3511307600748172, 0.3463629114680809
0.33786770957320184, 0.3498312795497186
0.3513007991838123, 0.33313056803920243
0.3429688828430539, 0.3363489659594193
0.34211868729807854, 0.313264976073631
0.3489202516578813, 0.32423175960197337
0.3479000170039109, 0.3647984198108281
0.34041829620812786, 0.3207845986964837
0.3348070056112906, 0.3160760038680442
0.3487502125488862, 0.34987609056174634
0.3363373575922462, 0.32437914481253427
0.335827240265261, 0.3310285146790931
0.33293657541234484, 0.33615679236485735
0.33293657541234484, 0.3602807258913042
0.3370175140282265, 0.3124955489889718
0.3446692739330046, 0.3270771315300045
0.3436490392790342, 0.3631799036257358
0.345689508586975, 0.3597710101963142
0.34347900017003913, 0.3441767979514746
0.34041829620812786, 0.3295348769162849
0.33599727937425605, 0.32183153891344973
0.32239415065465055, 0.33796850389179056
0.34585954769597005, 0.3394499463487728
0.34160856997109335, 0.33371527641770016
0.33684747491923145, 0.340186131256509
0.348240095221901, 0.3434914012870611
0.3439891174970243, 0.34828174444520993
0.3397381397721476, 0.32524020979487783
0.3370175140282265, 0.320050450033975
0.3513007991838123, 0.35725131980936664
0.3402482570991328, 0.35579814823391687
0.3461996259139602, 0.3277474270587143
0.33854786600918213, 0.32959766876700625
0.3388879442271722, 0.3608406979585469
0.3463696650229553, 0.3446818294477456
0.34058833531712296, 0.35444282294393153
0.34670974324094544, 0.35159763414861
0.33174630164937935, 0.32884341532311234
0.3489202516578813, 0.3508302364800755
0.35147083829280734, 0.37185959094550863
0.348070056112906, 0.3662820080333694
0.34602958680496515, 0.3457669870949786
0.34211868729807854, 0.3605225412102184
0.34585954769597005, 0.3352432155269771
0.3320863798673695, 0.32337956842099447
0.34177860908008845, 0.3170104454635153
0.3419486481890835, 0.32335032739978614
0.3327665363033498, 0.33869977736100754
0.3395681006631525, 0.34091820773849063
0.34211868729807854, 0.3419007549854096
0.3513007991838123, 0.35416023315585465
0.34670974324094544, 0.3474671622497176
0.3451793912599898, 0.3640195618605813
0.3501105254208468, 0.3590491457669829
0.3387179051181772, 0.3394263828533951
0.3370175140282265, 0.3130760727294583
0.3314062234313892, 0.32244389826262
0.3424587655160687, 0.3734946896146924
0.34772997789491583, 0.3416128218067297
0.3429688828430539, 0.319550582174609
0.3337867709573202, 0.33933354765652135
0.3400782179901377, 0.3468407428771282
0.3436490392790342, 0.3334863571595651
0.34670974324094544, 0.33211871411478855
0.34228872640707364, 0.3493900076092449
0.34109845264410815, 0.3236386217586367
0.34177860908008845, 0.3503638974092876
0.34534943036898486, 0.338308914011907
0.333276653630335, 0.32078082465965174
0.33344669273933003, 0.3549235351379647
0.3395681006631525, 0.37286704601692844
0.32868559768746813, 0.33027440554607534
0.33123618432239416, 0.31442063018019556
0.3302159496684237, 0.34101337079010163
0.34347900017003913, 0.3294983854561818
0.33786770957320184, 0.35080323080337766
0.3468797823499405, 0.34186988045000816
0.33225641897636454, 0.3620322266769108
0.340758374426118, 0.32237635501851125
0.338207787791192, 0.3231606853527569
0.343308961061044, 0.34337253744088225
0.34585954769597005, 0.3150774636958703
0.3346369665022955, 0.3312810822076777
0.3436490392790342, 0.35228872548828927
0.343138921952049, 0.32996262712847907
0.34670974324094544, 0.31382109287163706
0.3424587655160687, 0.32475165355980773
0.3315762625403843, 0.34883464219921145
0.3348070056112906, 0.3395913085560839
0.3337867709573202, 0.35556814147264726
0.34602958680496515, 0.35733746599918437
0.348070056112906, 0.3351345342780577
0.3390579833361673, 0.3183077946282532
0.33837782690018703, 0.31731760286985716
0.345689508586975, 0.33953371719414677
0.33786770957320184, 0.331968316396785
0.353171229382758, 0.35577998407471756
0.33684747491923145, 0.32136626456356815
0.3346369665022955, 0.32087124651217075
0.34602958680496515, 0.36263053236983445
0.3518109165107975, 0.3409789098366579
0.34092841353511305, 0.3200260044199926
0.33735759224621664, 0.33360980913973803
0.35266111205577283, 0.326358529949197
0.34160856997109335, 0.3452038133093568
0.3327665363033498, 0.3402978519620843
0.34211868729807854, 0.3171584782755452
0.3436490392790342, 0.401219089384527
0.3424587655160687, 0.3421059256698614
0.3363373575922462, 0.34515287139962036
0.34160856997109335, 0.34757026122692436
0.33786770957320184, 0.3281682240747765
0.35028056452984185, 0.3348063475246203
0.3494303689848665, 0.37560499667581665
0.3348070056112906, 0.3230667165493587
0.3450093521509947, 0.3641971641157359
0.34160856997109335, 0.3609796709036682
0.35079068185682705, 0.3555699746173314
0.3363373575922462, 0.33233894614064563
0.34551946947797996, 0.3202513096599966
0.3344669273933005, 0.31567453329344397
0.34909029076687637, 0.33764999913404253
0.3444992348240095, 0.3228013758020191
0.35079068185682705, 0.33279026745498713
0.35079068185682705, 0.33315835503989
0.3499404863118517, 0.3317244297577853
0.34670974324094544, 0.3683814723223318
0.3402482570991328, 0.34264298181210595
0.3346369665022955, 0.28438852654764324
0.34109845264410815, 0.31737135791347293
0.3484101343308961, 0.3662068867142608
0.34279884373405883, 0.3805135040431047
0.3390579833361673, 0.3417562516667446
0.35028056452984185, 0.31213051810309617
0.34721986056793064, 0.34362120517486194
0.33361673184832513, 0.35536709735486927
0.3438190783880292, 0.34691224633599377
0.3475599387859208, 0.36152276611351286
0.34160856997109335, 0.3233334257773327
0.34058833531712296, 0.34228232340878717
0.33854786600918213, 0.33988827327711496
0.33429688828430537, 0.3112229851506233
0.3380377486821969, 0.36818421835772297
0.335827240265261, 0.33394365203154786
0.34585954769597005, 0.3689002247811607
0.3353171229382758, 0.3518045521805009
0.3375276313552117, 0.3549424249854914
0.33786770957320184, 0.375908334447112
0.34092841353511305, 0.36409998270939986
0.3400782179901377, 0.3490020589949294
0.3429688828430539, 0.334986843293832
0.34926032987587147, 0.32668132289122354
0.33735759224621664, 0.34672371837631294
0.34653970413195034, 0.3645054940352652
0.34534943036898486, 0.3422788773822708
0.34858017343989117, 0.3468546308815564
0.33735759224621664, 0.37258845348489794
0.33548716204727086, 0.363417512383037
0.3463696650229553, 0.3675860733550325
0.3523210338377827, 0.3595282317920224
0.333276653630335, 0.35467091018720937
0.3298758714504336, 0.32694629728741914
0.34160856997109335, 0.33331853515037607
0.3387179051181772, 0.32638399584980143
0.3346369665022955, 0.3403331216608005
0.34772997789491583, 0.3456134357781059
0.33718755313722154, 0.3357203225009681
0.34858017343989117, 0.33791044824784744
0.34551946947797996, 0.3576988314572636
0.35096072096582215, 0.3333860943841199
0.34160856997109335, 0.34402653576858566
0.3446692739330046, 0.3419333388439536
0.3439891174970243, 0.3445400470978008
0.33225641897636454, 0.3282535334975901
0.33344669273933003, 0.31958740972704747
0.35198095561979253, 0.353092108913293
0.34211868729807854, 0.35971243773139694
0.34058833531712296, 0.3086665430096737
0.335827240265261, 0.34296521309590144
0.3451793912599898, 0.33936242137288836
0.335827240265261, 0.3424235686698825
0.34926032987587147, 0.3958991880673456
0.3353171229382758, 0.320552436605594
0.34177860908008845, 0.3160943203674887
0.3297058323414385, 0.3057542553710511
0.3426288046250638, 0.3223982711649344
0.34177860908008845, 0.3514472973439458
0.3380377486821969, 0.3442095938895493
0.3436490392790342, 0.37582552247061657
0.3419486481890835, 0.3619107581752072
0.33718755313722154, 0.34816097587126127
0.3315762625403843, 0.3545001276800115
0.34041829620812786, 0.34992673190648704
0.34211868729807854, 0.33462035786546446
0.33072606699540896, 0.35801337832068963
0.348070056112906, 0.3245598156589406
0.3450093521509947, 0.3611739273525165
0.33599727937425605, 0.32842468320620793
0.3375276313552117, 0.322430969333605
0.3451793912599898, 0.36595631349648217
0.3412684917531032, 0.35135916377726145
0.34602958680496515, 0.3523809813252755
0.34721986056793064, 0.34857494121918486
0.33939806155415747, 0.3306357850503864
0.33106614521339905, 0.3262386468445816
0.33344669273933003, 0.36528617924441753
0.33939806155415747, 0.3103612103891044
0.3513007991838123, 0.3497289887178245
0.338207787791192, 0.31473693711107287
0.3400782179901377, 0.34271180854403493
0.33854786600918213, 0.37572802544453077
0.33497704472028567, 0.32334536617358367
0.3271552457065125, 0.35040039987552923
0.34432919571501447, 0.3358586435004561
0.3484101343308961, 0.3833076990885832
0.3468797823499405, 0.3575975835072934
0.3523210338377827, 0.3867632661334899
0.340758374426118, 0.32793054395745463
0.3390579833361673, 0.350950820202452
0.33055602788641386, 0.32251119762466185
0.34585954769597005, 0.3546183324403852
0.3473898996769257, 0.3444389139572963
0.3341268491753103, 0.3178547499667448
0.33225641897636454, 0.35350942306388644
0.34109845264410815, 0.35590059252122375
0.3444992348240095, 0.3631865104877683
0.3395681006631525, 0.3259364809959477
0.34160856997109335, 0.34423807037775833
0.3429688828430539, 0.3228197803513968
0.34534943036898486, 0.33167746776943263
0.3402482570991328, 0.3293364225110065
0.3351470838292807, 0.35407949343605294
0.3429688828430539, 0.3153338493351572
0.3424587655160687, 0.3570194615359314
0.3494303689848665, 0.352709340234697
0.3499404863118517, 0.34929339529368053
0.34058833531712296, 0.34770676961371494
0.34432919571501447, 0.33387070907130606
0.34041829620812786, 0.3444194307079592
0.3298758714504336, 0.2866383157803222
0.33939806155415747, 0.31927942006191823
0.3444992348240095, 0.34747770951382767
0.355551776908689, 0.3405329805640376
0.3518109165107975, 0.33503938159901137
0.33718755313722154, 0.333103513848922
0.33548716204727086, 0.32869313819553303
0.3419486481890835, 0.33176327857350113
0.340758374426118, 0.35944095744207216
0.335827240265261, 0.336571098237604
0.34211868729807854, 0.30165008442922614
0.33854786600918213, 0.31075004320707716
0.3388879442271722, 0.3234934558355095
0.34347900017003913, 0.32213882875962285
0.35351130760074817, 0.3389662595061683
0.345689508586975, 0.33440768652874087
0.3325964971943547, 0.3515704025450749
0.33565720115626596, 0.34184426315701716
0.33616731848325115, 0.3365238774876894
0.34160856997109335, 0.32308479143655716
0.3429688828430539, 0.3585793558999417
0.35096072096582215, 0.34496709571766593
0.3419486481890835, 0.36050930010353577
0.33786770957320184, 0.3252936101638114
0.333276653630335, 0.32527314700804216
0.3400782179901377, 0.3403188647834827
0.34041829620812786, 0.32967233076903074
0.3414385308620983, 0.32387014063682923
0.33191634075837445, 0.3590060650674654
0.33786770957320184, 0.3366770265485066
0.33990817888114266, 0.3326715843459544
0.3479000170039109, 0.35724541282487826
0.3523210338377827, 0.3836142099158422
0.345689508586975, 0.3546666350347473
0.3451793912599898, 0.3189194319737182
0.3341268491753103, 0.3396187309629096
0.3375276313552117, 0.32668180800362684
0.3387179051181772, 0.329964932773603
0.34551946947797996, 0.3660225363195508
0.3444992348240095, 0.3471751726971456
0.33939806155415747, 0.34098133112343965
0.3446692739330046, 0.3543020784273124
0.33599727937425605, 0.37486507716252115
0.3429688828430539, 0.3445063651339775
0.3348070056112906, 0.35703051850012535
0.3473898996769257, 0.36609082836788354
0.3397381397721476, 0.35802939499180386
0.3298758714504336, 0.33888587153820576
0.3390579833361673, 0.3380304749757802
0.33854786600918213, 0.3556271329248636
0.3438190783880292, 0.3355788429888932
0.33225641897636454, 0.32421027633962796
0.3266451283795273, 0.352943260226939
0.3353171229382758, 0.32986232881089195
0.3397381397721476, 0.3447895767475448
0.33242645808535964, 0.34632431374368117
0.343308961061044, 0.3314038942279105
0.3365073967012413, 0.319251149960065
0.33599727937425605, 0.32220623177149127
0.34534943036898486, 0.3414679240330579
0.3438190783880292, 0.30671808945049833
0.33939806155415747, 0.3003701383215125
0.34109845264410815, 0.3040704871964608
0.340758374426118, 0.3451556985446754
0.333276653630335, 0.2955467765530346
0.3436490392790342, 0.33891739903967977
0.34092841353511305, 0.3439596799206779
0.35045060363883695, 0.3402788222318038
0.35147083829280734, 0.3433141364229766
0.35028056452984185, 0.342331033282378
0.3376976704642068, 0.3380012128641475
0.33684747491923145, 0.3436361775054824
0.3414385308620983, 0.339054943390401
0.34534943036898486, 0.376159645077989
0.3426288046250638, 0.30330019138545056
0.3429688828430539, 0.3714333384612404
0.3346369665022955, 0.3607727612509081
0.34670974324094544, 0.35903840890379246
0.3365073967012413, 0.30777179272072297
0.3475599387859208, 0.37758335473780746
0.32851555857847303, 0.30253755843832186
0.3395681006631525, 0.34620236242075775
0.33225641897636454, 0.3479070122732162
0.34177860908008845, 0.3381993020533949
0.3388879442271722, 0.34559560686457186
0.34228872640707364, 0.3723960531373973
0.340758374426118, 0.3280751154445536
0.3487502125488862, 0.3637912172168749
0.3387179051181772, 0.3632364950223128
0.33684747491923145, 0.2979867980449154
0.340758374426118, 0.32784350811196766
0.33429688828430537, 0.34140992062692666
0.3303859887774188, 0.34294126265746133
0.33667743581023635, 0.3142260749942881
0.340758374426118, 0.32776369278381906
0.3451793912599898, 0.3787683114617222
0.34092841353511305, 0.35191565724919116
0.3375276313552117, 0.3059708181087851
0.3387179051181772, 0.36427096063346637
0.33939806155415747, 0.351853669392756
0.348240095221901, 0.38106189852031236
0.33735759224621664, 0.33743139105519404
0.34279884373405883, 0.3431499594044535
0.33922802244516237, 0.36434398150199737
0.345689508586975, 0.32531632123339893
0.34041829620812786, 0.3344456979982808
0.33497704472028567, 0.3309535713612726
0.3297058323414385, 0.3068474228971632
0.33429688828430537, 0.32536152498666665
0.340758374426118, 0.357563697173918
0.32698520659751745, 0.3216074686627454
0.3494303689848665, 0.3851453586032625
0.3426288046250638, 0.3376159253482844
0.3376976704642068, 0.32845037237425356
0.34432919571501447, 0.3857916241624727
0.3473898996769257, 0.329036078850511
0.3461996259139602, 0.3470461945211104
0.34109845264410815, 0.34029192348341464
0.3461996259139602, 0.32775760540328147
0.3439891174970243, 0.34413408330212264
0.33225641897636454, 0.338055689790276
0.34704982145893554, 0.3571410611682862
0.3475599387859208, 0.3289785305123154
0.3261350110525421, 0.3312164193240216
0.34228872640707364, 0.3379878434535124
0.345689508586975, 0.34316903121322667
0.3400782179901377, 0.3573900408918952
0.34058833531712296, 0.33636292286686464
0.33106614521339905, 0.3167887688564145
0.330896106104404, 0.34527131401514377
0.3331066145213399, 0.34100526659009484
0.3390579833361673, 0.3460883709855643
0.3475599387859208, 0.34119264740201194
0.3468797823499405, 0.3418486638388713
0.33854786600918213, 0.35439946896560826
0.34551946947797996, 0.35578564846565475
0.3412684917531032, 0.3578492784346716
0.3461996259139602, 0.33877294403736324
0.3380377486821969, 0.34370671279307374
0.3439891174970243, 0.3401606073143686
0.32732528481550754, 0.3230224600937255
0.3438190783880292, 0.3241472312249601
0.33293657541234484, 0.3023896639691463
0.3344669273933005, 0.3464130441384545
0.33616731848325115, 0.30716643603031213
0.3400782179901377, 0.33938618721300345
0.3388879442271722, 0.3475587686949893
0.34585954769597005, 0.3504582748250463
0.34551946947797996, 0.33934461412822253
0.34602958680496515, 0.3234501244574678
0.340758374426118, 0.36586249551675476
0.3574222071076348, 0.35638883305263236
0.348240095221901, 0.32638935552716597
0.345689508586975, 0.3694094078741618
0.33939806155415747, 0.33485253428625117
0.34092841353511305, 0.3370805089066736
0.34177860908008845, 0.34674116170083896
0.3536813467097432, 0.33522606739763977
0.34109845264410815, 0.3665863007994802
0.33429688828430537, 0.3483095148162913
0.34432919571501447, 0.336024493448981
0.3426288046250638, 0.32497556945077527
0.3487502125488862, 0.35459768989556023
0.3353171229382758, 0.3187155253815779
0.33225641897636454, 0.3343989712422972
0.3387179051181772, 0.3535349458256699
0.3387179051181772, 0.3169268389362632
0.33854786600918213, 0.3398737852706876
0.3463696650229553, 0.3696865069822117
0.333276653630335, 0.3337607386060769
0.34092841353511305, 0.34159776633043337
0.34653970413195034, 0.348321924217684
0.3341268491753103, 0.33753175975023764
0.34279884373405883, 0.3429704659389805
0.3348070056112906, 0.3432082835183057
0.34092841353511305, 0.3580443886130216
0.34160856997109335, 0.35158274038483284
0.343308961061044, 0.3701282152705271
0.3380377486821969, 0.30096514088260956
0.34602958680496515, 0.3469109404684601
0.3375276313552117, 0.3302407470941344
0.3351470838292807, 0.3252051442221269
0.3397381397721476, 0.32935782902957156
0.35215099472878764, 0.336598199849702
0.3496004080938616, 0.3253287715902393
0.3475599387859208, 0.3309387901006716
0.35096072096582215, 0.32404834511445396
0.3353171229382758, 0.3251692081033437
0.34602958680496515, 0.3412249691381398
0.3426288046250638, 0.33548569787189503
0.33786770957320184, 0.3579454677050583
0.3376976704642068, 0.36170282390485625
0.3479000170039109, 0.3519506330415306
0.3387179051181772, 0.3336014468864287
0.33939806155415747, 0.3118311943363993
0.3473898996769257, 0.3381141362581571
0.3444992348240095, 0.36250403621956073
0.3375276313552117, 0.33765160521096504
0.3426288046250638, 0.3425080682813585
0.33497704472028567, 0.35986143707721
0.330896106104404, 0.3549384936700482
0.348070056112906, 0.32458808071258777
0.3424587655160687, 0.36287188814165783
0.33616731848325115, 0.3312451057806467
0.34721986056793064, 0.35714180688570063
0.33922802244516237, 0.37603825970116783
0.33616731848325115, 0.3011710254437191
0.3501105254208468, 0.3545559271488003
0.35147083829280734, 0.38059149082876337
0.3341268491753103, 0.32506408594496694
0.34160856997109335, 0.3263742331472323
0.33939806155415747, 0.29776734099673413
0.34670974324094544, 0.3522354398662556
0.34347900017003913, 0.32597190525531144
0.3271552457065125, 0.3675176632876128
0.33922802244516237, 0.3374623251304725
0.3387179051181772, 0.3517744571879706
0.3475599387859208, 0.34651078495006365
0.34228872640707364, 0.34189017649434295
0.34858017343989117, 0.3261942009908254
0.33939806155415747, 0.3260463860293904
0.3341268491753103, 0.3412166934381011
0.348240095221901, 0.3674699961451141
0.3461996259139602, 0.34665460871657255
0.34228872640707364, 0.3540343925231688
0.33004591055942867, 0.32599828458182706
0.32800544125148784, 0.336839640726505
0.33667743581023635, 0.33463072468142246
0.34483931304199966, 0.3612314948481835
0.34534943036898486, 0.3596792877899362
0.3496004080938616, 0.34346256029944355
0.340758374426118, 0.341255921931754
0.3339568100663153, 0.33220743646923945
0.3436490392790342, 0.3407385860906555
0.3536813467097432, 0.35102397481067116
0.3380377486821969, 0.32370292475910123
0.33667743581023635, 0.33553227009312875
0.3337867709573202, 0.3449619692237764
0.3390579833361673, 0.337588021182603
0.34058833531712296, 0.3509280854159874
0.34109845264410815, 0.33644800670204034
0.3439891174970243, 0.36362329845216945
0.3351470838292807, 0.3326291555062205
0.3376976704642068, 0.32018457111711446
0.34279884373405883, 0.34955136048138713
0.3463696650229553, 0.33739771894654674
0.33548716204727086, 0.3586074105124927
0.3496004080938616, 0.34475495487909436
0.33344669273933003, 0.33078733708020347
0.33072606699540896, 0.33695767206511495
0.3543615031457235, 0.3575835725618755
0.33735759224621664, 0.3519269440213026
0.33344669273933003, 0.3545945536891661
0.3400782179901377, 0.3132314627477858
0.3325964971943547, 0.3525253299639204
0.34483931304199966, 0.37973569838894655
0.3397381397721476, 0.3134557943725097
0.33361673184832513, 0.31137750215035725
0.35147083829280734, 0.38144185672798037
0.33055602788641386, 0.3019427657024979
0.3412684917531032, 0.3583586220586494
0.3461996259139602, 0.34350997988446214
0.350620642747832, 0.3266303367750981
0.34415915660601937, 0.32245478987417775
0.3387179051181772, 0.37418024754121376
0.3429688828430539, 0.33586467131250763
0.34585954769597005, 0.36387401926852303
0.3400782179901377, 0.3410577235998914
0.34160856997109335, 0.3527031628170607
0.34177860908008845, 0.3437440312869573
0.333276653630335, 0.3226836898953551
0.3444992348240095, 0.33697163867177127
0.3424587655160687, 0.36451158511936615
0.34415915660601937, 0.3444461589445523
0.34160856997109335, 0.3281423921895936
0.3388879442271722, 0.3091303304391926
0.34415915660601937, 0.3364476973754098
0.3370175140282265, 0.32833215459907716
0.34432919571501447, 0.35780964470368937
0.3390579833361673, 0.33720192421608075
0.358102363543615, 0.3676440151767652
0.33344669273933003, 0.3274971012838133
0.3397381397721476, 0.3797728832281172
0.33939806155415747, 0.35032033342608815
0.34432919571501447, 0.3448911472240375
0.34058833531712296, 0.34023572794620316
0.33718755313722154, 0.36333246003023123
0.3341268491753103, 0.32642917312448866
0.33191634075837445, 0.31287455171995715
0.34279884373405883, 0.36405411146163397
0.343138921952049, 0.3508872950940632
0.350620642747832, 0.38168493031503486
0.3463696650229553, 0.34087163358631806
0.35028056452984185, 0.37037069880334594
0.345689508586975, 0.31700098388179615
0.34092841353511305, 0.357537241306085
0.33565720115626596, 0.33285868793771217
0.34551946947797996, 0.3413945109107934
0.3348070056112906, 0.31990676588990896
0.33667743581023635, 0.31564002693771354
0.35045060363883695, 0.35468693710901855
0.34653970413195034, 0.33898957123662854
0.34211868729807854, 0.31094441303656384
0.3487502125488862, 0.35129575297983945
0.345689508586975, 0.3584046600382305
0.33055602788641386, 0.34490668222490456
0.3315762625403843, 0.3075094811425383
0.34704982145893554, 0.32824466847183936
0.340758374426118, 0.33284963832667164
0.333276653630335, 0.3305718233003796
0.3484101343308961, 0.3394900694924708
0.3429688828430539, 0.3778522707878884
0.3390579833361673, 0.3256698632140921
0.3380377486821969, 0.33558109629227545
0.34177860908008845, 0.3803551128424204
0.34211868729807854, 0.3182615709877621
0.343138921952049, 0.3359431410483983
0.33735759224621664, 0.33936404849681356
0.34602958680496515, 0.3683356502969761
0.33242645808535964, 0.3429882690965747
0.348070056112906, 0.3535045579282168
0.338207787791192, 0.30917271969230375
0.3436490392790342, 0.34409302754563587
0.3375276313552117, 0.34174613430802636
0.348070056112906, 0.36680579124627544
0.3376976704642068, 0.33475597449946365
0.33854786600918213, 0.32578500434927726
0.3463696650229553, 0.35959012355736
0.34483931304199966, 0.3889365173211778
0.333276653630335, 0.3357126495711392
0.3325964971943547, 0.31989172793342574
0.3463696650229553, 0.3272428347562967
0.3380377486821969, 0.3376289031116064
0.3463696650229553, 0.3394636059284419
0.3341268491753103, 0.3417244225685668
0.35521169869069885, 0.3571209263366457
0.3489202516578813, 0.3321957599107557
0.3444992348240095, 0.351084416376369
0.32698520659751745, 0.2999505444544016
0.33548716204727086, 0.32227345297602517
0.343138921952049, 0.31700888585505893
0.3439891174970243, 0.34292914481957915
0.34551946947797996, 0.3408331751844695
0.3424587655160687, 0.33699610356806586
0.3451793912599898, 0.35351215303599814
0.3387179051181772, 0.3560089631161996
0.3439891174970243, 0.37025706861681706
0.340758374426118, 0.3545064761926672
0.3337867709573202, 0.3208982719280832
0.3402482570991328, 0.3438548492478827
0.33990817888114266, 0.32797814322975305
0.35079068185682705, 0.35139466780810424
0.3387179051181772, 0.35926169466343166
0.34704982145893554, 0.33615534531731067
0.33548716204727086, 0.33199598914395445
0.34279884373405883, 0.3605499884304836
0.3463696650229553, 0.3325069276756818
0.33429688828430537, 0.3406886224589791
0.34211868729807854, 0.35283512345993207
0.34228872640707364, 0.3382065827771027
0.348070056112906, 0.3385494185809834
0.34858017343989117, 0.3309033288101678
0.3320863798673695, 0.34124020314704984
0.3380377486821969, 0.34871370164262727
0.34160856997109335, 0.3493050589691103
0.3424587655160687, 0.34866782433674237
0.3516408774018024, 0.3388941474780368
0.34041829620812786, 0.3097552020147622
0.34585954769597005, 0.3227607264465816
0.33174630164937935, 0.3308111158683339
0.33922802244516237, 0.3635246300057075
0.3479000170039109, 0.3222958162602231
0.3341268491753103, 0.31386419339292526
0.3380377486821969, 0.3378028688365382
0.33786770957320184, 0.350703800268332
0.3402482570991328, 0.3835087795882969
0.3390579833361673, 0.36933208371632165
0.34926032987587147, 0.36640086417711204
0.34211868729807854, 0.33094572643798303
0.34653970413195034, 0.34079034596022983
0.34432919571501447, 0.35758503790867513
0.3414385308620983, 0.32908003467398567
0.34279884373405883, 0.34665657345341994
0.34058833531712296, 0.3354784716846515
0.3438190783880292, 0.3471442040139043
0.3278354021424928, 0.3111461528176832
0.34585954769597005, 0.33532193100358587
0.3291957150144533, 0.34666747515442103
0.32375446352661114, 0.32799119148421857
0.34211868729807854, 0.33119337973706414
0.3429688828430539, 0.37710218168581844
0.3419486481890835, 0.37567800942861673
0.34585954769597005, 0.3152286230638254
0.3290256759054583, 0.338471431501589
0.34041829620812786, 0.3507705749194805
0.33429688828430537, 0.3430047256508525
0.3429688828430539, 0.3401253097401171
0.33667743581023635, 0.38462062597102786
0.3426288046250638, 0.3356031326387956
0.34858017343989117, 0.36484023811559835
0.34279884373405883, 0.32268117538340235
0.343138921952049, 0.33138483016174797
0.3363373575922462, 0.3474523614554032
0.323414385308621, 0.30706387882230424
0.3363373575922462, 0.3896148084618387
0.35589185512667915, 0.36357957133374225
0.33497704472028567, 0.37060634141267507
0.3363373575922462, 0.3441634905774642
0.34483931304199966, 0.35393254710528593
0.3348070056112906, 0.340235216871502
0.3363373575922462, 0.3418295632339835
0.3397381397721476, 0.3267613302965047
0.33837782690018703, 0.3063839247643143
0.33837782690018703, 0.32497909079738935
0.34211868729807854, 0.36536892105900953
0.343138921952049, 0.33819649272833596
0.335827240265261, 0.3251331052225382
0.3325964971943547, 0.33640399409718874
0.33242645808535964, 0.3563011092008064
0.33939806155415747, 0.36934816796620634
0.34909029076687637, 0.34948909865105715
0.3489202516578813, 0.35495922197678553
0.33684747491923145, 0.3431571294552752
0.34926032987587147, 0.3453704602541994
0.33565720115626596, 0.3461241841164624
0.33174630164937935, 0.3378039379750602
0.3331066145213399, 0.3162162093543164
0.338207787791192, 0.3481258807683687
0.3487502125488862, 0.3367950770748427
0.3402482570991328, 0.3273722768439631
0.33293657541234484, 0.3393107679461841
0.3429688828430539, 0.3409907647919247
0.340758374426118, 0.33217532615768897
0.34347900017003913, 0.3547595679602316
0.338207787791192, 0.3411592100693336
0.34415915660601937, 0.3218538544015028
0.3567420506716545, 0.37710085074126654
0.3376976704642068, 0.3582286415421067
0.34977044720285666, 0.34956586552893526
0.34415915660601937, 0.34660431800397096
0.3446692739330046, 0.3426742795652137
0.3439891174970243, 0.3504088794229444
0.3314062234313892, 0.29510990592000025
0.33225641897636454, 0.33207170576528466
0.35521169869069885, 0.32660427206002474
0.3523210338377827, 0.3628237864868651
0.3439891174970243, 0.3532203791741435
0.34092841353511305, 0.3137358774344229
0.3414385308620983, 0.32405432872182793
0.34858017343989117, 0.35391901436495066
0.3331066145213399, 0.345825217784602
0.3390579833361673, 0.34593568312477296
0.35351130760074817, 0.35987862568249873
0.35470158136371366, 0.35487843729802404
0.34041829620812786, 0.34176973154349
0.3479000170039109, 0.3517929240412239
0.3388879442271722, 0.32004696153101336
0.335827240265261, 0.339905697758922
0.34347900017003913, 0.32238860671067615
0.34772997789491583, 0.3655234377624917
0.3451793912599898, 0.32017459566248613
0.3370175140282265, 0.3638216126496947
0.33837782690018703, 0.34577011212570374
0.3395681006631525, 0.34302381910110663
0.3424587655160687, 0.33280407978262516
0.34483931304199966, 0.3049096468318807
0.3337867709573202, 0.34755308778128563
0.34109845264410815, 0.3153710218854614
0.33667743581023635, 0.31512757211411857
0.33667743581023635, 0.33396364822212177
0.3348070056112906, 0.3229838724673851
0.348070056112906, 0.3365414318659037
0.34551946947797996, 0.3349012485447045
0.33684747491923145, 0.3579191666734929
0.3400782179901377, 0.35909551724412486
0.33616731848325115, 0.3607627121035947
0.34653970413195034, 0.34344576584980363
0.33667743581023635, 0.32778380013966546
0.3363373575922462, 0.3297498088039448
0.34432919571501447, 0.3509972420628712
0.34602958680496515, 0.33024632851765723
0.3363373575922462, 0.34923807211465346
0.3426288046250638, 0.33895385148677176
0.33939806155415747, 0.35885024785821695
0.34058833531712296, 0.35961879900025684
0.3376976704642068, 0.33638434231288306
0.34483931304199966, 0.35415540348741814
0.3402482570991328, 0.365628519852138
0.33684747491923145, 0.30808245352182606
0.34279884373405883, 0.3350815801826283
0.34534943036898486, 0.3070001815277045
0.3380377486821969, 0.3490328632012366
0.33837782690018703, 0.3633231026652536
0.34858017343989117, 0.35263883967804743
0.34483931304199966, 0.3265740287877623
0.34432919571501447, 0.33503374115141205
0.34041829620812786, 0.37484734805886516
0.33225641897636454, 0.31730681279309314
0.343138921952049, 0.3199585666110909
0.34551946947797996, 0.3178330640876359
0.343138921952049, 0.35079725475103285
0.3473898996769257, 0.35476681725458736
0.33174630164937935, 0.339112698301082
0.33735759224621664, 0.38960192631396556
0.33599727937425605, 0.3425786486817783
