ATE real, ATE estimado
0.999999999999993, 1.1064558775155895
0.9999999999999887, 1.115946866584108
0.999999999999998, 1.118800084265036
1.000000000000007, 1.1054577485838675
0.9999999999999962, 1.1433693091460229
0.9999999999999972, 1.096969162614686
0.9999999999999879, 1.1127335731760915
0.9999999999999977, 1.1296456882250612
0.999999999999998, 1.1126992802230333
1.0000000000000027, 1.0605491247388468
0.9999999999999994, 1.1121119138602398
1.0000000000000056, 1.108609483750815
0.9999999999999939, 1.1045348267623336
1.000000000000002, 1.0962294260756642
1.0000000000000129, 1.0927715272651781
1.0000000000000078, 1.1320233338999524
1.0000000000000002, 1.1263135989594493
1.0000000000000053, 1.0894433979886813
1.0000000000000009, 1.1373042395037811
0.9999999999999942, 1.0855963225872234
1.0000000000000064, 1.0559601363754303
0.9999999999999921, 1.1366775123254151
0.9999999999999947, 1.090814829302205
1.0000000000000009, 1.0845956313766725
1.0000000000000084, 1.0920074775117472
0.9999999999999998, 1.1070718104128843
1.0000000000000024, 1.1453821309060088
1.0000000000000044, 1.12218551246956
0.9999999999999977, 1.1099250805533043
1.0000000000000009, 1.1047669354478917
0.9999999999999967, 1.082924350542929
1.0000000000000029, 1.0977977864349053
1.0000000000000024, 1.1392234704183162
1.000000000000002, 1.073628890975277
1.0000000000000082, 1.1070312079382243
1.000000000000005, 1.1113533258104829
0.9999999999999937, 1.143949867517693
1.0000000000000047, 1.0803149243173977
1.000000000000001, 1.1041090736526489
1.000000000000005, 1.1415359182426932
0.9999999999999899, 1.1023979120112477
1.0000000000000073, 1.1264027157650522
0.9999999999999988, 1.1317332062674632
1.000000000000001, 1.093036059968926
1.000000000000005, 1.1183678763521088
1.0000000000000009, 1.1208208725590287
1.0000000000000007, 1.0981876245031856
1.0000000000000009, 1.1320323456899433
1.0000000000000113, 1.0962032730839537
0.9999999999999968, 1.1168048254588836
1.0000000000000087, 1.119636272248802
1.0000000000000033, 1.0910366562332534
0.9999999999999962, 1.1137424497478432
1.000000000000004, 1.117925962862767
1.0000000000000109, 1.1037648660968755
0.9999999999999912, 1.1014309881236004
1.0, 1.0831288278599958
1.0000000000000127, 1.1134796404622178
0.9999999999999857, 1.1078811810968292
1.0000000000000024, 1.1038307553922062
0.9999999999999934, 1.1059714460440306
0.9999999999999944, 1.0975574230165184
1.000000000000003, 1.093551700465177
0.9999999999999977, 1.0787513764655474
1.0000000000000033, 1.1122352633806454
0.999999999999999, 1.1190169736012632
1.0000000000000004, 1.1256911543591976
1.0000000000000027, 1.1080660128141369
0.9999999999999877, 1.1057899405059826
1.000000000000004, 1.0987699960393456
1.000000000000005, 1.0601323044194688
0.9999999999999964, 1.0953334066937481
0.9999999999999978, 1.1060716524165586
1.0000000000000036, 1.079955661293384
1.0000000000000058, 1.1103117877159376
1.0000000000000002, 1.060551942225051
1.0000000000000018, 1.1237694442737216
1.0000000000000049, 1.1387150978068377
1.0000000000000042, 1.1095728651187529
1.000000000000013, 1.1116219422654399
1.0000000000000053, 1.1166964095381873
0.9999999999999964, 1.1091633250581714
0.9999999999999949, 1.0674102272396695
1.000000000000003, 1.1034566380655728
1.0000000000000064, 1.1316672659583802
0.999999999999998, 1.1036186716142649
0.9999999999999909, 1.0844150220027542
0.9999999999999982, 1.1175174904017142
1.0000000000000062, 1.1076335754062054
1.0000000000000053, 1.088804162309408
0.9999999999999954, 1.1485065084084722
0.9999999999999974, 1.110461442404079
1.0000000000000036, 1.1214553949932495
0.9999999999999934, 1.1300294123478833
1.000000000000009, 1.0855204933583584
1.0000000000000036, 1.096251497738384
1.0000000000000013, 1.1320243194428827
1.0000000000000013, 1.1128454250180544
0.9999999999999994, 1.0910967655421582
1.0000000000000009, 1.0885693622885033
1.0000000000000044, 1.0824469847101224
0.9999999999999919, 1.0988050491229673
1.0000000000000095, 1.0920938203755586
1.0000000000000016, 1.1031199270533232
1.0000000000000009, 1.096748591281995
1.0000000000000049, 1.1070725385169418
1.0000000000000029, 1.1167625520786622
0.9999999999999942, 1.080943189831911
1.000000000000004, 1.1457454890736836
1.0000000000000075, 1.0830960395309914
1.0000000000000007, 1.12400343628376
0.999999999999996, 1.0670828901931082
0.9999999999999964, 1.1111670300501857
0.9999999999999947, 1.1275152931706376
0.9999999999999974, 1.1079343044234764
0.9999999999999949, 1.0890128997293451
1.0000000000000093, 1.0973034806957245
0.999999999999993, 1.1177447975402073
1.0000000000000053, 1.0795714663026739
0.999999999999996, 1.1035829947933866
1.0000000000000056, 1.0849338962284665
1.000000000000008, 1.1230272943539727
1.0000000000000009, 1.1052057820436854
1.000000000000005, 1.1187851676960618
1.0000000000000027, 1.0834781980889392
0.9999999999999957, 1.1063512477274906
1.0000000000000053, 1.1352604645105457
0.9999999999999949, 1.101323948825935
1.000000000000003, 1.052568362019983
0.9999999999999978, 1.0871441503836885
0.9999999999999958, 1.0869900609175926
1.0000000000000058, 1.0911516684450682
1.000000000000001, 1.099950306846322
1.0000000000000064, 1.0717509958724367
0.9999999999999996, 1.1363446292629262
1.0000000000000047, 1.1114584197311004
0.9999999999999937, 1.0847742885591214
1.0000000000000027, 1.1010623448389811
1.0000000000000009, 1.1060002437572196
0.9999999999999992, 1.130313057709765
1.0000000000000056, 1.0821833868072779
0.999999999999999, 1.1074738034137646
0.9999999999999922, 1.0920334860700365
0.9999999999999909, 1.0857691416892008
1.0000000000000049, 1.0869293423135589
0.999999999999997, 1.1307578620815286
0.9999999999999967, 1.1055825557359227
1.0000000000000018, 1.1126521531634295
1.0000000000000069, 1.1128351833895567
1.0000000000000107, 1.095046758999397
0.999999999999996, 1.1397607617668237
1.0000000000000002, 1.1240793569948375
0.9999999999999915, 1.132101591647837
1.000000000000001, 1.0860247101861418
0.9999999999999974, 1.1308433797377568
1.0000000000000042, 1.1309845957940985
0.999999999999999, 1.1083832291907012
0.9999999999999994, 1.104141848657041
0.9999999999999917, 1.109970404161996
0.9999999999999977, 1.10454413035612
1.0000000000000033, 1.098198096727595
1.0000000000000038, 1.076549096768522
1.0000000000000029, 1.0976922498568418
0.9999999999999839, 1.080123901387145
1.0000000000000109, 1.125438157283623
1.0000000000000047, 1.0900023471442846
0.9999999999999986, 1.1078831465230135
1.0000000000000024, 1.1286537539081023
1.0000000000000047, 1.119865307260404
0.9999999999999986, 1.1132632863153982
0.9999999999999984, 1.085917346068557
0.999999999999994, 1.0974584366625906
0.999999999999995, 1.1216877892228418
0.9999999999999897, 1.1040231037588222
0.9999999999999912, 1.1186490815668544
0.9999999999999962, 1.1021024738950476
0.9999999999999925, 1.0563941841586395
0.9999999999999994, 1.1108224369828248
0.9999999999999982, 1.0980262716437208
0.9999999999999982, 1.1547589777815204
1.0000000000000029, 1.1242036893100058
0.9999999999999992, 1.0864264065377132
0.9999999999999968, 1.104374206379339
0.9999999999999978, 1.108050571129203
1.0000000000000009, 1.1026723338855082
0.9999999999999988, 1.1229971682214197
1.0000000000000104, 1.1054906289025657
0.9999999999999982, 1.0983053222904717
1.0000000000000002, 1.0830614284498328
1.000000000000009, 1.0896968581447066
1.0000000000000004, 1.113208340505802
1.0000000000000009, 1.1124536402126022
0.9999999999999909, 1.075696658524425
1.000000000000004, 1.098294396991142
0.999999999999999, 1.1065459614854962
0.9999999999999988, 1.123167478975961
0.999999999999996, 1.0967950314556971
1.0000000000000038, 1.1187541390398124
1.0000000000000016, 1.118666814596657
1.0000000000000093, 1.1259898807664053
0.9999999999999964, 1.0869822475915263
1.0000000000000029, 1.115985447195436
1.0000000000000053, 1.1087143086938305
0.9999999999999996, 1.1077147015508704
0.9999999999999996, 1.1495786304633868
1.0000000000000038, 1.1333664618506551
0.9999999999999964, 1.0613450897188959
0.9999999999999978, 1.087895777460722
1.0000000000000104, 1.09765839975875
0.9999999999999937, 1.1172823723299816
0.9999999999999982, 1.0868646758755822
0.9999999999999947, 1.1068355444665554
1.0000000000000056, 1.1110515187180385
0.999999999999995, 1.099548108804108
0.9999999999999939, 1.0958391246144836
0.9999999999999942, 1.0899890838026884
1.0000000000000104, 1.1234293482067645
0.9999999999999851, 1.1424825701040286
1.0000000000000049, 1.1088133704073853
1.0000000000000056, 1.0724079985613
0.9999999999999967, 1.113006121115521
0.9999999999999917, 1.127226527218495
1.0000000000000016, 1.098134199975366
0.9999999999999919, 1.0963116203509906
0.9999999999999982, 1.0886178505090904
1.0000000000000004, 1.1259026750832704
1.0000000000000013, 1.078353424099332
0.9999999999999974, 1.0988021560626113
0.9999999999999988, 1.109757159567364
1.0, 1.103685646214495
0.999999999999994, 1.0964026843435895
0.9999999999999964, 1.1052379589360894
1.0000000000000013, 1.1422899082077116
0.9999999999999986, 1.0888777928825633
1.0000000000000027, 1.1173590051773785
0.9999999999999964, 1.117237938483442
0.9999999999999922, 1.097285520391514
1.0000000000000062, 1.0937388519187512
1.0000000000000009, 1.108914345050636
1.000000000000002, 1.085874231054473
0.9999999999999897, 1.0976711170916271
1.0000000000000024, 1.1104868636755199
0.9999999999999986, 1.1428378000932287
1.000000000000002, 1.1446110012589097
0.9999999999999919, 1.1136319273746553
1.000000000000008, 1.0961880705282951
0.9999999999999972, 1.0971456201422585
1.0000000000000036, 1.1418558948387658
0.9999999999999921, 1.1142071340124233
0.9999999999999949, 1.1343036826331245
0.9999999999999977, 1.095772652434597
0.9999999999999937, 1.0850874312360685
1.0000000000000018, 1.1197072564477182
0.9999999999999992, 1.1009597742066646
0.9999999999999919, 1.12111577956162
0.9999999999999909, 1.0887928184908442
1.000000000000008, 1.1016830671205284
0.9999999999999895, 1.125120111092794
0.9999999999999962, 1.1225412318896917
0.9999999999999942, 1.1444283624306943
1.000000000000002, 1.1174081157314015
1.0000000000000047, 1.0703503099446914
0.9999999999999857, 1.103263414830532
1.000000000000004, 1.1230247513494835
1.000000000000005, 1.1171434556056359
0.9999999999999932, 1.0939349443449256
0.9999999999999893, 1.119915802199145
1.000000000000007, 1.0896908500822808
1.0000000000000084, 1.130250932986276
1.0000000000000004, 1.0745409913071489
0.999999999999996, 1.1013413748437084
0.9999999999999977, 1.0622598574786126
1.0000000000000018, 1.1015987741904718
0.9999999999999996, 1.1090552702781373
1.0000000000000044, 1.0795082222213659
0.9999999999999877, 1.1147339132649796
1.0000000000000049, 1.0821150917513258
1.0000000000000047, 1.0988156054369769
0.9999999999999964, 1.1337464424408705
1.0000000000000082, 1.0774103621406699
1.0000000000000064, 1.0880230784494995
1.0000000000000038, 1.1152937832425804
0.999999999999994, 1.1111321488729595
1.0000000000000053, 1.108476070995536
1.0000000000000029, 1.0998669171784645
1.0000000000000029, 1.1182183169443267
1.0000000000000027, 1.1060757441334959
1.0000000000000104, 1.0936762829901485
0.9999999999999895, 1.113812508444787
0.9999999999999964, 1.1127732977567637
0.9999999999999905, 1.1187720349554635
0.9999999999999954, 1.1035762832870828
1.0000000000000053, 1.1028605185900502
1.0000000000000018, 1.0711303076442173
0.9999999999999972, 1.1193309265183486
0.9999999999999967, 1.108996318022402
0.9999999999999964, 1.0981304465095953
0.9999999999999867, 1.1193593075203014
0.9999999999999962, 1.1115635277117129
1.000000000000001, 1.067764745530125
1.0000000000000027, 1.0966223328062266
0.9999999999999984, 1.0895923058563053
0.9999999999999954, 1.091282410655998
1.0000000000000029, 1.0819122124291474
0.999999999999999, 1.082810990857503
1.0, 1.1011597559359185
1.0000000000000064, 1.0997472319606107
1.000000000000005, 1.098982957445801
0.9999999999999986, 1.1072705002022798
0.9999999999999944, 1.0903185166995624
1.000000000000005, 1.0828720262132838
0.9999999999999994, 1.113208629755691
1.000000000000005, 1.1137675496245216
1.0000000000000024, 1.080374092497078
1.0000000000000038, 1.1289876370598582
0.9999999999999932, 1.1006832591771063
0.9999999999999934, 1.132550672068076
1.0000000000000018, 1.0793434421281878
1.0000000000000033, 1.1129325326738522
0.9999999999999929, 1.112282917034773
1.000000000000005, 1.1059064964784384
0.9999999999999972, 1.0987497745832369
1.0000000000000038, 1.0644420225929312
0.9999999999999984, 1.1030926023225556
1.0000000000000018, 1.110616695345799
1.0000000000000036, 1.0934701603555381
1.0000000000000029, 1.1226377339320797
1.0000000000000049, 1.098147639870622
0.9999999999999974, 1.0900356570632717
1.0000000000000042, 1.1127854615978854
0.999999999999998, 1.1063763197850742
1.0000000000000009, 1.0770971657061217
0.9999999999999964, 1.114926241389435
1.0000000000000016, 1.0914407828525454
0.9999999999999984, 1.1462820099376512
1.0000000000000047, 1.0921569670389588
0.9999999999999934, 1.118339233067473
1.0000000000000089, 1.0766568913599142
1.0000000000000002, 1.1000977880701728
0.999999999999995, 1.1163476216199864
0.9999999999999968, 1.091186078256243
1.0000000000000018, 1.097805593471691
0.9999999999999897, 1.0954761546002407
1.0000000000000009, 1.1048320096485553
0.9999999999999877, 1.1140399747794827
1.000000000000004, 1.1233079910862969
0.9999999999999972, 1.1148018965334185
1.000000000000003, 1.1365007873159316
0.9999999999999917, 1.1098536519269735
0.9999999999999902, 1.1051364278033504
0.9999999999999925, 1.1122248948304678
0.9999999999999954, 1.11308880363152
1.0000000000000009, 1.0967534094835176
1.0000000000000013, 1.1148530656130207
1.0000000000000002, 1.0955952189982754
1.0000000000000056, 1.1103367327556957
0.999999999999999, 1.1225094037755938
1.0000000000000058, 1.1015639226852265
1.0000000000000062, 1.1102382929985333
0.9999999999999937, 1.1163718839187708
0.9999999999999917, 1.134251298366458
0.9999999999999949, 1.084281309037679
1.000000000000003, 1.0972987025567797
1.0000000000000004, 1.1036457360298437
1.0000000000000098, 1.1292975567368675
1.0, 1.1152813244322584
1.000000000000011, 1.128542168626515
1.0000000000000022, 1.116083519907373
1.0000000000000104, 1.1521214515146403
1.0000000000000009, 1.1239848329394875
0.9999999999999958, 1.0899672560667855
1.0000000000000069, 1.1354916687351855
0.9999999999999957, 1.0920306858158666
0.9999999999999978, 1.095625980622659
1.0000000000000064, 1.1260107577846035
1.0000000000000042, 1.10742343142507
1.0000000000000036, 1.119797207814743
1.000000000000005, 1.093507057601107
0.9999999999999922, 1.0871922276639137
1.0000000000000027, 1.1025869353263267
0.9999999999999982, 1.11955704870682
1.000000000000005, 1.1125131889708895
0.9999999999999996, 1.0980127107276443
0.9999999999999994, 1.063604758794322
1.0000000000000002, 1.1028935323220366
1.0000000000000047, 1.0626465360602386
0.9999999999999974, 1.0668566446694716
0.9999999999999978, 1.117753521211363
0.9999999999999977, 1.1020200554297837
1.000000000000003, 1.0917201111788786
0.9999999999999977, 1.0889151735356541
1.0000000000000007, 1.11258562474116
0.9999999999999972, 1.1239564935875002
0.999999999999995, 1.0990878716162937
0.999999999999998, 1.0999839910270595
1.0000000000000027, 1.0987289143719667
0.9999999999999978, 1.1085224240574931
1.0000000000000098, 1.1114646861171527
1.0000000000000016, 1.142328218616006
0.9999999999999974, 1.1138954896199125
0.999999999999996, 1.0743269640782498
0.9999999999999996, 1.0950362888028908
1.0000000000000007, 1.1371183287062814
1.000000000000001, 1.0943989279195339
0.9999999999999982, 1.1035841282345942
1.0000000000000009, 1.1113514548168206
1.0000000000000064, 1.1078328853059882
0.9999999999999947, 1.101518965714837
1.0000000000000064, 1.0749885085115944
0.9999999999999944, 1.1188227500047432
1.0000000000000047, 1.1283119829853816
0.999999999999996, 1.0919121916142993
1.0000000000000004, 1.1008928611313265
1.000000000000007, 1.1002416307323364
0.9999999999999968, 1.0754621496087977
0.999999999999999, 1.120666903841479
0.9999999999999954, 1.0932683164062424
1.0000000000000047, 1.0931057566222653
1.0000000000000098, 1.1372425693740507
1.000000000000001, 1.1057099460963742
0.9999999999999919, 1.0863920472217157
1.0000000000000044, 1.1223812293802389
0.9999999999999978, 1.09067298959082
0.9999999999999998, 1.0854490041415958
1.0000000000000058, 1.1030022823294103
0.9999999999999967, 1.0861073650319766
1.0000000000000013, 1.0867692729006329
0.9999999999999964, 1.1172633230331044
0.9999999999999957, 1.1048767667236161
0.9999999999999952, 1.0978659482990687
0.9999999999999937, 1.0621701459136879
0.999999999999994, 1.1324995322951044
0.9999999999999978, 1.1156332943518668
1.0, 1.1144114369380906
0.999999999999994, 1.131297014796375
1.0000000000000069, 1.1151306876199265
1.0000000000000009, 1.1218417031822931
1.000000000000001, 1.1179771349018592
1.0000000000000082, 1.087634144288031
1.0000000000000082, 1.0916507308500623
0.9999999999999922, 1.0869978509044582
0.9999999999999992, 1.093065619092483
1.000000000000005, 1.1013064617938748
1.0000000000000042, 1.0790832968919122
1.0000000000000098, 1.0853218214723925
1.0000000000000016, 1.079698748789251
0.999999999999993, 1.0933990008824874
0.9999999999999972, 1.0908320319127638
1.0000000000000075, 1.1190689341267068
0.9999999999999866, 1.1222808354406333
0.9999999999999988, 1.0887563484767322
0.9999999999999978, 1.1165793902860337
1.0, 1.1463270180384177
1.0000000000000033, 1.1238362962919888
1.0000000000000009, 1.1107681192417584
0.9999999999999947, 1.0959509350289174
0.9999999999999922, 1.0921505314855475
1.0000000000000053, 1.0897237148404313
1.0000000000000016, 1.0897266101317151
0.9999999999999994, 1.1035716127458115
0.999999999999998, 1.138852269387965
1.0000000000000033, 1.1155692369503238
0.9999999999999929, 1.0759809602207693
0.999999999999997, 1.139304309303703
1.0000000000000069, 1.115855547837755
0.9999999999999974, 1.089931215006604
1.0000000000000058, 1.1082620796847926
0.9999999999999978, 1.1075767499246987
1.0000000000000022, 1.0958696864747677
0.9999999999999877, 1.0994125430940316
1.0000000000000029, 1.0933302536766014
0.9999999999999964, 1.082350707221265
0.999999999999999, 1.0868801171857903
0.999999999999997, 1.1104849755647015
0.999999999999996, 1.1040688146587616
0.9999999999999944, 1.0976716801731095
1.000000000000004, 1.0927718637786752
0.9999999999999871, 1.088322395865977
0.9999999999999958, 1.0959491089326243
1.0000000000000036, 1.0956441216328232
1.0000000000000013, 1.0980036123591463
0.9999999999999917, 1.1159918613356936
0.9999999999999957, 1.1265477987464936
1.000000000000005, 1.110513585121628
0.9999999999999972, 1.1323408367770693
1.0000000000000009, 1.097443777571759
1.0000000000000089, 1.130998240863194
1.0000000000000016, 1.1109833274227052
0.999999999999995, 1.098251791243837
0.9999999999999982, 1.1045974631563142
0.9999999999999972, 1.108945431370029
1.0000000000000004, 1.1275141746067565
1.0000000000000109, 1.0913005369896238
0.999999999999995, 1.1354574306862437
0.9999999999999994, 1.0881475284526458
0.9999999999999974, 1.10157480264408
1.0000000000000053, 1.1117775926692215
1.0000000000000044, 1.1455565731271413
0.9999999999999947, 1.1031386233563027
0.9999999999999949, 1.0906208055276583
1.0000000000000129, 1.1145727048967724
0.9999999999999984, 1.0924733793739236
1.0000000000000009, 1.117060784966494
0.9999999999999962, 1.1303768834545576
0.9999999999999972, 1.112774550924438
1.0000000000000082, 1.0830022951907834
1.0000000000000084, 1.1116515492254837
0.9999999999999957, 1.0902630257077015
0.9999999999999952, 1.1168963487677201
1.0000000000000027, 1.0800633312976171
1.0000000000000029, 1.0760296496956383
0.9999999999999942, 1.1166485786021103
0.999999999999995, 1.0974110732473998
0.9999999999999972, 1.1050240929578543
1.0000000000000047, 1.138408758614514
1.0000000000000095, 1.1150948808312293
0.9999999999999978, 1.1292286114674068
0.9999999999999927, 1.0810830383831547
1.0000000000000053, 1.1040946068987731
0.9999999999999912, 1.0871727778109248
0.9999999999999996, 1.1033338707451126
0.9999999999999912, 1.1169680199321221
1.0000000000000053, 1.1131588519387106
1.0000000000000009, 1.1011384917030904
1.0000000000000013, 1.1349740081520427
1.0000000000000049, 1.1239306253296772
0.9999999999999927, 1.1038957519772858
1.0000000000000049, 1.0999856394315328
1.0000000000000007, 1.1101589344331093
0.9999999999999988, 1.1193132429234534
0.9999999999999996, 1.1163456834802847
1.000000000000002, 1.085392291892328
1.0000000000000013, 1.083638326031378
0.9999999999999952, 1.1007798436898117
1.0, 1.1220824766982018
0.999999999999994, 1.0932250629896123
1.0000000000000064, 1.108397948536371
1.0000000000000038, 1.0858648854719632
0.9999999999999964, 1.0739098142716312
0.9999999999999994, 1.0964131232155634
1.0000000000000093, 1.0943135402283897
1.0000000000000009, 1.0864900645764077
1.0000000000000107, 1.0822531217336624
0.9999999999999964, 1.1166241578765608
1.000000000000005, 1.1453626516041662
0.9999999999999977, 1.090378314941932
1.000000000000003, 1.0781785272094568
0.9999999999999974, 1.088760302053892
0.9999999999999994, 1.1096659587429794
0.9999999999999988, 1.0780572788595164
0.9999999999999986, 1.128488445622592
0.9999999999999907, 1.1019502718690637
1.0000000000000049, 1.0810539215842614
0.9999999999999992, 1.093704832769038
1.0000000000000022, 1.099073446903136
1.0000000000000044, 1.1201859510696563
1.0000000000000024, 1.1239405570518672
0.9999999999999977, 1.12224302873531
1.0000000000000089, 1.1444648050510366
0.999999999999998, 1.0787515771676384
0.9999999999999986, 1.086382488520795
0.9999999999999958, 1.1148974025985863
0.9999999999999988, 1.1474408377120393
0.9999999999999984, 1.1130511783760066
1.0000000000000033, 1.1000487178001814
1.0000000000000124, 1.1157510519276794
0.9999999999999992, 1.073777324070786
0.9999999999999932, 1.156896530625325
1.0000000000000022, 1.0926351652408575
1.0000000000000047, 1.1111227664159273
0.9999999999999988, 1.090619969797977
1.0000000000000038, 1.120896553651542
1.0000000000000064, 1.0904506560934366
0.9999999999999964, 1.0995010803718388
1.0000000000000027, 1.105220079064083
0.9999999999999967, 1.1353602407364674
0.9999999999999982, 1.1016897006834605
1.0000000000000056, 1.1172768649499347
1.000000000000008, 1.1011759684649174
1.000000000000008, 1.1328466547729805
1.0000000000000029, 1.0871198538210756
1.0000000000000022, 1.1114184284452906
1.0000000000000022, 1.1111476308730577
1.0000000000000064, 1.0710762818446375
1.0000000000000022, 1.0822297177150713
1.0000000000000073, 1.1052192163218413
0.9999999999999922, 1.1013415912490623
1.0000000000000016, 1.0929636552083342
1.0000000000000009, 1.1258767209807885
0.9999999999999949, 1.0853820263663108
1.0000000000000036, 1.108494112346917
1.0000000000000047, 1.091485768377964
0.9999999999999919, 1.1061008630054154
1.0000000000000029, 1.1070521327073475
0.9999999999999992, 1.0983806365642381
0.999999999999996, 1.1259292018870553
1.0000000000000022, 1.09905517978659
0.9999999999999974, 1.1231911391143403
1.000000000000005, 1.1325201341720283
0.9999999999999922, 1.1089626454583286
0.999999999999996, 1.1113493530571905
1.0000000000000178, 1.0843520467980807
0.9999999999999957, 1.1144767069199348
1.0000000000000056, 1.1354652333394049
0.9999999999999942, 1.1136274819460343
0.9999999999999937, 1.123885927798464
0.9999999999999942, 1.0984905868181778
1.0000000000000075, 1.0881049755763512
0.9999999999999949, 1.103385371845337
1.0000000000000036, 1.1032551946439775
0.9999999999999982, 1.1115940570090712
1.0000000000000049, 1.1066029183948536
1.0000000000000064, 1.11618354670526
0.999999999999999, 1.1134643935258255
0.9999999999999972, 1.110354088485984
1.0000000000000064, 1.112453270068397
1.000000000000003, 1.1008993162824237
0.9999999999999897, 1.1240398131960878
1.0000000000000024, 1.1165197543108927
0.9999999999999957, 1.1143374509162607
1.0000000000000033, 1.1082564120441374
0.999999999999994, 1.100436403662827
1.0, 1.104706548597665
0.9999999999999947, 1.0998616878473075
1.0000000000000075, 1.0975121242003327
0.9999999999999988, 1.134377398711345
0.9999999999999958, 1.099304808315308
1.0000000000000024, 1.0889899508843217
0.9999999999999994, 1.1038704281266591
0.9999999999999968, 1.1022397077213806
0.9999999999999919, 1.1108107102693692
1.000000000000005, 1.0533731567742737
0.9999999999999974, 1.105594981259108
0.9999999999999988, 1.1097036211398585
1.0000000000000009, 1.1157028957373263
0.9999999999999962, 1.146076033390044
0.9999999999999988, 1.0917826248525808
0.9999999999999978, 1.0941257692051174
0.9999999999999978, 1.1047845862354138
1.0000000000000082, 1.09409650129729
1.0000000000000078, 1.0935443228363346
1.0000000000000018, 1.0952853396471969
0.9999999999999889, 1.1107734702372238
1.0000000000000009, 1.1206143310507004
1.0, 1.0925679593715032
0.999999999999996, 1.1283847594640997
1.0000000000000098, 1.0849778088400712
0.9999999999999937, 1.0557081373372121
1.0000000000000047, 1.0949970590644562
0.9999999999999964, 1.112342582055644
1.0000000000000007, 1.1062865572740908
0.9999999999999873, 1.109387864050362
0.9999999999999875, 1.1134603075990506
1.0000000000000038, 1.0924860765495419
0.999999999999996, 1.122533187483743
0.999999999999993, 1.1023250813045744
0.9999999999999964, 1.1414427640360982
0.9999999999999984, 1.1063741691959863
0.999999999999997, 1.091653280869819
1.0000000000000013, 1.0995926764529202
0.9999999999999974, 1.0820175147349462
1.000000000000008, 1.1041094847442008
1.0000000000000018, 1.0822968399371082
0.9999999999999967, 1.1054960682577915
1.0000000000000004, 1.125621881173174
0.9999999999999978, 1.0915468187852857
1.0000000000000053, 1.0918258123657327
1.0000000000000033, 1.0649530939292409
0.9999999999999925, 1.0939338663750524
0.9999999999999899, 1.102794165922506
0.9999999999999909, 1.130432283480319
0.9999999999999952, 1.0811091031592532
0.999999999999998, 1.1058142216863667
1.0000000000000058, 1.1098754459003926
1.000000000000001, 1.1228261189585411
1.000000000000005, 1.1136620886956505
0.9999999999999978, 1.0929789112554442
1.0, 1.1089319722167115
0.9999999999999967, 1.110631019268104
1.0000000000000064, 1.1107296304851821
1.0000000000000024, 1.1009257143701
1.0000000000000024, 1.0991315609961276
0.9999999999999934, 1.0772374693424147
0.999999999999994, 1.0930306687836764
0.9999999999999958, 1.1120904738102246
1.000000000000002, 1.0944664661060426
1.0000000000000009, 1.1074011731679718
0.9999999999999978, 1.100084519551779
0.9999999999999962, 1.0887445387439671
1.000000000000004, 1.083971523728515
1.0000000000000009, 1.1176729804349803
0.9999999999999952, 1.1018489342032987
1.0000000000000089, 1.1189692356972647
1.000000000000001, 1.11965324812069
0.9999999999999925, 1.103293439724293
1.0000000000000029, 1.0677435609066093
0.9999999999999947, 1.0935090619170544
0.9999999999999992, 1.1099420628381627
0.9999999999999964, 1.1261508018096815
1.000000000000009, 1.0711921261336093
1.0000000000000004, 1.1063007637408728
0.999999999999997, 1.126617425444429
0.9999999999999954, 1.098901814541045
0.9999999999999996, 1.1203643002340757
0.999999999999999, 1.1026707082080038
1.0000000000000016, 1.093424720019007
1.0, 1.1079457112785156
0.9999999999999954, 1.099877507266991
0.9999999999999986, 1.110918492268511
1.0000000000000033, 1.1347448377641567
1.0000000000000029, 1.1469355433889705
0.999999999999997, 1.1254737678449205
0.9999999999999984, 1.133773916651776
1.0000000000000024, 1.0959964666956576
0.9999999999999954, 1.0980597442177777
1.0, 1.1207415724532832
1.000000000000005, 1.0847746287901743
0.9999999999999978, 1.1206722871382815
1.0000000000000018, 1.1016549933176978
0.9999999999999942, 1.1464982083426536
0.9999999999999998, 1.0796254584057536
0.9999999999999962, 1.1015804657555164
1.0000000000000029, 1.1148120601709035
0.9999999999999899, 1.1308644284410139
1.0000000000000027, 1.089085583661661
0.999999999999996, 1.124484643252409
1.0000000000000087, 1.1022719617550716
1.0000000000000042, 1.0953126669863327
1.0000000000000047, 1.0988940251342718
1.0000000000000053, 1.0931770951431659
0.9999999999999992, 1.1248028516811053
1.0000000000000053, 1.0844557815230025
1.0000000000000016, 1.0956496767818522
1.0000000000000027, 1.1117634325248216
0.9999999999999944, 1.1111850873683848
1.0000000000000013, 1.1173788389123767
0.9999999999999942, 1.1190736340873295
1.0000000000000007, 1.0847996902554975
1.0, 1.0991264048034224
1.0000000000000009, 1.0889983718330392
1.0, 1.078272591575774
0.9999999999999964, 1.1251652784801163
0.9999999999999919, 1.1210681876173059
0.9999999999999964, 1.113378378749692
1.0000000000000029, 1.0945816490579556
1.0000000000000029, 1.122593179785789
0.999999999999993, 1.1449386590018382
1.0000000000000049, 1.0902636629523994
0.9999999999999968, 1.0999240750442658
1.0000000000000009, 1.098436882149712
0.9999999999999883, 1.1212639721238238
1.000000000000001, 1.1009584001853872
0.9999999999999977, 1.1372516667359651
0.999999999999999, 1.0745132949620029
1.000000000000002, 1.127508098091278
1.0000000000000062, 1.09009664239
0.9999999999999912, 1.11551340234131
0.9999999999999998, 1.0886774942586952
1.0000000000000009, 1.094665922122199
1.000000000000005, 1.131378077065687
0.9999999999999915, 1.114357568261684
0.9999999999999932, 1.1413913790167296
0.9999999999999978, 1.1280766573004848
0.9999999999999978, 1.1257281405957613
1.000000000000005, 1.0980300539091978
1.0000000000000024, 1.1419028599874395
1.0000000000000073, 1.0941112066553198
0.9999999999999968, 1.1287373369241172
0.999999999999999, 1.1224836053863272
1.000000000000001, 1.0774935225229816
0.999999999999999, 1.107727361053246
0.9999999999999977, 1.0983186348351939
1.0000000000000033, 1.122295917115583
1.0000000000000009, 1.0749932143600716
0.9999999999999964, 1.0957620746472347
1.000000000000003, 1.0990478508220347
1.000000000000002, 1.126168345199252
1.0000000000000022, 1.0932441046015455
0.9999999999999919, 1.100066275975712
1.0000000000000056, 1.0785829632083273
1.0000000000000009, 1.1241913452362637
1.0000000000000027, 1.1137679597372292
0.9999999999999912, 1.0901667275873401
0.9999999999999925, 1.1188767830441346
0.9999999999999902, 1.115066646030311
1.0000000000000095, 1.1133435693635279
0.9999999999999947, 1.1025425270815765
0.9999999999999974, 1.1157281544970812
1.0, 1.0832658093408658
0.9999999999999889, 1.1142630905008202
0.9999999999999937, 1.1211539839657378
1.000000000000007, 1.1160143521271855
0.9999999999999954, 1.0985148850945032
0.9999999999999986, 1.1112433005377347
0.9999999999999986, 1.0831756478910157
1.0000000000000047, 1.1202541533149206
1.0000000000000102, 1.1348223346657766
1.0000000000000058, 1.0842244048815743
0.9999999999999998, 1.0805880082660015
1.000000000000004, 1.0756569855097915
0.9999999999999998, 1.1196623677987687
1.000000000000012, 1.1184462458722326
1.0000000000000056, 1.1153627597375892
0.999999999999994, 1.1039494486510626
0.9999999999999912, 1.1381102882972782
1.0000000000000078, 1.0775609490753018
1.0000000000000044, 1.1141096512298878
1.0000000000000029, 1.1083094122366954
0.9999999999999922, 1.0822528437747445
1.00000000000001, 1.101008850436851
0.9999999999999912, 1.094060010543333
1.0000000000000009, 1.1041780094576896
1.0000000000000047, 1.0994556383015068
1.0000000000000084, 1.0814748774704492
1.0000000000000009, 1.112209705946186
0.9999999999999984, 1.0977570164025108
1.0000000000000084, 1.1124273441753956
0.999999999999997, 1.10775534813754
0.999999999999997, 1.13271940475139
0.9999999999999982, 1.1104976246902338
0.9999999999999986, 1.1148316239411775
0.9999999999999857, 1.1173851841483964
1.0000000000000042, 1.0916661096758817
0.9999999999999947, 1.0877817643934489
1.0000000000000022, 1.1438286676850953
0.999999999999998, 1.1207385006586135
1.000000000000002, 1.1207565803379556
0.9999999999999977, 1.1081201502138658
0.999999999999993, 1.111263069637946
1.0000000000000009, 1.1150619506629882
1.0000000000000056, 1.1277065848074899
1.0000000000000067, 1.07843327581211
0.9999999999999972, 1.1000962733575381
1.0000000000000069, 1.1338562269396488
1.0000000000000115, 1.1098730879210592
0.999999999999997, 1.095558679424007
1.0000000000000033, 1.1016286233872945
0.999999999999994, 1.12453339452819
0.9999999999999996, 1.0762909079280993
1.0000000000000029, 1.0982591044970642
0.9999999999999984, 1.126308250437091
1.0000000000000075, 1.1147161151393805
1.000000000000005, 1.1106164232886997
1.0000000000000007, 1.0811611995828418
1.0000000000000029, 1.135011746138094
1.0000000000000027, 1.1385740848666124
0.9999999999999893, 1.1116523201116983
0.999999999999995, 1.107632290709274
1.0000000000000033, 1.1145491085843644
1.0000000000000084, 1.0969260941212449
0.9999999999999899, 1.1000293042903433
0.9999999999999915, 1.1217032573858252
1.0000000000000053, 1.1155493362156979
0.9999999999999944, 1.100036664388425
1.0, 1.0738278123713028
0.9999999999999949, 1.0880502827350558
0.9999999999999949, 1.0806313347740262
0.9999999999999942, 1.1027386729800601
0.9999999999999962, 1.1151132777425754
1.0000000000000002, 1.1442465171035123
0.9999999999999967, 1.0978358874232481
0.9999999999999915, 1.110243479569458
1.0000000000000016, 1.1379243834855797
0.9999999999999949, 1.12519240750387
1.0000000000000069, 1.1143119349698072
1.0000000000000018, 1.1022667295181816
1.0000000000000009, 1.0841701432003514
1.0000000000000022, 1.1092850286589793
1.0000000000000038, 1.1443368036617119
0.9999999999999911, 1.057996620983698
0.9999999999999957, 1.120495793980737
0.9999999999999977, 1.1296631820456513
1.0000000000000027, 1.0790155786193225
0.9999999999999984, 1.1232170569815556
0.9999999999999891, 1.1237820240261152
0.9999999999999964, 1.1087032230800318
0.9999999999999944, 1.138274319727943
0.9999999999999952, 1.1529040262083672
1.0000000000000078, 1.1146240795163669
1.0000000000000022, 1.1085419915953567
1.0000000000000069, 1.1212585282607412
0.9999999999999994, 1.1360420062783634
1.0000000000000029, 1.1022801663534572
1.0000000000000058, 1.1101677949006445
0.9999999999999967, 1.1284190118130732
0.999999999999993, 1.1029788656655755
1.0000000000000062, 1.0688904001631174
1.0000000000000016, 1.1214635814492995
1.0000000000000016, 1.0880674642924513
0.9999999999999968, 1.115833433740271
0.9999999999999952, 1.0943459855456719
0.9999999999999912, 1.0793815465968088
0.9999999999999974, 1.0967661663850983
0.9999999999999968, 1.124728377829955
1.0000000000000013, 1.0956658587638421
0.999999999999998, 1.0985983320111798
1.0000000000000024, 1.0834347385442746
1.0000000000000036, 1.1440817886418062
1.0000000000000016, 1.1135906702666332
1.0, 1.0785477248355693
1.0000000000000049, 1.1086637786906857
1.0000000000000049, 1.091152748957013
1.0000000000000029, 1.0862125717753286
1.0000000000000062, 1.1296477427639287
0.9999999999999967, 1.1302021242020612
1.0000000000000033, 1.1058781009564818
1.0000000000000044, 1.116511994239373
0.999999999999998, 1.1189885577201704
0.9999999999999957, 1.0972381376928881
0.9999999999999978, 1.1261261748815838
1.0000000000000018, 1.1144218981969172
1.0000000000000018, 1.0938375075085793
1.000000000000005, 1.11804214231894
0.9999999999999968, 1.109315688690873
1.000000000000006, 1.075272144785876
1.0000000000000002, 1.1305928041620492
1.000000000000004, 1.057262562228879
1.0000000000000024, 1.1328664813321094
1.0000000000000056, 1.0989484348610545
0.9999999999999902, 1.1191877732968754
1.0000000000000018, 1.1528944677534914
1.0000000000000016, 1.1013909271855036
1.0000000000000129, 1.1150667323049337
0.9999999999999881, 1.0843428881680497
1.0000000000000058, 1.0912215395907985
0.9999999999999967, 1.0933400331297298
1.0000000000000024, 1.0806975547876538
0.9999999999999937, 1.0975521992079307
0.9999999999999958, 1.1124177696801993
1.0000000000000064, 1.0788622143958944
1.000000000000003, 1.0806237025384586
1.0000000000000084, 1.1020916092875417
0.9999999999999978, 1.0941891238483201
1.0000000000000024, 1.1187928938916893
1.000000000000012, 1.108081665198084
1.0000000000000058, 1.1229013499800893
1.0000000000000022, 1.13313263528533
0.9999999999999964, 1.1123047033960958
1.0000000000000027, 1.1315333390171645
1.0000000000000042, 1.10434916183973
0.999999999999997, 1.1222839555496076
0.9999999999999915, 1.1053185200698987
1.0000000000000029, 1.096827221634783
1.000000000000009, 1.1284792577929132
1.0000000000000047, 1.1002417882554174
0.9999999999999982, 1.1170172681229227
1.0000000000000062, 1.1048956374288743
0.9999999999999986, 1.0935167476489942
1.0000000000000064, 1.1317437154955376
1.0000000000000042, 1.1206544075013647
0.9999999999999978, 1.0733031055662903
0.9999999999999974, 1.1283423714901597
1.000000000000011, 1.117056836752523
1.0000000000000029, 1.110657954144978
0.9999999999999954, 1.101967222463705
1.0000000000000016, 1.0960501149730704
1.0000000000000002, 1.1000039761363185
1.0000000000000049, 1.0830426668294175
0.999999999999993, 1.1337924466505709
0.9999999999999856, 1.1615332115770463
0.9999999999999947, 1.1314902241148213
0.999999999999993, 1.1008840771564277
1.0000000000000047, 1.0782357233398798
0.9999999999999996, 1.0809906639041063
0.9999999999999977, 1.078254657313949
0.9999999999999994, 1.096051898991933
0.9999999999999962, 1.093033223965316
0.9999999999999939, 1.0725047353235642
1.0000000000000064, 1.0825729545624614
0.9999999999999958, 1.06469277973471
1.0000000000000004, 1.1179695536429102
1.0000000000000013, 1.0986519902781628
0.999999999999999, 1.0925911007673692
0.9999999999999939, 1.092572769681927
1.0000000000000047, 1.0962997337836167
0.9999999999999962, 1.0894282709289247
1.0000000000000067, 1.1113369180361725
0.9999999999999952, 1.1091809556337253
0.9999999999999958, 1.1187304677795726
0.9999999999999988, 1.118645635870855
0.999999999999998, 1.1128571709638415
1.0000000000000009, 1.0999254069420048
0.9999999999999921, 1.124075340392289
1.0000000000000044, 1.0855229619683393
0.999999999999999, 1.0912262061642979
1.0000000000000007, 1.1244678130811758
1.0000000000000036, 1.128189340103618
1.0000000000000029, 1.1219981751866277
1.0000000000000084, 1.1141611943250997
0.999999999999996, 1.0954086069645967
0.9999999999999957, 1.1037166856554024
1.0000000000000064, 1.1030079921640663
0.9999999999999942, 1.115396021135369
1.0000000000000002, 1.1401074398205107
1.0000000000000002, 1.075958329137479
1.0000000000000069, 1.0881671054723485
1.0000000000000047, 1.1288946319980433
0.9999999999999967, 1.0914972969654118
1.0000000000000058, 1.0853560784863012
1.0000000000000056, 1.1456121583519345
