ATE real, ATE estimado
0.44057133140622345, 0.3005567800444702
0.4400612140792382, 0.3074352771246657
0.4332596497194355, 0.3052610382123818
0.42560788981465736, 0.2944348366787789
0.44108144873320865, 0.31241920917755983
0.44414215269511986, 0.308604864521251
0.434619962591396, 0.2846003323700893
0.43206937595647, 0.3019299348676765
0.4407413705152185, 0.29594135129908405
0.4301989457575242, 0.2750900323209555
0.4426118007141643, 0.2892727831275914
0.4364903927903418, 0.30728896303678177
0.4252678115966672, 0.28854803682349683
0.4506036388369325, 0.3095138624790996
0.42577792892365246, 0.29349403131052076
0.434619962591396, 0.29526749685164466
0.4397211358612481, 0.3026101507971978
0.4368304710083319, 0.2954965102065932
0.41591566060193846, 0.2820703131144613
0.4347900017003911, 0.28643741273203216
0.4228872640707363, 0.29885305947962615
0.42747832001360314, 0.28963515627963876
0.4480530522020065, 0.3015484772693835
0.4381907838802925, 0.3017836207797928
0.4364903927903418, 0.30468260599617103
0.4368304710083319, 0.2904298788866342
0.43717054922632204, 0.3135444975261932
0.4215269511987757, 0.30124335745607334
0.4341098452644108, 0.30090643023235364
0.4353001190273763, 0.2862340766320325
0.4426118007141643, 0.29641186964652366
0.4308791021935045, 0.2838437786555852
0.4339398061554157, 0.29206998463065925
0.4252678115966672, 0.2772070178945022
0.4434619962591396, 0.32019398125144005
0.4414215269511988, 0.304688967478253
0.4417616051691889, 0.2938691274267319
0.4298588675395341, 0.2952041133574468
0.4335997279374256, 0.30439020914702475
0.437000510117327, 0.29303623592724504
0.44720285665703113, 0.29299170555267173
0.43240945417446014, 0.3009382376427632
0.4254378507056623, 0.2864185596124076
0.43870090120727767, 0.2865964497840797
0.449413365073967, 0.3076195287784196
0.4335997279374256, 0.3066596389639158
0.4363203536813467, 0.2893300364663286
0.4381907838802925, 0.30798190193046693
0.4353001190273763, 0.2970539166835535
0.4334296888284305, 0.30758135988592816
0.42016663832681517, 0.27927311161139345
0.437000510117327, 0.28157434883869414
0.4283285155585785, 0.289177592222984
0.4353001190273763, 0.2831826471723097
0.44108144873320865, 0.3125273543729522
0.42628804625063765, 0.2850772121996108
0.4325794932834552, 0.3001562379999315
0.43666043189933684, 0.29651365335983404
0.43734058833531714, 0.3000671772507849
0.4266281244686278, 0.29002297536001365
0.43002890664852916, 0.2816061562491037
0.41710593436490395, 0.285509561654559
0.4400612140792382, 0.2887516042501177
0.4339398061554157, 0.31041673028148753
0.4290086719945587, 0.2787389784431348
0.437000510117327, 0.3056043269181834
0.4414215269511988, 0.3337219620568823
0.4298588675395341, 0.2848418373625804
0.4353001190273763, 0.29742901279976464
0.42696820268661795, 0.2739965513827317
0.43427988437340587, 0.2869842688644547
0.43938105764325797, 0.30452993042620535
0.43989117497024316, 0.2905696001658149
0.4339398061554157, 0.29542653390369233
0.4330896106104404, 0.2852296564429554
0.427138241795613, 0.279107713077264
0.43206937595647, 0.2957252922349205
0.42866859377656863, 0.2856111140412484
0.4233973813977215, 0.28910125443800117
0.44210168338717903, 0.3069393128488983
0.42849855466757353, 0.2893363979484105
0.4376806665533073, 0.28906308554550975
0.4483931304199966, 0.31356335064581775
0.44448223091311, 0.2927311161139349
0.44040129229722835, 0.3015930076439568
0.43564019724536646, 0.31411656826032197
0.42679816357762285, 0.2888343035171824
0.4291787111035538, 0.2910528414774183
0.42934875021254887, 0.28324626199312875
0.4426118007141643, 0.27975612159637575
0.4412514878422037, 0.3108172723260262
0.4291787111035538, 0.29470814908167964
0.43291957150144533, 0.2867554868361273
0.4381907838802925, 0.30143397059190935
0.4276483591225982, 0.28500087441462796
0.4385308620982826, 0.29302351296308127
0.42611800714164255, 0.2888404336726432
0.429688828430539, 0.2895145194467037
0.4335997279374256, 0.3122983410180037
0.4337697670464207, 0.2848354758804985
0.42577792892365246, 0.28463213978049884
0.4332596497194355, 0.30309952226426207
0.43172929773847984, 0.28692065404363565
0.4334296888284305, 0.29803925242638496
0.42305730317973134, 0.2806462664345998
0.424757694269682, 0.2874166183194028
0.42509777248767217, 0.2830111184827194
0.4431219180411495, 0.30004173132245726
0.44907328685597686, 0.29704119371938975
0.42696820268661795, 0.2889549403501175
0.4337697670464207, 0.2799660505050785
0.4414215269511988, 0.3102767776756856
0.42696820268661795, 0.29728293003850204
0.43053902397551436, 0.2941360783475506
0.42611800714164255, 0.289743301475031
0.4239074987247067, 0.28529963274585635
0.4315592586294848, 0.3194056201265264
0.43496004080938616, 0.32094417348386217
0.44040129229722835, 0.306265458401459
0.44108144873320865, 0.3033094511729647
0.42849855466757353, 0.28906944702759163
0.42509777248767217, 0.28662825719448926
0.43496004080938616, 0.2849308981117271
0.4456725046760755, 0.30596033858814886
0.43206937595647, 0.29507688371580887
0.42254718585274614, 0.28964787924380253
0.4325794932834552, 0.30439020914702475
0.43206937595647, 0.27975612159637575
0.4363203536813467, 0.29097650369243555
0.43921101853426286, 0.29689511095812704
0.4363203536813467, 0.2971048085402088
0.43002890664852916, 0.28801413498185946
0.43444992348240097, 0.2932332105451628
0.434619962591396, 0.2957698226094938
0.43666043189933684, 0.29489263206205474
0.4337697670464207, 0.30800734785879447
0.42730828090460804, 0.28796960460728604
0.4264580853596327, 0.30281348689719756
0.42951878932154397, 0.2933795246330466
0.43189933684747495, 0.29091925035369837
0.44040129229722835, 0.30019440689242294
0.43496004080938616, 0.3229720983082621
0.4402312531882333, 0.28912033888424693
0.43785070566230233, 0.31589662661014895
0.4177860908008842, 0.28395828533305945
0.42441761605169187, 0.2984525174350875
0.4330896106104404, 0.295064160751645
0.4397211358612481, 0.3026037893151159
0.4325794932834552, 0.28734664201650184
0.43921101853426286, 0.27856744975354464
0.4254378507056623, 0.2876199544194026
0.4249277333786771, 0.28099591662248324
0.4363203536813467, 0.29404065611632213
0.4432919571501445, 0.29131979239823713
0.43053902397551436, 0.2962594254031792
0.43070906308450946, 0.2910019496207632
0.4298588675395341, 0.30238136876887045
0.4278183982315933, 0.2860180175678688
0.4375106274443122, 0.29843343298884173
0.4266281244686278, 0.28638675220199805
0.4259479680326475, 0.2995078294808198
0.4397211358612481, 0.29517230594703725
0.44040129229722835, 0.27484852732846443
0.4478830130930114, 0.30327764376255517
0.4216969903077708, 0.28800777349977746
0.4402312531882333, 0.30882115491203577
0.4337697670464207, 0.30672961526681675
0.43717054922632204, 0.30304863040760677
0.42628804625063765, 0.2823118181069524
0.44431219180411496, 0.29576346112741203
0.44584254378507054, 0.2875054477419283
0.4327495323924503, 0.2840916451301583
0.429688828430539, 0.28563655996957593
0.43785070566230233, 0.303608209504193
0.43291957150144533, 0.29559193243782167
0.43291957150144533, 0.30190448893934885
0.42934875021254887, 0.2771624875199288
0.4383608229892875, 0.27851019641480756
0.42509777248767217, 0.2969141954043728
0.43240945417446014, 0.2959604357453297
0.42186702941676585, 0.28843376147264377
0.42747832001360314, 0.31967280237396634
0.42849855466757353, 0.2908113364849272
0.4249277333786771, 0.2839710082972233
0.434619962591396, 0.29432669148338664
0.42747832001360314, 0.30028346764156955
0.439551096752253, 0.2967806042806528
0.43223941506546504, 0.30377360803832254
0.4327495323924503, 0.29330954833014566
0.4341098452644108, 0.2873211960881743
0.4438020744771297, 0.3017836207797928
0.4303689848665193, 0.2961449187257049
0.43734058833531714, 0.31346815974121023
0.4388709403162727, 0.2859035108903947
0.42458765516068697, 0.2750645863926279
0.43070906308450946, 0.3029279935746717
0.4402312531882333, 0.3236586757198653
0.43666043189933684, 0.3027944024509519
0.4432919571501445, 0.3272440070212256
0.4335997279374256, 0.29556012502741213
0.42628804625063765, 0.29588432928696806
0.4400612140792382, 0.29846524039925115
0.43172929773847984, 0.2800233038438157
0.43734058833531714, 0.31260346083131385
0.43921101853426286, 0.3129213036087879
0.42084679476279546, 0.26976917304434167
0.44091140962421355, 0.2916758040682025
0.42458765516068697, 0.29508324519789075
0.43053902397551436, 0.2987958061408891
0.42747832001360314, 0.2659357439417871
0.4325794932834552, 0.28229273366070673
0.42679816357762285, 0.3118662228896767
0.4330896106104404, 0.29412335538338685
0.4232273422887264, 0.2876008699731569
0.4298588675395341, 0.27987062827385
0.42679816357762285, 0.2849308981117271
0.4298588675395341, 0.30032163653406097
0.446862778439041, 0.3087002867524796
0.4150654650569631, 0.2680908984078252
0.4376806665533073, 0.30294707802091747
0.4500935215099473, 0.302845294307607
0.44601258289406565, 0.30964109212073765
0.4308791021935045, 0.2891267003663288
0.43598027546335655, 0.2923941888902152
0.4335997279374256, 0.29923451707791915
0.4193164427818398, 0.30161209209020257
0.4417616051691889, 0.30318858301340856
0.4254378507056623, 0.31894169458778987
0.43666043189933684, 0.31693921569171757
0.424757694269682, 0.2669401641308643
0.4380207447712974, 0.3077467584200577
0.42747832001360314, 0.2931952729792926
0.4308791021935045, 0.2889931092426089
0.4376806665533073, 0.30925327304036276
0.43564019724536646, 0.2825406001352798
0.44040129229722835, 0.3122413190058878
0.4432919571501445, 0.30386243746084796
0.42951878932154397, 0.3043265943262057
0.43496004080938616, 0.29546470279618364
0.4364903927903418, 0.286895208115308
0.4264580853596327, 0.29083678241325484
0.43615031457235165, 0.2885671212697426
0.4259479680326475, 0.28055720568545317
0.43002890664852916, 0.28625952256036014
0.4240775378337018, 0.2836531655197493
0.4266281244686278, 0.2875181707060921
0.42798843734058833, 0.3050449791482184
0.4327495323924503, 0.2817904079028576
0.4337697670464207, 0.2893745668409018
0.44601258289406565, 0.3205563544034873
0.4298588675395341, 0.29609402686904973
0.4330896106104404, 0.2926293324006244
0.43104914130249955, 0.2970666396477174
0.42798843734058833, 0.2797688445605395
0.43189933684747495, 0.267022863397929
0.42628804625063765, 0.31885899532072515
0.4402312531882333, 0.27349445695150376
0.43615031457235165, 0.2865964497840797
0.4165958170379187, 0.28300475700063754
0.4432919571501445, 0.30949500935947516
0.42696820268661795, 0.2855540920291324
0.44550246556708045, 0.3032649207983914
0.4463526611120558, 0.29470178759959775
0.45196395170889303, 0.3001117076253582
0.4341098452644108, 0.3070474580442907
0.4417616051691889, 0.2963991466823599
0.4283285155585785, 0.28491181366548135
0.43444992348240097, 0.31270524454462423
0.43427988437340587, 0.29512777557246395
0.43564019724536646, 0.3164814203084416
0.42611800714164255, 0.2724264219416076
0.4412514878422037, 0.2988657824437899
0.42305730317973134, 0.27441617787351613
0.4341098452644108, 0.30931052637909984
0.4400612140792382, 0.3046126296932701
0.44159156606019384, 0.28287116587691763
0.4417616051691889, 0.3045108459799598
0.43785070566230233, 0.30936141823575514
0.42628804625063765, 0.30352551023712826
0.45026356061894235, 0.30906902138660874
0.4388709403162727, 0.2876644847939759
0.43785070566230233, 0.30843969731374277
0.44159156606019384, 0.29493080095454616
0.43002890664852916, 0.2822736492144611
0.4254378507056623, 0.2913770457369743
0.43666043189933684, 0.2829284192156547
0.4339398061554157, 0.30391332931750314
0.4402312531882333, 0.30353823320129203
0.4325794932834552, 0.2906713838791254
0.4449923482400952, 0.30624637395521326
0.43785070566230233, 0.2933922475972104
0.4438020744771297, 0.307791288794631
0.4259479680326475, 0.2769464284557652
0.43717054922632204, 0.31131936675725413
0.44278183982315933, 0.3151146269673173
0.42611800714164255, 0.29158061316359507
0.43121918041149465, 0.2943457759296323
0.43598027546335655, 0.30959656174616434
0.43121918041149465, 0.2958334374303129
0.4252678115966672, 0.2898514466704234
0.417275973473899, 0.2860243790499508
0.4363203536813467, 0.30266104265385296
0.4341098452644108, 0.29789953114720424
0.42934875021254887, 0.289813277777932
0.429688828430539, 0.26940043841021244
0.4376806665533073, 0.31475225381526994
0.43291957150144533, 0.30199991117057745
0.4364903927903418, 0.30558524247193775
0.42373745961571163, 0.29589705225113183
0.4330896106104404, 0.2978613622547128
0.43189933684747495, 0.2819430834728234
0.43564019724536646, 0.28953360389294946
0.44159156606019384, 0.30400239006664986
0.44448223091311, 0.2991581792929362
0.4184662472368645, 0.2769209825274376
0.4463526611120558, 0.2940152101879946
0.4327495323924503, 0.28863073609056167
0.4327495323924503, 0.29480357131290813
0.4388709403162727, 0.3049431954349079
0.4325794932834552, 0.2918030337098405
0.43615031457235165, 0.29101467258492697
0.4339398061554157, 0.2882683629385143
0.4288386328855637, 0.291713972960694
0.4341098452644108, 0.3054582441569209
0.43615031457235165, 0.2879314357147946
0.4364903927903418, 0.29177758778151286
0.4337697670464207, 0.29928540893457434
0.4313892195204897, 0.299113648918363
0.43427988437340587, 0.28496270552213665
0.42679816357762285, 0.2904235174045523
0.429688828430539, 0.2984906863275788
0.4313892195204897, 0.29454934335625316
0.441931644278184, 0.29927904745249245
0.4325794932834552, 0.2938245970521586
0.429688828430539, 0.2697500885980959
0.4337697670464207, 0.30133241820522005
0.42118687298078555, 0.29172669592485767
0.434619962591396, 0.2934240550076198
0.4364903927903418, 0.30620184358064007
0.4281584764495834, 0.29077952907451765
0.42747832001360314, 0.2966854133760455
0.4259479680326475, 0.2921335994514783
0.44159156606019384, 0.2956171470395281
0.43785070566230233, 0.29871310687382435
0.43615031457235165, 0.3039451367279127
0.4335997279374256, 0.29336680166888285
0.42951878932154397, 0.2819303605086595
0.4315592586294848, 0.2999783478282594
0.44278183982315933, 0.31508281955690776
0.4242475769426968, 0.2949623770383345
0.4397211358612481, 0.3089417917449707
0.4414215269511988, 0.28902491665301844
0.42560788981465736, 0.29446664408918843
0.4228872640707363, 0.29775957854140245
0.43564019724536646, 0.3034175963683571
0.43070906308450946, 0.3008682613398622
0.42934875021254887, 0.29336044018680096
0.4426118007141643, 0.29884669799754415
0.4301989457575242, 0.2840664305284517
0.43598027546335655, 0.29674879687024336
0.4380207447712974, 0.2998765641149489
0.42356742050671653, 0.294053379080486
0.43070906308450946, 0.2972065922535192
0.4400612140792382, 0.3163414677026397
0.4332596497194355, 0.3062845428477047
0.4259479680326475, 0.2802011940154878
0.42934875021254887, 0.291326153880319
0.4424417616051692, 0.3005313341161425
0.43564019724536646, 0.3142437979019601
0.4334296888284305, 0.30963473063865576
0.41965652099983, 0.2877980759176958
0.4308791021935045, 0.3005440570803064
0.4205067165448053, 0.2907986135207634
0.434619962591396, 0.31409112233199443
0.43189933684747495, 0.3012242730098277
0.43206937595647, 0.29531838870829996
0.42849855466757353, 0.30468260599617103
0.4400612140792382, 0.3085221652541864
0.4266281244686278, 0.3005504185623883
0.43002890664852916, 0.2886625435009712
0.4337697670464207, 0.30129424931272863
0.4290086719945587, 0.2882874473847601
0.4388709403162727, 0.3150955425210715
0.4376806665533073, 0.27922221975473827
0.4334296888284305, 0.31589662661014895
0.4334296888284305, 0.30100185246358224
0.4315592586294848, 0.2961640031719506
0.44091140962421355, 0.2957825455736576
0.43104914130249955, 0.2910464799953365
0.43206937595647, 0.294053379080486
0.4332596497194355, 0.292724754631853
0.43547015813637135, 0.30306158469839173
0.42866859377656863, 0.29637370075403224
0.42934875021254887, 0.2978168318801394
0.4381907838802925, 0.29862404612467763
0.4402312531882333, 0.301459416520237
0.4375106274443122, 0.29611947279737727
0.43104914130249955, 0.30491774950658024
0.4303689848665193, 0.2986433618975445
0.42679816357762285, 0.2880459423922689
0.43427988437340587, 0.297409928353519
0.4252678115966672, 0.2920445387023317
0.4308791021935045, 0.2816379636595131
0.4432919571501445, 0.2946763416712701
0.4165958170379187, 0.299692312461195
0.42730828090460804, 0.2815934332849399
0.43870090120727767, 0.2991200104004449
0.4385308620982826, 0.29412971686546874
0.4301989457575242, 0.30605576081937735
0.4283285155585785, 0.27408561213187843
0.44108144873320865, 0.29069682980745304
0.4330896106104404, 0.2869779073823727
0.4288386328855637, 0.27913952048767354
0.4339398061554157, 0.29470814908167964
0.42135691208978066, 0.2822227573578059
0.4383608229892875, 0.2953883650112009
0.4290086719945587, 0.2920509001844136
0.4375106274443122, 0.29408518649089543
0.4385308620982826, 0.2956807618603472
0.43496004080938616, 0.2897560244391948
0.4337697670464207, 0.2934431394538656
0.44856316952899167, 0.2990118652050525
0.4308791021935045, 0.28567472886206724
0.44482230913110016, 0.29106556444158216
0.4351300799183812, 0.3037415693012918
0.4283285155585785, 0.29555376354533025
0.42679816357762285, 0.28791235126854897
0.43444992348240097, 0.2934240550076198
0.4210168338717905, 0.27947644771139324
0.4375106274443122, 0.30142147895436666
0.4232273422887264, 0.2898578081525053
0.4385308620982826, 0.29298534407058985
0.4301989457575242, 0.3023050309838876
0.4358102363543615, 0.28472756201172733
0.4298588675395341, 0.2853759705308391
0.4339398061554157, 0.30013715355368586
0.43734058833531714, 0.3198697769918841
0.4330896106104404, 0.2850772121996108
0.4332596497194355, 0.2847973069880071
0.44210168338717903, 0.2934240550076198
0.4334296888284305, 0.2795782314247037
0.43291957150144533, 0.30576972545231296
0.43717054922632204, 0.3092787189686904
0.4334296888284305, 0.29097650369243555
0.43598027546335655, 0.3101434178785868
0.43104914130249955, 0.301077958921944
0.4407413705152185, 0.3062400124731314
0.4291787111035538, 0.28972421702878526
0.4487332086379867, 0.312470101034215
0.4351300799183812, 0.28419342884346865
0.4339398061554157, 0.2846893931192359
0.4325794932834552, 0.2928581144289517
0.43070906308450946, 0.3039387752458308
0.4254378507056623, 0.2939136578013052
0.42934875021254887, 0.29788680818304036
0.43547015813637135, 0.2881856636714496
0.4376806665533073, 0.3001625994820134
0.42730828090460804, 0.28470847756548157
0.45706512497874513, 0.33160497648333565
0.42560788981465736, 0.29081769796700907
0.42237714674375104, 0.2978740852188766
0.42730828090460804, 0.2841109609030251
0.44533242645808535, 0.29531838870829996
0.43496004080938616, 0.3069965661876355
0.4339398061554157, 0.29313165815847353
0.42560788981465736, 0.290124759073324
0.42084679476279546, 0.28395192385097756
0.4252678115966672, 0.26771580229161407
0.43734058833531714, 0.285693813308313
0.4417616051691889, 0.29774685557723857
0.4339398061554157, 0.28620863070370484
0.42747832001360314, 0.2869779073823727
0.42679816357762285, 0.29850977077382457
0.44057133140622345, 0.30419936468456754
0.42866859377656863, 0.2958143529840671
0.434619962591396, 0.2950577992695631
0.4424417616051692, 0.28749272477776455
0.43104914130249955, 0.30562977284651105
0.44363203536813467, 0.2944030292683695
0.4254378507056623, 0.3014657780023189
0.4276483591225982, 0.28763903886564834
0.4383608229892875, 0.308420612867497
0.43496004080938616, 0.29604313501239454
0.4456725046760755, 0.30452993042620535
0.4233973813977215, 0.29172669592485767
0.4233973813977215, 0.2836913344122407
0.4259479680326475, 0.2920063698098403
0.43717054922632204, 0.31031494656817704
0.4254378507056623, 0.28877068869636346
0.4388709403162727, 0.29020745834038875
0.4252678115966672, 0.30635451915060563
0.4351300799183812, 0.309622007674492
0.4390409794252678, 0.2922478748023314
0.4431219180411495, 0.29913273336460877
0.4266281244686278, 0.2831126708694087
0.43002890664852916, 0.27941942569927725
0.4351300799183812, 0.2982046509605144
0.43615031457235165, 0.3028071254151157
0.42628804625063765, 0.2971175315043725
0.4381907838802925, 0.3033730659937838
0.43121918041149465, 0.2913007079519915
0.4429518789321544, 0.29498782296666215
0.4334296888284305, 0.30616367468814865
0.427138241795613, 0.28086232549876333
0.4298588675395341, 0.3019871882064137
0.4341098452644108, 0.31096971656937067
0.4228872640707363, 0.28859892868015213
0.43717054922632204, 0.30562977284651105
0.4194864818908349, 0.2614477761646601
0.42186702941676585, 0.29216540686188786
0.434619962591396, 0.3011733811531724
0.429688828430539, 0.26167019671090563
0.4327495323924503, 0.2956173783661493
0.43240945417446014, 0.2832780694035383
0.43427988437340587, 0.2835895506989303
0.4335997279374256, 0.3066023856251786
0.4330896106104404, 0.29299170555267173
0.437000510117327, 0.3024068146971981
0.4402312531882333, 0.29716842336102767
0.44550246556708045, 0.3114908954468444
0.4167658561469138, 0.270188799535126
0.43121918041149465, 0.3001117076253582
0.42730828090460804, 0.3015866461618749
0.43717054922632204, 0.3047905198649423
0.42866859377656863, 0.2978804467009585
0.4388709403162727, 0.31312487103540865
0.4337697670464207, 0.289743301475031
0.43598027546335655, 0.2996984426166557
0.43734058833531714, 0.2986876609454967
0.4330896106104404, 0.31465047010195946
0.4339398061554157, 0.30420572616664954
0.4339398061554157, 0.2943903063042057
0.43104914130249955, 0.29145338352195704
0.43921101853426286, 0.2822036729115601
0.42679816357762285, 0.28557930663083886
0.4233973813977215, 0.2704621119380267
0.4264580853596327, 0.2825914919919351
0.42611800714164255, 0.28142803475081035
0.4390409794252678, 0.294053379080486
0.42084679476279546, 0.2787771473356263
0.4259479680326475, 0.28744842572981233
0.42679816357762285, 0.2849881514504641
0.4283285155585785, 0.2816252406953492
0.4335997279374256, 0.29957144430163873
0.42373745961571163, 0.3048480045303006
0.4351300799183812, 0.3139575312082745
0.429688828430539, 0.30487321913200693
0.43104914130249955, 0.2824197319757237
0.43189933684747495, 0.2832080931006373
0.4390409794252678, 0.3021141865214306
0.4276483591225982, 0.30515312434361075
0.4330896106104404, 0.30205080302723275
0.42560788981465736, 0.28596712571121374
0.44431219180411496, 0.2906586609149616
0.434619962591396, 0.2933986090792924
0.42747832001360314, 0.2862149921857867
0.43615031457235165, 0.3134808827053741
0.4315592586294848, 0.29923451707791915
0.43615031457235165, 0.2991709022571001
0.4376806665533073, 0.3037479307833737
0.42373745961571163, 0.3009318761606813
0.4232273422887264, 0.29145338352195704
0.44040129229722835, 0.2995459983733112
0.43870090120727767, 0.2991072874362811
0.4288386328855637, 0.3030297772879822
0.4337697670464207, 0.2977786629876481
0.441931644278184, 0.2835641047706027
0.4254378507056623, 0.2846003323700893
0.4291787111035538, 0.2890948929559193
0.4353001190273763, 0.2919936468456765
0.4233973813977215, 0.2811040618178756
0.42577792892365246, 0.3019808267243318
0.42577792892365246, 0.2964373155748513
0.43053902397551436, 0.3011670196710905
0.43240945417446014, 0.2962848713315068
0.43121918041149465, 0.3026483196896892
0.4412514878422037, 0.28070964992879766
0.43002890664852916, 0.28871979683970816
0.4337697670464207, 0.28399009274346887
0.4232273422887264, 0.29818556651426864
0.43121918041149465, 0.29888486689003557
0.4290086719945587, 0.27212130212829744
0.4281584764495834, 0.2831762856902278
0.4439721135861248, 0.29631644741529517
0.43615031457235165, 0.2942948840729771
0.43785070566230233, 0.3148285916002528
0.439551096752253, 0.3023241154301334
0.44703281754803603, 0.29545834131410176
0.43564019724536646, 0.30128152634856475
0.4332596497194355, 0.28105316996122043
0.43615031457235165, 0.3029343550567536
0.4301989457575242, 0.29632917037945894
0.4332596497194355, 0.31078546491561665
0.43104914130249955, 0.29793770003969566
0.4368304710083319, 0.3006013104190435
0.43496004080938616, 0.285884426444149
0.42254718585274614, 0.28203850570405176
0.4288386328855637, 0.3017329602497587
0.4351300799183812, 0.3097555987982119
0.4383608229892875, 0.29575073816324815
0.4417616051691889, 0.313925723797865
0.43223941506546504, 0.29240055037229706
0.43070906308450946, 0.2863167758990972
0.43564019724536646, 0.2897623859212768
0.43223941506546504, 0.2902201813045526
0.4332596497194355, 0.2900420598062593
0.43870090120727767, 0.2802202784617336
0.4301989457575242, 0.2754778514013304
0.42798843734058833, 0.3066914463743253
0.43496004080938616, 0.3137669180724385
0.42747832001360314, 0.30543279822859326
0.427138241795613, 0.29894848171085464
0.4385308620982826, 0.3008746228219441
0.44482230913110016, 0.29817284355010487
0.43717054922632204, 0.2913452383265648
0.43291957150144533, 0.2967360739060796
0.4363203536813467, 0.2865646423736703
0.43427988437340587, 0.29370372889260254
0.42696820268661795, 0.3022732235734781
0.43291957150144533, 0.3096538150849014
0.4380207447712974, 0.31502556621817057
0.42849855466757353, 0.2898512153438022
0.4363203536813467, 0.2815616258745304
0.43189933684747495, 0.28491817514756324
0.41880632545485463, 0.2717589289762502
0.4278183982315933, 0.29035990258373334
0.4327495323924503, 0.30690750543848877
0.42237714674375104, 0.28191127606241384
0.4290086719945587, 0.2965263763239979
0.4337697670464207, 0.28930459053800095
0.4407413705152185, 0.2982173739246782
0.4424417616051692, 0.30972379138780237
0.42730828090460804, 0.29971775838952264
0.43206937595647, 0.29990837152535843
0.434619962591396, 0.2894127357333932
0.43564019724536646, 0.30287074023593463
0.4298588675395341, 0.2969205568864547
0.434619962591396, 0.2801630251229964
0.4368304710083319, 0.30266104265385296
0.43189933684747495, 0.3029343550567536
0.4432919571501445, 0.29747354317433783
0.4276483591225982, 0.2947717639024986
0.44040129229722835, 0.30577608693439484
0.4313892195204897, 0.3034555339342274
0.4301989457575242, 0.27680011436788154
0.43615031457235165, 0.2967806042806528
0.4461826220030607, 0.303798822640029
0.43785070566230233, 0.2927692850064262
0.4363203536813467, 0.2839710082972233
0.4431219180411495, 0.29608766538696785
0.44414215269511986, 0.2871939664465363
0.42730828090460804, 0.2937673437134214
0.4215269511987757, 0.2834434679376676
0.43121918041149465, 0.2891394233304926
0.43223941506546504, 0.2914788294502847
0.43189933684747495, 0.28762631590148446
0.43206937595647, 0.3145234717869426
0.43444992348240097, 0.3071935408055534
0.4412514878422037, 0.30620820506272195
0.42696820268661795, 0.3036909087712577
0.4278183982315933, 0.2695213065697686
0.4375106274443122, 0.3041421113458306
0.4363203536813467, 0.3091832967374619
0.44057133140622345, 0.29168852703236636
0.42254718585274614, 0.2937291748209301
0.42696820268661795, 0.2982173739246782
0.43291957150144533, 0.3006267563473711
0.43206937595647, 0.29833164927553135
0.42798843734058833, 0.302597427833034
0.4385308620982826, 0.2930107899989174
0.4290086719945587, 0.30382426856835665
0.4264580853596327, 0.29541381093952845
0.4330896106104404, 0.29742265131768275
0.4335997279374256, 0.28357046625268456
0.4381907838802925, 0.28993391461086704
0.44584254378507054, 0.31608087826390296
0.43444992348240097, 0.29235601999772376
0.42951878932154397, 0.3005313341161425
0.44057133140622345, 0.2980328909443031
0.43717054922632204, 0.3041866417204039
0.43291957150144533, 0.2961449187257049
0.422207107634756, 0.2730366615682279
0.4375106274443122, 0.3059921459985584
0.43002890664852916, 0.28320173161855533
0.4363203536813467, 0.3103213080502589
0.4281584764495834, 0.2747785510255635
0.4288386328855637, 0.29738448242519133
0.42237714674375104, 0.2964311854193906
0.42730828090460804, 0.2781605462269241
0.43444992348240097, 0.3042566180233047
0.44363203536813467, 0.3241353242227657
0.4315592586294848, 0.28906944702759163
0.42696820268661795, 0.3006840096861083
0.4353001190273763, 0.28291569625149093
0.4414215269511988, 0.3110396928722716
0.43785070566230233, 0.2855474992204293
0.4376806665533073, 0.289743301475031
0.43785070566230233, 0.2943330529654685
0.4298588675395341, 0.295820714466149
0.4358102363543615, 0.30724443266220847
0.43444992348240097, 0.299488745034574
0.434619962591396, 0.3060748452656231
0.4339398061554157, 0.30323947487006375
0.4288386328855637, 0.2739011291515032
0.437000510117327, 0.2940979094550592
0.4283285155585785, 0.3016375380185302
0.4426118007141643, 0.3038433530146023
0.4339398061554157, 0.2879886890535318
0.4351300799183812, 0.3019869568797925
0.4390409794252678, 0.3038815219070936
0.44431219180411496, 0.3160681552997391
0.4264580853596327, 0.30294707802091747
0.4412514878422037, 0.29775957854140245
0.42458765516068697, 0.29043624036871607
0.42560788981465736, 0.29860519300505306
0.4368304710083319, 0.2923878274081333
0.42696820268661795, 0.3012051885635819
0.43564019724536646, 0.291961839435267
0.4313892195204897, 0.29341133204345604
0.4347900017003911, 0.29967935817041
0.4330896106104404, 0.2899975294316861
0.4390409794252678, 0.293665560000111
0.4308791021935045, 0.28747387165814
0.42934875021254887, 0.31388755490537357
0.44040129229722835, 0.31586458787311833
0.4283285155585785, 0.31546427715520076
0.4358102363543615, 0.29074136018202623
0.43717054922632204, 0.3146886389944509
0.4375106274443122, 0.30456809931869677
0.43053902397551436, 0.30629090432978656
0.4264580853596327, 0.30399602858456787
0.4301989457575242, 0.29440939075045136
0.4283285155585785, 0.2945175359458436
0.4252678115966672, 0.29508960667997264
0.424757694269682, 0.2965709066985712
0.4315592586294848, 0.28902491665301844
0.43598027546335655, 0.2760181147250498
0.42628804625063765, 0.28253423865319793
0.439551096752253, 0.3034110035596541
0.4327495323924503, 0.29465089574294245
0.44108144873320865, 0.2970666396477174
0.4337697670464207, 0.2916312736936292
0.4278183982315933, 0.29638006223611424
0.4368304710083319, 0.2941869702042058
0.4499234824009522, 0.3066660004459977
0.42747832001360314, 0.2856492829337398
0.4429518789321544, 0.29369736741052055
0.4278183982315933, 0.28494998255797277
0.42934875021254887, 0.3114784038093017
0.4315592586294848, 0.2822545647682154
0.4308791021935045, 0.29303623592724504
0.4385308620982826, 0.30256562042262447
0.43717054922632204, 0.2953374731545456
0.4388709403162727, 0.29608130390488596
0.4376806665533073, 0.29508324519789075
0.42373745961571163, 0.2836976958943226
0.43989117497024316, 0.2934685853821932
0.434619962591396, 0.293099850748064
0.4351300799183812, 0.29412971686546874
0.43615031457235165, 0.304809604311188
0.424757694269682, 0.2951086911262182
0.43938105764325797, 0.31681198605007943
0.4353001190273763, 0.2827821051277709
0.43547015813637135, 0.2983634566859408
0.4358102363543615, 0.2982555428171696
0.4353001190273763, 0.28456852495967977
0.44414215269511986, 0.3169707917755059
0.42577792892365246, 0.28973693999294914
0.42356742050671653, 0.2923369355514781
0.4259479680326475, 0.28290933476940905
0.4281584764495834, 0.30061403338320736
0.43070906308450946, 0.29712389298645436
0.4432919571501445, 0.2990691185437897
0.434619962591396, 0.2806399049525179
0.43444992348240097, 0.2941551627937964
0.43240945417446014, 0.2916060590919227
0.4303689848665193, 0.294492090017516
0.4400612140792382, 0.28557930663083886
0.43223941506546504, 0.2815489029103665
0.4353001190273763, 0.3041293883816668
0.4364903927903418, 0.28601165608578694
0.4368304710083319, 0.2950705222337269
0.43598027546335655, 0.2935192459122272
0.4376806665533073, 0.29999743227450515
0.43291957150144533, 0.2913834072190562
0.43104914130249955, 0.2924196348185427
0.43785070566230233, 0.308293383225859
0.4301989457575242, 0.28972421702878526
0.43564019724536646, 0.28935548239465625
0.4288386328855637, 0.29261024795437873
0.43223941506546504, 0.2965709066985712
0.4298588675395341, 0.29044260185079795
0.4337697670464207, 0.2904107944403884
0.4233973813977215, 0.2968760265118814
0.43547015813637135, 0.3053246530332009
0.42747832001360314, 0.27588475492795106
0.42577792892365246, 0.29173941888902144
0.43547015813637135, 0.27306846897863746
0.4426118007141643, 0.3083760824929237
0.43427988437340587, 0.2995523598553931
0.44227172249617414, 0.29846524039925115
0.4351300799183812, 0.2981537591038591
0.4417616051691889, 0.296392785200278
0.42254718585274614, 0.29026448035250474
0.42934875021254887, 0.2852360179250373
0.4364903927903418, 0.3135887965741453
0.43598027546335655, 0.3019362963497584
0.43615031457235165, 0.28782329051940225
0.4259479680326475, 0.2924387192647885
0.4290086719945587, 0.29909479579873843
0.4313892195204897, 0.2984143485425961
0.4291787111035538, 0.2815107340178751
0.43223941506546504, 0.29789953114720424
0.4429518789321544, 0.29922179411375527
0.4259479680326475, 0.2778681493777777
0.4383608229892875, 0.2982428198530058
0.43240945417446014, 0.294422113714615
0.44363203536813467, 0.2941042709371411
0.439551096752253, 0.29917726373918196
0.4334296888284305, 0.29449845149959797
0.4332596497194355, 0.2832780694035383
0.43189933684747495, 0.2874166183194028
0.4249277333786771, 0.2887070738755444
0.4353001190273763, 0.2882683629385143
0.4210168338717905, 0.3056552187748387
0.43598027546335655, 0.2910910103699097
0.43547015813637135, 0.2947654024204166
0.4249277333786771, 0.2863104144170153
0.4315592586294848, 0.30152303134105585
0.4431219180411495, 0.27435892453477906
0.4351300799183812, 0.2926293324006244
0.4438020744771297, 0.30695839729514407
0.4402312531882333, 0.2861768232932953
0.4327495323924503, 0.2981473976217772
0.4381907838802925, 0.2923496585156419
0.43002890664852916, 0.2905823231299788
0.43564019724536646, 0.30404692044122317
0.43496004080938616, 0.29913273336460877
0.43427988437340587, 0.2964373155748513
0.44057133140622345, 0.2869906303465366
0.4325794932834552, 0.2999274559716042
0.42866859377656863, 0.2856174755233303
0.4385308620982826, 0.29093833479994413
0.4290086719945587, 0.29221629871854304
0.4327495323924503, 0.2914152146294656
0.4228872640707363, 0.2838755860659947
0.4325794932834552, 0.29980658781204805
0.43989117497024316, 0.30639904952517893
0.4341098452644108, 0.2920063698098403
0.42118687298078555, 0.29358945354174937
0.43666043189933684, 0.2985352167021521
0.42747832001360314, 0.27002976248307853
0.4315592586294848, 0.3053119300690371
0.427138241795613, 0.28959085723168654
0.42849855466757353, 0.27875806288938054
0.43921101853426286, 0.2999908394658021
0.4339398061554157, 0.30897996063746214
0.43121918041149465, 0.30014351503576775
0.437000510117327, 0.30399602858456787
0.4364903927903418, 0.2985861085588074
0.4278183982315933, 0.28525510237128293
0.43734058833531714, 0.3043265943262057
0.4301989457575242, 0.3036591013608483
0.42951878932154397, 0.2844478881267448
0.43223941506546504, 0.2914215761115475
0.4239074987247067, 0.2941488013117144
0.43666043189933684, 0.3074161926784199
0.4301989457575242, 0.30219688578849524
0.43666043189933684, 0.2960176890840669
0.43121918041149465, 0.283157201243982
0.4376806665533073, 0.2892282527530181
0.4334296888284305, 0.2890058322067728
0.42254718585274614, 0.27470221324058064
0.42186702941676585, 0.27797629457316997
0.4227172249617412, 0.2857510666470502
0.4266281244686278, 0.29521683632161055
0.4315592586294848, 0.2940597405625679
0.434619962591396, 0.29412971686546874
0.4381907838802925, 0.30304863040760677
0.4438020744771297, 0.29612583427945915
0.44278183982315933, 0.3213635686480255
0.4254378507056623, 0.3032712822804733
0.44448223091311, 0.2926293324006244
0.44482230913110016, 0.29197456239943076
0.42696820268661795, 0.2764822715904076
0.4249277333786771, 0.29311893519430965
0.42611800714164255, 0.290378987029979
0.4407413705152185, 0.30077283910863384
0.4239074987247067, 0.2836976958943226
0.42747832001360314, 0.2819812523653147
0.43734058833531714, 0.2910528414774183
0.43785070566230233, 0.2893363979484105
0.43717054922632204, 0.30728896303678177
0.4347900017003911, 0.29064593795079774
0.4334296888284305, 0.32215192977293905
0.434619962591396, 0.27917768938016496
0.4301989457575242, 0.2774994147436485
0.4276483591225982, 0.28232454107111626
0.43496004080938616, 0.30039138151034084
0.4337697670464207, 0.2839392008868138
0.42747832001360314, 0.28452399458510647
0.4254378507056623, 0.29289015316598244
0.4363203536813467, 0.30831246767210463
0.4358102363543615, 0.29421877761461535
0.43921101853426286, 0.299870202632867
0.4227172249617412, 0.2915169983427761
0.4252678115966672, 0.2959161366973776
0.4254378507056623, 0.28352593587811126
0.4313892195204897, 0.31078546491561665
0.43223941506546504, 0.29709208557604494
0.43734058833531714, 0.3327620722423785
0.44720285665703113, 0.3032140289417362
0.44431219180411496, 0.2901372507108667
0.43223941506546504, 0.2917648648173491
0.41591566060193846, 0.27823688401190694
0.43734058833531714, 0.29470178759959775
0.4283285155585785, 0.2993999156120486
0.42611800714164255, 0.2708562925004834
0.4353001190273763, 0.30043591188491414
0.437000510117327, 0.3110460543543535
0.4283285155585785, 0.2907159142536986
0.43070906308450946, 0.2835132129139475
0.42934875021254887, 0.2798260978992767
0.44652270022105084, 0.3117644391763662
0.441931644278184, 0.29170124999653013
0.4375106274443122, 0.29373553630301197
0.42560788981465736, 0.2809577477299918
0.44550246556708045, 0.3119932212046935
0.42951878932154397, 0.2871876049644544
0.4461826220030607, 0.29995267057331065
0.4358102363543615, 0.28571289775455877
0.44210168338717903, 0.30974923731613
0.4390409794252678, 0.29918998670334573
0.43172929773847984, 0.2883256162772515
0.43206937595647, 0.2885607597876607
0.4380207447712974, 0.2944857285354341
0.42458765516068697, 0.27442890083768
0.44363203536813467, 0.29957144430163873
0.42747832001360314, 0.28157434883869414
0.4400612140792382, 0.293919787956766
0.42560788981465736, 0.2871748820002905
0.4376806665533073, 0.3108679328560603
0.43172929773847984, 0.3032649207983914
0.43104914130249955, 0.2932968253659819
0.42509777248767217, 0.28095138624790994
0.43427988437340587, 0.3028898246821803
0.43172929773847984, 0.3113384512034999
0.43053902397551436, 0.28520421051462774
0.4424417616051692, 0.29106556444158216
0.42509777248767217, 0.28872615832179005
0.4385308620982826, 0.28590987237247656
0.4407413705152185, 0.2890312781351002
0.4351300799183812, 0.2966915435315063
0.42798843734058833, 0.2950705222337269
0.43666043189933684, 0.28658372681991595
0.441931644278184, 0.3022032472705771
0.44363203536813467, 0.3097047069415567
0.427138241795613, 0.2821718655011506
0.434619962591396, 0.30129424931272863
0.42866859377656863, 0.30014351503576775
0.42849855466757353, 0.28839559258015235
0.44159156606019384, 0.290563238683733
0.43172929773847984, 0.29122437016700853
0.4363203536813467, 0.29583979891239476
0.4276483591225982, 0.30194901931392226
0.43189933684747495, 0.29207634611274114
0.4298588675395341, 0.2944348366787789
0.4364903927903418, 0.28051903679296175
0.43172929773847984, 0.3039833056204041
0.43717054922632204, 0.2907477216641081
0.4426118007141643, 0.29278836945267195
0.4266281244686278, 0.30883387787619954
0.43070906308450946, 0.3151146269673173
0.42254718585274614, 0.2969266870419155
0.4276483591225982, 0.29350675427468464
0.4439721135861248, 0.292724754631853
0.4523040299268832, 0.3089099843345612
0.43717054922632204, 0.2905125781536989
0.4358102363543615, 0.29097650369243555
0.434619962591396, 0.31365877287704613
0.4281584764495834, 0.2957698226094938
0.43206937595647, 0.2815552643924484
0.4264580853596327, 0.29336680166888285
0.43734058833531714, 0.31246373955213314
0.42798843734058833, 0.30639268804309705
0.4364903927903418, 0.2992472400420829
0.43172929773847984, 0.2800803258559317
0.43189933684747495, 0.29125640890403925
0.4259479680326475, 0.2942505850250249
0.4335997279374256, 0.2881284103327124
0.419826560108825, 0.2844985486567788
0.42849855466757353, 0.3000101552386689
0.44431219180411496, 0.3147204464048604
0.4332596497194355, 0.2897114940646215
0.43921101853426286, 0.30597306155231263
0.4426118007141643, 0.3187381271611689
0.4301989457575242, 0.28266146829483596
0.41812616901887434, 0.2863676677557524
0.42611800714164255, 0.29256571757980543
0.42747832001360314, 0.2996414206045397
