0 0.6
1 0.0
1 0.5
1 0.4367816091954023
1 0.4492753623188406
0 0.5542168674698795
0 0.0
0 0.5333333333333333
1 0.5119047619047619
1 0.4745762711864407
0 0.5714285714285714
1 0.625
0 0.4
1 0.6666666666666666
0 0.38461538461538464
1 0.46153846153846156
0 0.4
1 0.75
1 0.5714285714285714
1 0.47058823529411764
1 0.4166666666666667
1 1.0
1 0.6
1 1.0
0 0.3333333333333333
0 1.0
0 0.625
0 0.6428571428571429
0 0.7692307692307693
0 0.6666666666666666
1 0.4742268041237113
1 0.4861111111111111
0 0.32558139534883723
0 0.6
0 0.46153846153846156
1 0.8333333333333334
1 0.5714285714285714
1 0.5454545454545454
0 0.6
0 0.47058823529411764
1 0.6
0 0.5
0 0.6666666666666666
1 0.5833333333333334
1 0.7
1 0.7
0 0.7368421052631579
0 0.5833333333333334
0 0.5555555555555556
1 0.8
0 0.5909090909090909
1 0.8
0 0.5833333333333334
1 0.7692307692307693
1 0.6363636363636364
0 0.7333333333333333
1 0.5833333333333334
1 0.6428571428571429
1 0.6153846153846154
0 0.5833333333333334
0 0.8571428571428571
0 0.5
0 0.5714285714285714
0 0.5833333333333334
1 0.6153846153846154
1 0.6
1 0.46153846153846156
0 0.6923076923076923
0 0.6153846153846154
0 0.7142857142857143
1 0.6666666666666666
1 0.6363636363636364
0 0.7272727272727273
1 0.5714285714285714
1 0.8181818181818182
1 0.625
0 0.5384615384615384
1 0.5833333333333334
1 0.6363636363636364
0 0.5833333333333334
0 0.8461538461538461
1 0.6666666666666666
0 0.7692307692307693
0 0.6666666666666666
1 0.5
1 0.7272727272727273
0 0.6666666666666666
0 0.5833333333333334
0 0.6
0 0.5833333333333334
1 0.42857142857142855
0 0.6363636363636364
0 0.7692307692307693
0 0.5
0 0.7272727272727273
0 0.5384615384615384
0 0.75
0 0.6363636363636364
1 0.6666666666666666
0 0.5833333333333334
0 0.6363636363636364
0 0.5063291139240507
0 1.0
0 0.5454545454545454
1 0.5454545454545454
0 1.0
0 0.6923076923076923
0 0.7142857142857143
1 0.6666666666666666
0 1.0
0 0.45454545454545453
1 0.4875
0 0.45454545454545453
0 0.6666666666666666
0 0.3076923076923077
0 0.5125
1 0.40425531914893614
1 0.75
1 0.5692307692307692
1 0.5274725274725275
1 0.46153846153846156
1 0.5454545454545454
0 0.4166666666666667
1 0.4117647058823529
1 0.6666666666666666
1 0.38461538461538464
1 0.7
0 0.6428571428571429
1 0.7272727272727273
1 0.631578947368421
1 0.45454545454545453
0 0.4
1 0.6
0 0.6666666666666666
0 0.5
1 0.42857142857142855
0 0.5833333333333334
0 0.42857142857142855
1 0.5625
0 0.47058823529411764
1 0.5
1 0.1875
0 0.5
0 0.7272727272727273
1 0.45454545454545453
0 0.5333333333333333
0 0.5384615384615384
1 0.6363636363636364
0 0.6666666666666666
0 0.6428571428571429
0 0.6666666666666666
0 0.5833333333333334
0 0.625
1 0.6153846153846154
0 0.5454545454545454
1 0.9090909090909091
0 0.5833333333333334
0 0.6153846153846154
1 0.36363636363636365
1 0.6
0 0.5
1 0.6
1 0.7
0 0.5
1 0.4074074074074074
1 0.5368421052631579
0 0.52
0 0.4714285714285714
1 0.4444444444444444
1 0.4725274725274725
1 0.575
0 0.4891304347826087
1 0.5789473684210527
1 0.47619047619047616
1 0.48863636363636365
1 0.4166666666666667
1 0.38666666666666666
1 0.5333333333333333
1 0.4
0 0.5652173913043478
1 0.5833333333333334
0 0.23076923076923078
1 0.35294117647058826
0 0.5882352941176471
1 0.45454545454545453
1 0.5277777777777778
0 0.5384615384615384
1 0.25
0 0.5
0 0.46153846153846156
0 0.6363636363636364
1 0.4
1 0.45454545454545453
1 0.42857142857142855
0 0.6666666666666666
1 0.625
0 0.6153846153846154
0 0.5
1 0.6923076923076923
0 0.5454545454545454
1 0.6363636363636364
1 0.6153846153846154
0 0.5
1 0.38461538461538464
1 0.5454545454545454
1 0.6153846153846154
1 0.5454545454545454
0 0.5833333333333334
1 0.6363636363636364
0 0.4666666666666667
0 0.4166666666666667
0 0.2727272727272727
1 0.5833333333333334
0 0.5454545454545454
0 0.7272727272727273
0 0.5384615384615384
1 0.5833333333333334
1 0.5454545454545454
1 0.5454545454545454
0 0.5833333333333334
0 0.5454545454545454
0 0.6363636363636364
0 0.6
0 0.5
1 0.5454545454545454
1 0.5
1 0.4936708860759494
0 0.6956521739130435
1 0.5
1 0.4
1 0.2
1 0.4375
0 0.375
1 0.42028985507246375
1 0.5625
0 0.5609756097560976
0 0.35714285714285715
1 0.8461538461538461
1 0.5454545454545454
0 0.6666666666666666
1 0.4166666666666667
0 0.5
0 0.5333333333333333
1 0.25
1 0.6666666666666666
0 0.5384615384615384
0 0.5833333333333334
0 0.5454545454545454
1 0.38461538461538464
0 0.45454545454545453
1 0.5384615384615384
0 0.45454545454545453
0 0.2857142857142857
0 0.6521739130434783
0 0.75
0 0.8125
1 0.38095238095238093
1 1.0
1 0.5
0 0.5
0 0.5
1 0.4375
0 0.5625
1 0.8
0 0.75
1 0.7142857142857143
1 0.5384615384615384
0 0.6666666666666666
1 0.4
0 0.38461538461538464
0 0.4666666666666667
1 0.6153846153846154
0 0.6666666666666666
1 0.75
1 0.8181818181818182
1 0.6363636363636364
1 0.5333333333333333
1 0.6666666666666666
1 0.5333333333333333
1 0.35714285714285715
0 0.5714285714285714
1 0.3181818181818182
0 0.75
1 0.7
1 0.9285714285714286
0 0.5454545454545454
1 0.5714285714285714
0 0.42857142857142855
0 0.6666666666666666
1 0.45454545454545453
0 0.5833333333333334
1 0.7692307692307693
0 0.7272727272727273
1 0.5
0 0.4897959183673469
0 0.6363636363636364
1 0.7272727272727273
0 0.45977011494252873
0 0.6666666666666666
1 0.3880597014925373
1 0.5416666666666666
0 0.5054945054945055
0 0.5178571428571429
1 0.5294117647058824
1 0.5972222222222222
0 0.5384615384615384
1 0.5454545454545454
0 0.5714285714285714
1 0.9
0 0.5
1 0.5454545454545454
0 0.6666666666666666
0 0.45454545454545453
1 0.6363636363636364
0 0.6666666666666666
0 0.45454545454545453
0 0.6666666666666666
1 0.5
0 0.3333333333333333
0 0.4166666666666667
1 0.35714285714285715
1 0.8461538461538461
1 0.6
0 0.6363636363636364
1 0.5454545454545454
1 0.6666666666666666
0 0.36363636363636365
1 0.6666666666666666
1 0.5
0 0.2727272727272727
1 0.6153846153846154
0 0.75
0 0.4666666666666667
0 0.3333333333333333
1 0.3333333333333333
1 0.25
1 0.6666666666666666
0 0.5
0 0.6923076923076923
0 0.5
0 0.5833333333333334
0 0.36363636363636365
1 0.75
0 0.7692307692307693
1 0.6363636363636364
1 0.46153846153846156
0 0.8181818181818182
1 0.45454545454545453
1 0.6
0 0.46153846153846156
0 0.6
1 0.4
0 0.25
0 0.75
1 0.6428571428571429
0 0.3333333333333333
1 0.5833333333333334
0 0.6111111111111112
1 0.3333333333333333
0 0.5333333333333333
0 0.8
1 0.4444444444444444
1 0.5
0 0.3
0 0.5384615384615384
1 0.6
0 0.6875
0 0.5833333333333334
0 0.8
1 0.45454545454545453
0 0.42857142857142855
0 0.5
1 0.4666666666666667
1 0.5454545454545454
1 0.5454545454545454
0 0.45454545454545453
0 0.7272727272727273
1 0.4
0 0.5833333333333334
1 0.8571428571428571
1 0.7333333333333333
1 0.4166666666666667
0 0.6428571428571429
0 1.0
1 0.3888888888888889
0 0.6666666666666666
1 0.5833333333333334
0 0.8
0 0.5555555555555556
1 1.0
1 0.3333333333333333
1 0.5454545454545454
0 0.36363636363636365
0 0.2727272727272727
1 0.23076923076923078
0 0.38095238095238093
1 0.43037974683544306
1 0.3780487804878049
1 0.6153846153846154
0 0.5
0 0.5384615384615384
1 0.6428571428571429
1 0.7142857142857143
1 0.75
0 0.5384615384615384
0 0.5833333333333334
1 0.5384615384615384
1 0.5
1 0.18181818181818182
0 0.3333333333333333
1 0.6153846153846154
0 0.5
0 0.5833333333333334
0 0.8181818181818182
0 0.5454545454545454
0 0.36363636363636365
1 0.5454545454545454
0 0.5
1 0.5625
0 0.4166666666666667
1 0.3
0 0.3157894736842105
0 0.42857142857142855
0 0.5
1 0.5
1 0.6363636363636364
1 0.45454545454545453
1 0.5454545454545454
0 0.5454545454545454
0 0.6666666666666666
1 0.45454545454545453
1 0.5833333333333334
1 0.46153846153846156
0 0.5454545454545454
0 0.36363636363636365
1 0.5833333333333334
0 0.7692307692307693
0 0.5
1 0.5454545454545454
1 0.4166666666666667
1 0.3181818181818182
1 0.4
0 0.2
1 0.6666666666666666
1 0.5
1 0.6666666666666666
0 0.36363636363636365
0 0.3333333333333333
1 0.38461538461538464
1 0.4
0 0.7272727272727273
1 0.5714285714285714
1 0.5714285714285714
1 0.6666666666666666
0 0.4166666666666667
1 0.3333333333333333
1 0.6
1 0.4444444444444444
0 0.3333333333333333
0 0.6111111111111112
1 0.3125
0 0.2727272727272727
0 0.6153846153846154
1 0.36363636363636365
0 0.0
0 0.3125
1 0.35294117647058826
0 0.5
0 0.7272727272727273
1 0.08333333333333333
1 0.47058823529411764
0 0.5454545454545454
0 0.7142857142857143
0 0.56
0 0.6923076923076923
0 0.6923076923076923
1 0.7857142857142857
1 0.7272727272727273
1 0.5833333333333334
0 0.6428571428571429
1 0.6666666666666666
0 0.625
0 0.8333333333333334
0 0.4666666666666667
0 0.16666666666666666
1 0.5421686746987951
0 0.5151515151515151
1 0.6
1 0.45454545454545453
1 1.0
0 0.6153846153846154
1 0.5
1 0.7142857142857143
0 0.5454545454545454
1 0.6666666666666666
0 0.5714285714285714
0 0.5
0 0.3333333333333333
0 0.4666666666666667
1 0.5384615384615384
0 0.7857142857142857
1 0.5625
1 0.8
1 0.7333333333333333
1 0.9090909090909091
1 0.6923076923076923
0 0.7142857142857143
0 0.7272727272727273
1 0.9
1 0.4166666666666667
0 0.7692307692307693
1 0.5833333333333334
0 0.6666666666666666
0 0.7
1 0.8181818181818182
1 0.6
1 0.5454545454545454
0 0.5833333333333334
1 0.5
1 0.7692307692307693
1 0.6666666666666666
0 0.4166666666666667
0 0.8333333333333334
0 0.5384615384615384
0 0.6470588235294118
0 0.6
0 0.6363636363636364
1 0.7272727272727273
0 0.5185185185185185
0 0.35714285714285715
0 0.8333333333333334
1 0.6666666666666666
1 0.6153846153846154
1 0.6428571428571429
1 0.5
0 0.6666666666666666
1 0.6666666666666666
0 0.41025641025641024
1 0.5135135135135135
0 0.4868421052631579
0 0.5454545454545454
1 0.8571428571428571
1 0.7272727272727273
0 0.4444444444444444
0 0.6666666666666666
0 0.75
0 0.75
1 0.6923076923076923
0 0.8333333333333334
0 0.5
1 0.5
1 0.7272727272727273
0 0.5833333333333334
1 1.0
1 0.8181818181818182
1 0.8181818181818182
0 0.5
1 0.3333333333333333
0 0.3333333333333333
1 0.6363636363636364
0 0.5833333333333334
1 0.5
1 0.6
1 0.3333333333333333
1 0.5
1 0.0
1 0.0
0 0.4666666666666667
0 0.4375
1 0.375
0 0.6
1 0.5833333333333334
0 0.5454545454545454
0 0.4166666666666667
0 0.6666666666666666
0 0.5714285714285714
0 1.0
1 0.36363636363636365
1 0.5
1 0.5384615384615384
1 0.5454545454545454
0 0.5384615384615384
0 0.6923076923076923
0 0.5714285714285714
0 0.6666666666666666
0 0.8181818181818182
0 1.0
0 0.9090909090909091
0 0.42857142857142855
1 0.7272727272727273
1 0.8333333333333334
0 0.5833333333333334
1 0.6
1 0.6363636363636364
1 0.4878048780487805
0 0.4444444444444444
0 1.0
0 0.5
0 0.3333333333333333
1 0.5
1 0.6153846153846154
1 0.6153846153846154
0 0.5882352941176471
1 0.75
0 0.5454545454545454
0 0.7272727272727273
0 0.5714285714285714
1 0.7692307692307693
0 0.625
0 0.5714285714285714
1 0.6
1 0.6
1 0.8
0 0.44776119402985076
0 0.625
1 0.7222222222222222
1 0.6923076923076923
1 0.6666666666666666
0 0.6153846153846154
1 0.5
1 0.6666666666666666
0 0.6363636363636364
0 0.3333333333333333
1 0.6666666666666666
1 0.7272727272727273
0 0.42857142857142855
1 0.3333333333333333
1 0.6
0 0.6666666666666666
1 0.3333333333333333
1 0.25
0 0.25
1 0.5
0 0.38461538461538464
1 0.0
0 0.3333333333333333
1 0.38461538461538464
1 0.4782608695652174
0 0.42857142857142855
0 0.38461538461538464
1 0.6153846153846154
1 0.5
1 0.5454545454545454
0 0.38461538461538464
0 0.3333333333333333
1 0.5
1 0.36363636363636365
1 0.7272727272727273
1 0.42105263157894735
1 0.64
1 0.5949367088607594
1 0.47692307692307695
0 0.449438202247191
1 0.7
1 0.6666666666666666
0 0.8
0 0.6666666666666666
0 0.8461538461538461
0 0.5833333333333334
0 0.4666666666666667
0 0.6923076923076923
0 0.8333333333333334
1 0.6
0 1.0
1 0.6428571428571429
1 0.4166666666666667
0 0.5
0 0.7692307692307693
0 0.45454545454545453
1 0.5454545454545454
1 0.45054945054945056
1 0.6428571428571429
1 0.5882352941176471
1 0.6
1 0.6153846153846154
0 0.38461538461538464
0 0.6363636363636364
0 0.5
0 0.75
0 0.352112676056338
0 0.5714285714285714
1 0.5454545454545454
1 0.6
0 0.6666666666666666
0 0.6153846153846154
1 0.6923076923076923
1 0.5
1 0.4666666666666667
1 0.5454545454545454
1 0.46153846153846156
1 0.6363636363636364
0 0.2857142857142857
0 0.38461538461538464
0 0.5833333333333334
1 0.5454545454545454
1 0.4166666666666667
0 0.375
0 0.6
0 0.7272727272727273
0 0.46153846153846156
0 0.38461538461538464
0 0.5555555555555556
0 0.5
1 0.5833333333333334
0 0.4375
0 0.6666666666666666
0 0.8333333333333334
1 0.3076923076923077
0 0.5384615384615384
1 0.6153846153846154
1 0.3333333333333333
0 0.4166666666666667
0 0.0
1 0.2
0 0.5555555555555556
1 0.5384615384615384
1 0.42857142857142855
1 0.46153846153846156
1 0.45454545454545453
0 0.5714285714285714
1 0.6363636363636364
0 0.36363636363636365
1 0.4166666666666667
1 0.36363636363636365
0 0.3
0 0.3333333333333333
1 0.46153846153846156
0 0.5
1 0.5833333333333334
1 0.8125
0 0.6666666666666666
1 0.5555555555555556
0 0.6111111111111112
1 0.5
1 1.0
0 0.3333333333333333
1 0.6666666666666666
1 1.0
0 0.5
0 0.5384615384615384
0 1.0
0 0.6666666666666666
0 0.6153846153846154
0 0.7272727272727273
0 0.47058823529411764
0 0.4166666666666667
0 0.4
0 0.4666666666666667
0 0.6428571428571429
1 0.3333333333333333
0 0.5
1 0.5
1 0.4
1 0.5
0 0.42857142857142855
0 0.36363636363636365
0 0.6875
1 0.6363636363636364
1 0.7272727272727273
1 0.5454545454545454
1 0.6363636363636364
0 0.5
1 0.75
0 1.0
0 1.0
0 1.0
0 0.4117647058823529
0 1.0
1 0.5
0 0.5714285714285714
0 0.7
1 0.45454545454545453
0 0.8
1 0.6666666666666666
0 0.5
1 0.3333333333333333
1 0.42857142857142855
1 0.5833333333333334
1 1.0
1 0.6153846153846154
1 0.375
1 0.42857142857142855
1 0.3333333333333333
0 0.0
0 0.375
0 0.0
0 0.3333333333333333
0 0.0
0 0.5
1 0.6666666666666666
1 0.6
0 0.6666666666666666
1 0.5833333333333334
1 0.5454545454545454
0 0.5833333333333334
1 0.4
1 0.0
1 0.3333333333333333
0 0.0
1 0.3333333333333333
0 0.7777777777777778
0 0.5
1 0.6666666666666666
1 0.38461538461538464
0 0.6428571428571429
1 0.5454545454545454
1 0.36363636363636365
1 0.14285714285714285
0 1.0
1 0.5
0 0.6666666666666666
0 0.5
0 0.75
0 1.0
0 0.5
0 0.75
0 0.6666666666666666
0 0.7
0 1.0
1 0.6363636363636364
0 0.4
0 0.6153846153846154
1 0.5714285714285714
0 0.5
0 0.16666666666666666
1 0.5833333333333334
1 0.5454545454545454
1 0.2727272727272727
1 0.4
0 0.5
0 0.6428571428571429
0 0.5714285714285714
1 0.46153846153846156
1 0.45454545454545453
0 0.7
0 0.25
1 0.5
1 0.5
0 0.6666666666666666
0 0.6666666666666666
0 0.2
1 0.5
0 0.0
0 0.46153846153846156
0 0.6363636363636364
1 0.625
0 0.7142857142857143
1 0.6666666666666666
0 0.5454545454545454
1 0.3333333333333333
1 0.5833333333333334
0 0.3333333333333333
1 0.45454545454545453
1 1.0
1 0.5
0 0.25
0 0.875
0 0.5384615384615384
0 0.8181818181818182
1 0.4
1 0.4
1 0.5
0 0.3333333333333333
0 0.75
1 0.5384615384615384
0 0.5
1 0.0
1 0.46153846153846156
0 0.5
0 0.4666666666666667
1 0.36363636363636365
0 0.7142857142857143
1 0.3333333333333333
1 0.5
0 0.4166666666666667
0 0.5
0 0.5
1 0.64
1 0.5
1 0.4375
0 0.42857142857142855
0 0.7333333333333333
0 0.75
1 0.5
1 0.6363636363636364
0 0.7777777777777778
1 0.5
0 0.25
0 0.5
0 0.38461538461538464
1 0.5
1 0.0
1 0.5
1 0.0
1 0.6
0 0.5384615384615384
0 0.5
0 0.0
0 0.6363636363636364
1 0.5625
0 0.5
1 0.3333333333333333
1 0.5
0 0.5454545454545454
0 0.5
0 0.5833333333333334
1 0.5625
1 0.7333333333333333
0 1.0
1 0.8333333333333334
0 0.6666666666666666
0 0.5
1 0.38461538461538464
0 0.6111111111111112
0 0.5
0 0.3125
0 0.25
0 0.7
1 0.5454545454545454
1 0.47058823529411764
1 0.5384615384615384
1 0.75
0 0.6470588235294118
0 0.6
1 0.4666666666666667
0 0.4166666666666667
1 0.5454545454545454
0 0.6
1 0.5454545454545454
1 0.5
0 0.38461538461538464
1 0.45
0 0.5454545454545454
0 1.0
1 0.5833333333333334
0 0.7272727272727273
1 0.0
1 0.5
0 0.6153846153846154
1 0.25
1 0.5
1 0.4166666666666667
1 0.23076923076923078
1 0.4666666666666667
0 0.38461538461538464
1 0.46153846153846156
0 0.26666666666666666
1 0.5
0 0.46153846153846156
0 0.23076923076923078
1 0.5625
0 0.6666666666666666
1 0.5
0 0.8181818181818182
1 0.45454545454545453
1 0.5
0 0.35714285714285715
1 0.5384615384615384
0 0.45454545454545453
1 0.4
0 0.4166666666666667
1 0.59375
0 0.6923076923076923
0 0.6363636363636364
1 0.5833333333333334
0 0.5454545454545454
0 0.45454545454545453
1 0.7272727272727273
1 0.42857142857142855
0 0.7857142857142857
0 0.2
0 0.5
0 0.7272727272727273
1 0.5
0 0.38461538461538464
0 0.7058823529411765
1 0.6
0 0.25
0 0.25
0 0.5714285714285714
1 0.6666666666666666
0 0.42857142857142855
0 0.625
0 0.3333333333333333
0 0.25
1 0.6363636363636364
0 0.7777777777777778
1 1.0
1 0.46153846153846156
0 0.21428571428571427
0 0.25
0 0.7272727272727273
0 0.65
1 0.2
1 0.6923076923076923
0 0.7272727272727273
1 0.4
0 0.4666666666666667
0 0.5
0 0.5
1 1.0
1 0.6363636363636364
1 0.35714285714285715
0 0.4166666666666667
1 0.5714285714285714
1 0.46153846153846156
1 0.2857142857142857
1 0.6153846153846154
1 0.5
0 0.6923076923076923
0 0.5
1 1.0
1 0.6666666666666666
1 0.6666666666666666
0 0.46153846153846156
1 0.4166666666666667
1 0.4
1 0.6
0 0.5384615384615384
0 0.5714285714285714
1 0.2857142857142857
1 0.6
1 0.5714285714285714
0 1.0
0 1.0
1 0.75
1 0.45454545454545453
1 0.5
0 0.6666666666666666
1 1.0
0 1.0
0 1.0
1 0.8333333333333334
1 0.4
0 0.5555555555555556
1 0.6666666666666666
0 0.4117647058823529
0 0.5454545454545454
0 0.18181818181818182
0 0.3125
1 0.16666666666666666
0 0.46153846153846156
1 0.46153846153846156
1 0.5
1 0.4666666666666667
1 0.5833333333333334
1 0.45454545454545453
1 0.7
1 0.64
1 0.3333333333333333
1 0.5
1 0.6923076923076923
1 0.3333333333333333
1 0.5833333333333334
1 1.0
1 0.3333333333333333
0 0.8
1 1.0
0 0.42857142857142855
1 0.6428571428571429
0 0.6
1 0.5
0 0.4166666666666667
0 0.6842105263157895
0 0.42857142857142855
0 0.75
1 0.7
1 0.6
1 0.3333333333333333
0 0.5714285714285714
0 0.4375
1 0.38461538461538464
0 0.5789473684210527
0 0.5
0 0.5
0 0.6666666666666666
1 0.5
0 0.65
1 0.6
1 0.6666666666666666
0 0.5
0 0.4166666666666667
1 0.4
0 0.4
1 0.5833333333333334
1 0.6363636363636364
0 0.5
1 0.6666666666666666
0 0.5833333333333334
1 0.45454545454545453
0 0.36363636363636365
0 0.5454545454545454
0 0.6666666666666666
0 0.38461538461538464
0 0.5384615384615384
1 1.0
0 0.6666666666666666
1 0.6666666666666666
1 0.7333333333333333
1 0.3125
1 0.4666666666666667
1 0.6666666666666666
0 1.0
1 0.8
0 0.5151515151515151
0 0.7142857142857143
0 0.6666666666666666
1 0.5454545454545454
1 0.48148148148148145
0 0.5833333333333334
0 0.7272727272727273
1 0.6666666666666666
1 0.7
0 0.5454545454545454
0 0.8181818181818182
1 0.36363636363636365
1 0.4375
0 0.6666666666666666
1 0.6666666666666666
1 0.5454545454545454
1 0.6153846153846154
1 0.46153846153846156
1 1.0
0 0.9090909090909091
0 0.42857142857142855
0 0.4166666666666667
1 0.5833333333333334
1 0.375
0 0.8461538461538461
1 0.6666666666666666
0 0.46153846153846156
0 0.5384615384615384
0 0.5
0 0.3333333333333333
1 0.25
1 0.5487804878048781
1 0.5384615384615384
0 0.3333333333333333
1 0.8
0 0.6666666666666666
0 0.4375
1 0.6666666666666666
0 0.47058823529411764
0 0.5
0 0.5714285714285714
1 0.5
1 0.5
1 0.6
1 0.4
0 0.5
0 0.4
1 0.0
0 0.5
1 0.5
0 0.5714285714285714
1 0.5333333333333333
0 0.0
1 0.42857142857142855
0 0.6153846153846154
1 0.6153846153846154
1 0.5
1 0.0
1 0.0
0 0.0
0 0.5
1 0.0
0 0.6923076923076923
0 0.2
1 0.3333333333333333
0 0.6153846153846154
1 0.6666666666666666
1 0.0
1 0.45454545454545453
1 0.5294117647058824
1 0.3076923076923077
0 0.5
0 0.3333333333333333
0 0.35714285714285715
1 0.46153846153846156
1 0.5
1 0.2727272727272727
0 0.4166666666666667
1 0.3333333333333333
1 0.375
1 0.3333333333333333
0 0.4
1 0.3333333333333333
1 0.4666666666666667
1 0.6
1 0.5
0 0.375
1 0.5
1 1.0
0 0.7272727272727273
0 0.5454545454545454
1 0.5
0 0.5
1 0.4444444444444444
1 0.0
1 0.35714285714285715
1 0.6666666666666666
0 0.5
1 0.5
0 0.6666666666666666
1 0.0
1 0.5454545454545454
1 0.5
0 0.6
0 0.5833333333333334
0 0.36363636363636365
0 0.6428571428571429
0 0.6363636363636364
1 0.6923076923076923
0 0.3333333333333333
0 0.5714285714285714
1 0.42857142857142855
0 0.5
0 0.5714285714285714
1 0.3
1 0.4166666666666667
1 0.6363636363636364
0 0.3333333333333333
0 0.45454545454545453
1 0.5454545454545454
0 0.75
1 0.5
1 0.5
0 0.5
1 0.5
1 0.35714285714285715
0 0.26666666666666666
1 0.5
1 0.5789473684210527
0 0.8571428571428571
1 0.16666666666666666
1 0.8888888888888888
0 0.3888888888888889
0 0.25
1 0.45454545454545453
0 1.0
0 0.46153846153846156
1 0.375
1 0.25
1 0.42857142857142855
1 0.3684210526315789
1 0.75
0 0.0
0 0.25
1 0.46153846153846156
0 0.6666666666666666
0 0.0
1 0.7142857142857143
1 0.2727272727272727
1 0.3125
1 0.5
0 0.25
0 0.38461538461538464
1 0.5714285714285714
0 0.5217391304347826
1 0.38461538461538464
0 0.5
0 0.5454545454545454
0 0.36363636363636365
1 0.7333333333333333
1 0.5714285714285714
0 0.7142857142857143
0 0.0
1 0.2857142857142857
1 0.5555555555555556
1 0.6428571428571429
0 0.45454545454545453
1 0.6666666666666666
1 0.5
0 0.6666666666666666
0 0.6363636363636364
1 0.7
1 0.6
0 1.0
0 0.5384615384615384
0 0.8571428571428571
1 0.6923076923076923
1 0.3333333333333333
1 0.3333333333333333
1 0.5
0 0.0
1 0.38461538461538464
0 0.6666666666666666
1 0.6666666666666666
0 0.5
1 0.3333333333333333
1 0.375
0 0.0
1 0.3333333333333333
0 0.75
1 0.0
1 0.7777777777777778
1 0.5882352941176471
0 0.6
1 1.0
0 0.8888888888888888
0 1.0
0 0.3076923076923077
1 0.8181818181818182
0 0.6153846153846154
1 0.5
0 0.5
0 0.75
0 0.5625
1 0.6428571428571429
0 0.6363636363636364
1 0.3333333333333333
1 0.4166666666666667
1 0.5
0 1.0
1 1.0
0 0.6666666666666666
0 1.0
1 0.8
0 1.0
0 0.45454545454545453
0 0.6666666666666666
0 0.7272727272727273
0 0.5555555555555556
1 0.4
1 0.4666666666666667
0 0.3333333333333333
0 1.0
0 0.3333333333333333
0 0.75
0 0.4
0 0.6363636363636364
1 0.5714285714285714
0 0.7333333333333333
0 0.75
1 0.5625
0 0.6666666666666666
0 0.4
1 0.6666666666666666
1 0.5384615384615384
0 0.5384615384615384
1 0.38461538461538464
1 0.6363636363636364
1 0.7142857142857143
1 0.75
1 0.6666666666666666
1 0.35294117647058826
0 0.42857142857142855
1 0.0
0 0.3333333333333333
0 0.0
1 0.375
0 0.5348837209302325
1 0.6875
0 0.6363636363636364
1 0.6363636363636364
1 0.75
0 0.16666666666666666
0 0.5384615384615384
0 0.3333333333333333
0 0.7
0 1.0
0 1.0
1 0.7142857142857143
0 0.42857142857142855
0 0.4166666666666667
1 0.75
1 0.4444444444444444
1 0.36363636363636365
1 0.5
0 0.5384615384615384
1 0.45454545454545453
1 0.6363636363636364
0 0.2727272727272727
1 0.16666666666666666
1 0.6
1 0.6666666666666666
0 0.23076923076923078
0 0.5
0 0.6666666666666666
0 0.42857142857142855
1 0.5454545454545454
1 0.3333333333333333
0 1.0
0 0.6666666666666666
1 1.0
1 0.3333333333333333
1 0.6666666666666666
0 0.375
0 0.2727272727272727
0 0.5833333333333334
1 0.4666666666666667
1 0.5454545454545454
1 0.7272727272727273
1 0.45
1 0.2
1 0.6
1 0.45454545454545453
1 0.5454545454545454
1 0.5
0 1.0
0 0.25
1 1.0
1 1.0
1 1.0
0 1.0
1 0.6363636363636364
1 0.7692307692307693
0 0.6363636363636364
1 0.8
0 0.3333333333333333
0 0.75
0 0.6666666666666666
1 0.6363636363636364
0 0.3333333333333333
0 0.25
1 0.6666666666666666
1 0.6
0 0.6923076923076923
0 0.5833333333333334
0 0.5384615384615384
0 0.5
1 0.4
0 0.6875
1 0.0
1 0.5
0 0.25
0 0.3333333333333333
0 0.5384615384615384
1 0.0
0 0.0
0 0.0
0 0.2
1 0.36363636363636365
0 0.36363636363636365
0 0.45454545454545453
0 0.5
0 0.4
1 0.7058823529411765
0 0.45454545454545453
1 0.5714285714285714
1 0.4166666666666667
0 0.6153846153846154
0 0.6363636363636364
0 0.7
1 0.6153846153846154
1 0.5
0 0.45454545454545453
0 0.5
0 0.38461538461538464
0 0.5454545454545454
1 0.4
1 0.5555555555555556
1 0.7
0 0.6363636363636364
1 0.4
1 0.1
0 0.0
0 0.5454545454545454
1 0.0
0 0.5
0 0.6153846153846154
0 0.47058823529411764
1 0.4166666666666667
1 0.14285714285714285
0 0.42857142857142855
1 0.75
1 0.5
1 0.25
0 0.6666666666666666
0 0.2
1 0.3333333333333333
0 0.48
1 0.35714285714285715
1 0.5384615384615384
0 0.6153846153846154
1 0.5714285714285714
1 0.5
1 0.5454545454545454
1 0.6
0 0.75
1 1.0
0 0.6666666666666666
0 0.3333333333333333
1 0.6470588235294118
1 0.7142857142857143
1 1.0
1 0.6
1 0.5
1 0.45454545454545453
1 0.38461538461538464
1 0.35714285714285715
0 0.6
0 0.6363636363636364
0 0.42857142857142855
1 1.0
1 0.3333333333333333
0 0.5
1 0.25
1 1.0
0 1.0
1 0.6153846153846154
1 0.6
0 0.5454545454545454
1 0.7272727272727273
0 0.7272727272727273
1 0.6
0 0.5
1 0.38461538461538464
0 0.6363636363636364
0 0.5625
1 0.6
1 0.4166666666666667
0 0.46153846153846156
1 0.3076923076923077
0 0.45454545454545453
0 0.46153846153846156
1 0.4
1 0.5
0 0.45454545454545453
0 0.6428571428571429
0 0.5454545454545454
1 0.46153846153846156
1 0.5
0 0.6666666666666666
0 1.0
0 1.0
1 1.0
0 0.6428571428571429
0 1.0
1 0.5384615384615384
0 0.4166666666666667
0 0.3
1 0.6363636363636364
0 0.4
0 0.25
1 0.55
0 0.6666666666666666
0 0.36363636363636365
0 0.3333333333333333
0 0.36363636363636365
0 0.25
1 0.4
0 0.6363636363636364
1 0.5
1 0.07692307692307693
0 0.4166666666666667
1 0.4166666666666667
0 0.5
1 0.6153846153846154
0 0.6666666666666666
1 0.5
0 0.0
0 0.0
0 0.2857142857142857
0 0.5833333333333334
1 0.5714285714285714
0 0.6666666666666666
1 0.5833333333333334
0 0.6666666666666666
0 0.5
0 0.5
0 1.0
0 0.3333333333333333
0 0.0
1 0.0
0 0.0
1 0.6
1 0.0
1 0.0
1 0.5714285714285714
1 0.5
0 0.8571428571428571
1 1.0
0 1.0
1 0.5
1 0.75
1 0.75
1 0.45454545454545453
1 0.3333333333333333
1 0.6666666666666666
1 0.5
0 0.6153846153846154
0 0.5263157894736842
1 0.4444444444444444
0 0.7142857142857143
1 1.0
1 0.5
1 0.8
0 0.45454545454545453
0 0.5714285714285714
0 0.6363636363636364
1 0.5
0 0.2
0 0.5
1 0.0
1 0.75
1 0.5454545454545454
0 0.5454545454545454
0 0.45454545454545453
0 0.2222222222222222
1 0.6363636363636364
0 0.7692307692307693
1 0.36363636363636365
0 0.36363636363636365
0 0.36363636363636365
0 0.5
0 0.3333333333333333
1 0.5
0 0.36363636363636365
0 0.6
1 0.6363636363636364
1 0.42857142857142855
1 0.5
1 0.3333333333333333
0 0.375
0 0.3333333333333333
1 0.3333333333333333
1 0.6666666666666666
0 0.6
1 0.0
1 0.5
0 0.4166666666666667
1 0.5714285714285714
0 1.0
0 0.5
1 0.5
0 0.75
0 1.0
0 0.5
1 1.0
1 0.6666666666666666
1 0.4
1 0.5
1 0.2857142857142857
0 0.14285714285714285
1 0.0
1 0.23076923076923078
0 0.45454545454545453
1 0.38461538461538464
1 0.6923076923076923
1 0.5882352941176471
0 0.75
0 0.6666666666666666
1 1.0
1 0.5
1 0.45454545454545453
1 0.3333333333333333
1 0.6666666666666666
0 0.75
0 0.7692307692307693
1 0.8
0 1.0
1 0.75
0 0.52
1 0.5
1 0.5714285714285714
0 0.46153846153846156
1 0.3333333333333333
1 0.7333333333333333
0 0.42857142857142855
0 0.36363636363636365
1 0.7142857142857143
0 1.0
0 0.75
0 0.5
1 0.5652173913043478
1 0.4
0 0.8571428571428571
0 1.0
1 0.5
0 0.5
0 0.42105263157894735
1 1.0
1 1.0
1 1.0
1 0.5714285714285714
0 1.0
1 0.8333333333333334
0 0.8571428571428571
0 0.5
1 0.0
1 0.8333333333333334
1 0.5
0 0.5833333333333334
1 0.8
0 0.75
0 0.2857142857142857
1 0.5454545454545454
0 0.6923076923076923
1 0.45454545454545453
1 0.47058823529411764
0 0.46153846153846156
0 0.5
1 0.5384615384615384
1 0.35714285714285715
1 0.6666666666666666
0 0.8333333333333334
1 0.6666666666666666
1 0.5714285714285714
0 0.6363636363636364
1 0.6363636363636364
1 0.5384615384615384
0 0.6153846153846154
1 0.4
1 0.5
0 0.5
1 0.6666666666666666
1 0.25
0 0.6666666666666666
0 0.8
1 0.4166666666666667
0 0.6
0 1.0
0 0.6666666666666666
1 0.5
1 1.0
0 1.0
0 0.5
0 0.45454545454545453
0 0.45454545454545453
1 0.4166666666666667
0 0.7272727272727273
1 0.6
1 0.6
0 0.6666666666666666
1 1.0
0 0.8181818181818182
0 0.7142857142857143
1 0.7272727272727273
1 0.36363636363636365
1 0.6
0 0.47058823529411764
0 0.45454545454545453
1 0.35714285714285715
1 0.3333333333333333
1 0.2
0 0.0
1 0.5
1 0.25
1 0.5384615384615384
0 0.3076923076923077
1 0.5
0 0.5
1 0.3333333333333333
0 0.375
1 0.0
0 0.0
1 0.5
0 0.5333333333333333
1 0.4666666666666667
1 0.6923076923076923
0 0.5
1 0.4166666666666667
0 0.8333333333333334
1 0.5
0 0.6666666666666666
1 0.44
1 0.6363636363636364
0 0.45454545454545453
1 0.5833333333333334
0 0.375
1 0.36363636363636365
1 0.45454545454545453
1 0.6363636363636364
0 0.45454545454545453
1 0.4444444444444444
1 0.35294117647058826
1 0.2
0 0.5
1 0.0
0 0.0
1 0.0
1 0.2727272727272727
1 0.3333333333333333
1 0.38461538461538464
0 0.2727272727272727
1 0.5833333333333334
1 0.2
1 0.0
1 0.16666666666666666
0 0.0
0 0.0
1 0.42857142857142855
1 0.29411764705882354
0 0.7777777777777778
1 0.5555555555555556
1 1.0
0 0.6875
1 0.5714285714285714
0 1.0
1 0.3
1 1.0
1 0.4666666666666667
1 0.7368421052631579
0 0.5
0 0.7857142857142857
0 0.6363636363636364
0 0.5454545454545454
0 1.0
1 0.5833333333333334
1 0.5555555555555556
0 0.5
0 0.6666666666666666
0 0.6923076923076923
0 0.6923076923076923
0 0.3333333333333333
0 1.0
0 1.0
0 1.0
1 0.5
1 0.45454545454545453
1 0.5384615384615384
0 0.7142857142857143
0 0.5
0 1.0
1 0.3333333333333333
0 0.3333333333333333
0 0.625
0 0.6666666666666666
0 0.5833333333333334
1 0.4
1 0.5833333333333334
1 0.5384615384615384
1 0.6666666666666666
1 0.2727272727272727
1 0.45454545454545453
0 0.5
0 0.4
0 0.6666666666666666
1 0.75
1 0.5
1 0.7272727272727273
1 0.42857142857142855
0 0.35714285714285715
1 0.47058823529411764
0 0.2727272727272727
1 0.6666666666666666
0 0.5
0 0.3333333333333333
0 0.4
1 0.5
1 0.5
0 0.5333333333333333
1 0.21428571428571427
1 0.36363636363636365
1 0.2857142857142857
1 0.4
1 0.45454545454545453
0 0.2
1 0.0
1 0.0
1 0.0
1 0.45454545454545453
0 0.25
0 0.6666666666666666
0 0.6666666666666666
1 0.6842105263157895
0 0.46153846153846156
1 0.6666666666666666
1 0.5
1 1.0
0 0.6666666666666666
1 0.4375
0 1.0
1 0.5384615384615384
0 0.6363636363636364
0 0.6
0 0.7333333333333333
1 0.6363636363636364
1 0.3333333333333333
0 0.5
1 0.38461538461538464
0 0.5454545454545454
1 0.5833333333333334
0 0.5833333333333334
1 0.5
1 0.6666666666666666
0 0.5454545454545454
1 0.5
1 0.6363636363636364
0 0.7333333333333333
1 0.5
1 0.5333333333333333
1 0.625
1 0.6666666666666666
1 1.0
0 0.46153846153846156
1 0.0
1 0.375
0 0.0
0 0.5
0 0.5
0 0.3076923076923077
1 0.4444444444444444
0 0.5
1 0.5
1 0.4117647058823529
0 1.0
1 0.45454545454545453
0 1.0
0 0.6
1 1.0
1 1.0
1 0.5
0 0.6428571428571429
0 0.5
0 1.0
0 1.0
0 1.0
0 1.0
1 1.0
1 0.25
1 0.5
0 0.0
1 0.6
1 0.375
0 1.0
1 0.6666666666666666
0 1.0
0 0.5
1 1.0
0 1.0
0 0.6
0 0.5
1 0.6666666666666666
1 0.6363636363636364
0 0.45454545454545453
1 0.6666666666666666
0 0.5833333333333334
0 0.5
1 0.5
1 0.25
1 0.3076923076923077
1 0.3333333333333333
0 0.46153846153846156
0 0.625
1 0.45454545454545453
1 0.5833333333333334
0 0.5
1 0.6666666666666666
1 0.6
0 1.0
0 1.0
0 0.6363636363636364
0 0.7777777777777778
0 0.5
1 0.5
0 0.75
0 0.7333333333333333
1 0.3333333333333333
0 1.0
1 0.4375
1 0.5
0 0.5454545454545454
0 0.5454545454545454
1 0.0
1 0.6666666666666666
0 0.0
0 0.3333333333333333
1 0.75
0 0.6666666666666666
0 0.3333333333333333
1 0.3333333333333333
0 0.5555555555555556
1 0.35714285714285715
1 0.375
0 0.7272727272727273
0 0.5
1 0.375
1 0.4
1 0.0
1 0.5
0 0.36363636363636365
0 0.4166666666666667
0 0.6666666666666666
1 0.7142857142857143
0 1.0
1 0.5
1 0.25
1 0.5
1 1.0
0 0.42857142857142855
1 0.4375
1 1.0
1 0.3157894736842105
0 0.5714285714285714
1 0.7
1 0.4444444444444444
0 0.4666666666666667
1 0.7
1 0.7272727272727273
1 0.3
0 0.45454545454545453
0 0.5555555555555556
1 0.45454545454545453
1 1.0
1 0.6
1 1.0
0 0.45454545454545453
0 0.3333333333333333
0 0.7692307692307693
1 0.75
0 0.4
0 0.5
1 0.2
0 0.0
0 0.0
1 0.5
0 0.4666666666666667
1 0.5
0 0.4
0 1.0
0 1.0
1 0.5
1 0.6
1 0.6666666666666666
1 1.0
0 1.0
1 0.46153846153846156
0 1.0
0 0.6153846153846154
1 0.5
1 1.0
0 0.5
1 1.0
1 0.42857142857142855
0 0.375
0 0.7058823529411765
1 0.2857142857142857
1 1.0
0 0.5
0 0.5
1 1.0
0 1.0
1 1.0
0 0.25
0 0.2727272727272727
0 0.5
0 0.7692307692307693
0 0.36363636363636365
1 0.7
0 0.6666666666666666
1 0.5
1 0.6666666666666666
0 0.4375
1 0.0
0 0.0
0 0.4166666666666667
0 0.5714285714285714
0 0.18181818181818182
0 0.5
0 0.6
1 0.4166666666666667
0 0.3076923076923077
1 0.7
0 1.0
0 0.4166666666666667
1 0.42857142857142855
1 0.46153846153846156
1 0.5454545454545454
0 1.0
1 1.0
0 0.6666666666666666
0 0.5
1 0.25
1 0.75
1 0.6666666666666666
1 0.4666666666666667
1 0.3333333333333333
1 0.16666666666666666
0 0.75
0 0.5
1 0.0
1 0.6
0 0.5
0 0.4
0 0.38461538461538464
1 0.2857142857142857
0 0.45454545454545453
1 0.6428571428571429
1 0.7142857142857143
0 0.6363636363636364
0 0.625
0 1.0
0 0.8
0 0.6
1 0.25
1 0.5384615384615384
0 0.5454545454545454
1 0.6666666666666666
1 0.5
1 0.5106382978723404
0 0.6666666666666666
0 0.5
1 0.3333333333333333
1 1.0
0 1.0
0 0.5833333333333334
0 0.5384615384615384
1 0.5
1 0.6875
0 0.45454545454545453
1 0.4666666666666667
0 0.4375
1 1.0
1 1.0
0 0.3333333333333333
0 1.0
1 0.7272727272727273
1 0.8
1 0.2727272727272727
1 0.5454545454545454
1 0.42105263157894735
1 0.5454545454545454
1 0.5
1 1.0
1 0.5
0 0.6666666666666666
0 0.5384615384615384
1 0.8333333333333334
0 0.5789473684210527
1 0.5
0 0.6363636363636364
1 0.0
0 0.4166666666666667
1 0.6153846153846154
1 0.6363636363636364
0 0.0
0 0.0
0 0.0
1 0.5882352941176471
1 0.4666666666666667
0 0.5
1 0.0
1 0.4
0 0.6
0 0.3333333333333333
0 0.0
0 0.45454545454545453
0 0.25
1 1.0
1 0.3333333333333333
1 0.5
0 1.0
1 1.0
1 0.75
1 0.3333333333333333
1 0.5238095238095238
1 0.6666666666666666
1 0.7142857142857143
0 0.5
1 0.6666666666666666
1 1.0
1 1.0
0 0.5
1 0.6
0 0.0
0 0.14285714285714285
0 0.6363636363636364
1 0.6666666666666666
0 0.6153846153846154
1 0.5
0 1.0
0 0.5384615384615384
1 0.6363636363636364
0 0.15384615384615385
1 0.45454545454545453
1 0.3125
0 0.5
1 0.5
0 0.16666666666666666
1 0.5625
0 0.4444444444444444
0 0.6
1 0.5
1 0.6
1 0.375
1 0.0
1 0.5
1 0.6666666666666666
1 0.6153846153846154
0 0.8571428571428571
1 0.45454545454545453
1 0.5714285714285714
0 0.6
1 0.42857142857142855
0 0.6153846153846154
0 0.5714285714285714
1 0.3076923076923077
0 0.7777777777777778
1 0.6666666666666666
1 0.5714285714285714
1 0.5384615384615384
0 0.46153846153846156
0 0.6363636363636364
1 0.6363636363636364
1 0.7
1 0.4
0 0.3333333333333333
1 0.6923076923076923
0 0.3333333333333333
0 0.5454545454545454
0 0.6
0 0.5
1 0.2727272727272727
1 0.6
0 0.47619047619047616
1 0.7142857142857143
1 0.3125
1 0.45454545454545453
1 0.35714285714285715
1 0.0
1 0.5833333333333334
1 0.0
1 0.0
1 0.0
0 0.45454545454545453
0 0.0
0 0.5714285714285714
0 0.0
0 0.5
0 0.2777777777777778
1 0.35714285714285715
1 0.2857142857142857
1 0.6666666666666666
0 0.0
0 0.0
0 0.5
0 0.5
0 0.5
0 0.6666666666666666
1 0.35714285714285715
0 0.3333333333333333
0 0.6
1 0.45454545454545453
0 0.45454545454545453
0 0.5
1 0.5454545454545454
0 0.47368421052631576
0 0.5714285714285714
0 0.6666666666666666
0 0.6666666666666666
0 0.8333333333333334
1 0.5454545454545454
0 0.2
0 1.0
0 1.0
0 0.42857142857142855
1 0.6666666666666666
0 0.5
1 0.5
1 0.3333333333333333
1 0.3333333333333333
1 0.7
0 0.0
1 0.6153846153846154
0 0.5333333333333333
0 0.6363636363636364
0 0.6666666666666666
1 0.3333333333333333
0 0.5
1 0.5555555555555556
0 0.5
0 0.5
1 0.4375
0 0.5
0 0.45454545454545453
1 0.46153846153846156
0 0.3333333333333333
0 0.5555555555555556
1 0.8125
1 1.0
1 1.0
1 1.0
1 1.0
1 0.6923076923076923
1 0.0
0 0.6
1 0.5
0 0.36363636363636365
0 0.46153846153846156
0 0.6428571428571429
0 0.5
1 0.3333333333333333
0 0.5833333333333334
0 0.5384615384615384
1 0.6153846153846154
0 0.7857142857142857
0 0.5714285714285714
1 0.5
1 1.0
0 0.5
1 1.0
1 1.0
0 0.6666666666666666
0 0.7142857142857143
1 0.125
1 0.6666666666666666
1 0.36363636363636365
1 0.47058823529411764
1 0.6428571428571429
0 0.4
0 0.5714285714285714
1 0.3333333333333333
1 0.0
0 0.25
1 0.3333333333333333
1 0.46153846153846156
1 0.5
1 0.36363636363636365
0 0.5833333333333334
0 0.4444444444444444
1 0.5
0 0.3333333333333333
0 0.3333333333333333
1 0.0
0 0.3333333333333333
0 0.5
1 0.3076923076923077
1 0.3333333333333333
0 0.4166666666666667
0 0.36363636363636365
0 0.25
1 0.09090909090909091
0 0.2727272727272727
1 0.5833333333333334
1 0.36363636363636365
0 0.5384615384615384
1 0.45454545454545453
1 0.4
1 0.5
0 0.5
0 0.45454545454545453
1 0.5714285714285714
1 0.6923076923076923
0 0.75
1 1.0
1 0.5
1 0.5
0 0.45454545454545453
0 0.3333333333333333
0 0.5
0 0.6666666666666666
0 0.0
0 0.5454545454545454
1 0.45454545454545453
1 0.5454545454545454
0 0.46153846153846156
1 0.45454545454545453
1 0.6363636363636364
1 0.4166666666666667
0 0.25
1 0.3333333333333333
1 0.25
0 0.0
0 0.5
0 0.5
1 0.6666666666666666
0 0.5
1 0.375
0 0.0
0 0.0
0 0.3076923076923077
1 0.5555555555555556
1 0.3333333333333333
0 0.6666666666666666
1 0.2857142857142857
0 0.5
0 1.0
1 0.6363636363636364
0 0.42857142857142855
1 0.5
1 0.6666666666666666
0 0.0
0 0.0
1 0.6
1 0.36363636363636365
0 0.5384615384615384
0 0.6363636363636364
1 0.4375
1 0.7777777777777778
1 0.5
0 0.6428571428571429
0 0.45454545454545453
1 0.6666666666666666
0 0.6428571428571429
0 0.3333333333333333
0 0.47058823529411764
1 0.4
1 0.5
0 0.0
1 0.0
0 0.0
0 0.3333333333333333
1 0.0
0 0.0
1 0.5384615384615384
0 0.36363636363636365
0 1.0
1 0.5384615384615384
0 0.2727272727272727
1 1.0
0 0.5
1 1.0
0 0.5555555555555556
0 0.5
0 0.5
1 0.6
1 0.6666666666666666
0 0.6666666666666666
0 0.6666666666666666
0 0.6363636363636364
1 1.0
0 0.35
0 1.0
0 1.0
1 0.8
0 0.4117647058823529
1 0.7692307692307693
1 0.6153846153846154
0 0.5
0 0.45454545454545453
1 0.5
0 0.36363636363636365
0 0.4375
0 0.3333333333333333
1 0.6363636363636364
1 0.6363636363636364
0 0.3125
1 0.5
1 0.5833333333333334
1 0.38461538461538464
0 0.5
1 0.5
0 0.625
1 1.0
1 1.0
0 1.0
1 0.5
0 1.0
1 1.0
1 0.75
0 0.3333333333333333
1 0.6666666666666666
0 1.0
0 0.5
1 1.0
0 0.6666666666666666
1 0.46153846153846156
0 0.6
0 0.6923076923076923
1 0.6666666666666666
1 0.46153846153846156
0 0.45454545454545453
0 0.6363636363636364
0 0.3333333333333333
0 0.5454545454545454
1 0.3333333333333333
1 0.5
1 0.3333333333333333
1 0.5714285714285714
1 0.3
0 0.375
0 0.7142857142857143
0 0.0
0 0.0
1 0.0
0 0.3333333333333333
1 0.2727272727272727
0 0.6923076923076923
0 0.6363636363636364
0 0.75
1 1.0
1 0.25
0 0.6
1 0.6363636363636364
1 0.46153846153846156
0 0.38461538461538464
1 0.5
1 0.5
0 0.0
1 0.7142857142857143
1 0.38461538461538464
1 0.0
1 0.5454545454545454
0 0.5454545454545454
0 0.4444444444444444
1 0.3333333333333333
0 0.45454545454545453
1 0.5833333333333334
0 0.5833333333333334
1 0.35714285714285715
1 0.6153846153846154
0 0.375
1 0.3333333333333333
1 0.5
0 0.14285714285714285
0 0.5
0 0.2
0 0.3333333333333333
1 0.2
1 0.3684210526315789
1 0.0
0 0.25
0 0.0
0 0.0
0 0.3333333333333333
0 0.35714285714285715
1 0.3333333333333333
0 1.0
0 0.75
0 0.6666666666666666
0 0.5454545454545454
0 0.5
0 0.5
0 0.6666666666666666
0 1.0
0 0.3333333333333333
1 0.6
0 0.4
0 0.6923076923076923
1 0.6666666666666666
1 1.0
0 0.25
1 0.6666666666666666
1 0.0
0 0.0
0 0.0
1 0.4166666666666667
1 0.6666666666666666
0 0.5
0 0.8571428571428571
0 0.6666666666666666
0 1.0
1 0.46153846153846156
1 0.5
1 0.2
1 0.5
0 0.8
1 0.6428571428571429
0 0.5
0 0.2
0 0.6666666666666666
1 0.7142857142857143
0 1.0
0 0.6666666666666666
0 0.5454545454545454
0 0.5
0 0.7
1 0.5
1 0.5833333333333334
0 0.25
0 0.45454545454545453
1 0.4
1 1.0
1 1.0
0 0.4166666666666667
1 0.5384615384615384
0 0.5
1 0.4
1 0.6428571428571429
1 0.3076923076923077
0 0.3333333333333333
1 0.7142857142857143
0 0.5
0 0.75
0 1.0
1 0.4166666666666667
1 0.5454545454545454
0 0.5
0 0.5
1 1.0
1 1.0
0 0.18181818181818182
1 1.0
1 0.5714285714285714
0 1.0
0 0.375
1 0.7692307692307693
0 0.5555555555555556
1 0.5
0 0.6666666666666666
1 1.0
0 1.0
1 1.0
0 0.5
0 0.5
0 0.0
0 0.42857142857142855
1 0.5
1 0.2727272727272727
0 0.7272727272727273
1 0.8181818181818182
0 0.5
1 0.4166666666666667
0 0.6
0 1.0
0 1.0
1 1.0
0 0.7777777777777778
0 0.7692307692307693
0 0.5333333333333333
0 0.42857142857142855
1 1.0
0 0.6666666666666666
0 0.46153846153846156
1 0.6666666666666666
0 0.625
1 0.5
1 0.5
1 0.0
0 0.18181818181818182
1 0.38461538461538464
0 0.0
1 0.3333333333333333
0 0.6666666666666666
1 0.5454545454545454
1 0.6923076923076923
0 0.5
1 0.625
0 0.6
0 1.0
0 1.0
0 1.0
1 1.0
1 1.0
0 0.2727272727272727
1 0.5833333333333334
1 0.6
0 0.5
1 0.5454545454545454
1 0.3333333333333333
0 0.0
1 0.5454545454545454
0 0.2
1 0.0
0 0.0
1 0.5714285714285714
1 0.5
1 0.3333333333333333
0 0.4
0 0.5
0 0.7692307692307693
1 0.46153846153846156
1 0.7
0 0.8
0 0.75
1 0.5
1 0.0
0 0.0
1 0.8181818181818182
1 0.3333333333333333
0 0.2
1 0.45454545454545453
0 1.0
1 0.6923076923076923
1 0.5714285714285714
1 0.0
0 0.2
0 0.45454545454545453
1 0.45454545454545453
1 0.7142857142857143
0 0.6666666666666666
1 0.75
1 0.5
0 0.8888888888888888
1 1.0
0 0.25
0 0.0
0 0.3333333333333333
1 0.6363636363636364
1 0.2727272727272727
1 0.3333333333333333
0 0.375
1 0.45454545454545453
1 0.5555555555555556
0 0.75
0 0.3333333333333333
0 0.0
0 0.4166666666666667
1 0.6153846153846154
1 1.0
0 0.25
1 0.6666666666666666
1 0.3333333333333333
0 0.5
0 0.6666666666666666
1 1.0
1 0.6363636363636364
0 0.5
1 0.5
1 0.7
0 0.5
0 0.6
1 0.6666666666666666
1 0.3333333333333333
1 0.0
0 0.0
0 0.0
1 0.5263157894736842
0 0.6428571428571429
1 1.0
1 1.0
0 0.625
0 1.0
1 0.5
1 1.0
1 0.8571428571428571
0 0.75
1 0.6666666666666666
1 0.5
0 1.0
0 0.5454545454545454
1 0.75
1 0.45454545454545453
1 0.5
1 0.2727272727272727
0 1.0
1 1.0
0 0.5
1 1.0
0 1.0
1 0.6
1 1.0
1 0.7142857142857143
1 0.6
1 0.8333333333333334
1 1.0
0 1.0
0 0.4
0 0.5
0 0.5
1 0.6
1 0.5
1 1.0
1 1.0
1 0.3333333333333333
1 0.7
1 0.75
1 0.35714285714285715
1 0.8181818181818182
0 0.2727272727272727
1 0.5384615384615384
0 0.4
1 0.5
0 0.3333333333333333
0 0.6666666666666666
1 0.75
1 0.45454545454545453
1 0.6666666666666666
0 0.25
0 0.6
0 0.7777777777777778
1 0.3333333333333333
1 0.42857142857142855
1 0.5454545454545454
1 0.7142857142857143
1 0.3333333333333333
1 0.625
0 1.0
1 1.0
1 0.6875
1 0.3333333333333333
0 0.5625
1 0.2727272727272727
1 0.36363636363636365
0 0.5
0 0.6
0 0.45454545454545453
0 0.5833333333333334
0 1.0
0 0.75
1 1.0
1 1.0
0 0.6
1 0.75
1 0.5
1 1.0
1 1.0
1 0.7777777777777778
1 0.5
0 1.0
0 0.6363636363636364
0 0.4
1 0.4666666666666667
0 0.8333333333333334
1 0.3333333333333333
0 0.375
1 0.5454545454545454
1 0.5454545454545454
0 0.7272727272727273
1 0.0
1 0.5384615384615384
1 0.25
0 0.25
1 0.5
0 1.0
0 0.5294117647058824
0 1.0
0 1.0
1 0.09090909090909091
1 0.42857142857142855
1 0.5833333333333334
0 0.5714285714285714
0 0.6666666666666666
0 0.75
1 0.3333333333333333
1 0.0
0 0.0
1 0.3333333333333333
0 0.0
1 0.8181818181818182
1 0.5
1 0.5
0 0.3333333333333333
0 0.5833333333333334
1 1.0
0 0.6666666666666666
0 0.4444444444444444
0 0.0
0 0.0
0 0.3333333333333333
1 0.5454545454545454
1 0.36363636363636365
0 0.3333333333333333
1 0.3125
1 0.5
0 0.5
1 1.0
0 0.5
0 1.0
1 1.0
0 0.5
0 0.6666666666666666
1 0.6
1 1.0
1 0.5833333333333334
0 1.0
1 1.0
0 0.42857142857142855
0 0.5
1 0.36363636363636365
1 1.0
0 1.0
0 0.4482758620689655
0 0.45454545454545453
0 0.45454545454545453
1 0.3333333333333333
0 0.5
0 0.3333333333333333
1 0.5
1 0.0
1 0.5
1 0.5384615384615384
0 0.25
0 1.0
0 1.0
0 0.6363636363636364
0 0.5454545454545454
0 0.5714285714285714
1 0.5384615384615384
1 0.0
0 0.6363636363636364
0 0.0
0 0.0
0 0.46153846153846156
0 0.3333333333333333
0 0.5454545454545454
0 0.6363636363636364
1 0.4
0 0.75
1 0.4
0 0.5
1 1.0
0 0.6363636363636364
0 0.5454545454545454
1 0.6
1 0.6153846153846154
1 0.42857142857142855
0 0.5714285714285714
0 0.5454545454545454
1 0.6923076923076923
1 0.4166666666666667
0 0.35714285714285715
0 0.5454545454545454
0 0.8181818181818182
0 0.2727272727272727
0 0.5
1 0.5
0 0.3333333333333333
0 0.0
1 0.42857142857142855
1 1.0
0 0.36363636363636365
1 1.0
0 0.0
1 0.0
0 0.4
1 0.6363636363636364
0 0.6
0 0.0
1 0.0
0 0.5
1 0.0
1 0.0
1 0.4
1 0.45454545454545453
1 0.42857142857142855
1 1.0
1 1.0
0 1.0
1 1.0
1 1.0
0 0.4
0 0.5454545454545454
1 0.0
0 0.0
1 0.5333333333333333
1 0.38461538461538464
1 0.75
0 1.0
1 1.0
1 1.0
0 1.0
0 0.5
1 1.0
0 0.5
1 0.0
0 0.5
0 0.0
0 0.0
0 0.25
1 0.8421052631578947
0 0.2
1 0.3333333333333333
0 1.0
0 0.5454545454545454
1 1.0
0 0.23076923076923078
0 0.1875
0 0.0
1 0.0
1 0.45454545454545453
1 0.0
0 0.42857142857142855
1 0.5714285714285714
1 0.0
0 0.4
1 0.0
1 0.0
0 0.0
0 0.3333333333333333
0 1.0
0 1.0
1 0.4666666666666667
0 0.5
1 0.5
1 0.45454545454545453
1 0.5
0 0.5
1 0.6
0 1.0
1 1.0
0 0.6666666666666666
1 1.0
1 0.5
1 0.47619047619047616
1 0.3
1 0.5
1 0.3333333333333333
0 0.0
0 0.6
1 0.5454545454545454
1 0.5454545454545454
1 0.45454545454545453
0 0.6666666666666666
0 0.6666666666666666
1 0.3333333333333333
0 0.6666666666666666
1 0.4166666666666667
0 0.6666666666666666
1 0.5
0 0.0
0 0.5454545454545454
0 0.2222222222222222
0 0.0
0 0.5
1 0.5714285714285714
0 0.75
1 0.8
0 0.6666666666666666
1 0.5
1 0.5
1 0.3333333333333333
1 1.0
0 0.5333333333333333
0 0.5454545454545454
0 0.5833333333333334
0 0.5
0 0.5
1 0.8
0 0.5
1 0.6666666666666666
0 1.0
1 0.6666666666666666
1 0.7142857142857143
1 0.6153846153846154
1 0.5
1 0.3333333333333333
1 0.0
1 0.0
1 0.38461538461538464
1 0.25
1 0.6666666666666666
1 0.6666666666666666
0 1.0
0 1.0
1 0.6666666666666666
1 0.6
1 1.0
0 0.7142857142857143
1 1.0
1 1.0
0 0.3333333333333333
0 0.0
0 0.6666666666666666
0 0.3333333333333333
1 0.375
1 0.5
0 0.0
1 0.5714285714285714
0 0.5454545454545454
0 0.4
0 0.375
0 0.0
1 0.5
1 0.4166666666666667
0 0.2727272727272727
1 0.7058823529411765
1 0.8
0 0.45454545454545453
0 0.6666666666666666
0 0.375
1 0.6
0 0.5833333333333334
0 1.0
1 0.5
0 0.4
1 0.6
1 1.0
1 0.4
1 0.45454545454545453
1 0.3
1 0.75
1 0.5384615384615384
1 0.38461538461538464
1 0.2727272727272727
1 0.36363636363636365
0 0.3333333333333333
1 0.42857142857142855
0 0.5
0 0.3333333333333333
0 0.5
0 1.0
1 0.75
0 1.0
0 0.5
1 0.45454545454545453
0 0.6428571428571429
1 0.5
0 0.5454545454545454
1 0.6
1 0.3333333333333333
0 0.2
0 1.0
0 0.5
1 0.5
1 0.3333333333333333
1 1.0
0 1.0
1 0.6153846153846154
0 0.6363636363636364
1 0.6
1 0.5
0 0.5
0 0.5
0 0.0
0 0.7272727272727273
0 0.5
0 0.6666666666666666
0 0.5
0 1.0
1 1.0
1 0.4
0 0.42857142857142855
0 0.5555555555555556
1 0.3
0 0.3333333333333333
0 0.6
1 0.4
0 1.0
0 0.4166666666666667
0 0.6
1 0.5
1 0.75
1 0.6666666666666666
0 0.36363636363636365
1 0.7272727272727273
1 0.6
1 0.6
0 1.0
1 1.0
1 0.5
1 0.6
1 0.6666666666666666
1 0.5
1 0.6666666666666666
0 0.6
0 0.45454545454545453
1 0.3
0 0.6
1 0.3333333333333333
0 0.7272727272727273
1 0.3333333333333333
1 0.0
1 0.47368421052631576
0 1.0
0 0.75
1 1.0
0 0.5833333333333334
0 1.0
1 1.0
0 1.0
0 1.0
0 0.3
1 0.6
0 1.0
1 0.6666666666666666
0 0.5
0 0.42857142857142855
1 0.75
1 0.36363636363636365
0 0.5
1 0.25
1 0.3333333333333333
0 0.7142857142857143
0 0.0
0 0.0
0 0.3333333333333333
1 0.5
1 0.6666666666666666
0 0.36363636363636365
0 1.0
0 1.0
1 0.6
1 0.5
0 0.6666666666666666
0 0.6666666666666666
0 0.6666666666666666
1 0.5
0 0.4
0 1.0
1 0.6428571428571429
1 0.6666666666666666
0 0.0
0 0.42857142857142855
0 0.5
1 0.5454545454545454
0 0.0
1 0.0
1 0.0
1 0.0
0 0.0
1 0.42857142857142855
0 0.6666666666666666
1 0.3333333333333333
0 0.0
1 0.3333333333333333
1 0.5
1 0.0
1 0.0
1 0.0
0 0.0
1 0.0
0 0.0
1 0.0
0 0.0
1 0.0
0 0.75
1 0.6666666666666666
0 0.8
0 0.6363636363636364
0 0.5
1 1.0
0 0.3333333333333333
1 1.0
1 0.0
0 0.3333333333333333
0 0.0
1 1.0
0 0.5882352941176471
1 1.0
0 1.0
1 0.75
1 0.5
0 0.625
0 1.0
0 0.5454545454545454
1 0.75
1 0.5
0 1.0
1 0.8
0 1.0
1 1.0
0 0.6363636363636364
0 0.46153846153846156
1 0.5454545454545454
1 0.5
1 1.0
0 0.6666666666666666
1 1.0
0 0.75
1 1.0
0 0.8
0 0.5
1 1.0
0 0.4
0 0.8
1 0.5454545454545454
0 0.6
1 0.0
0 0.5
0 0.5
1 0.0
0 0.3333333333333333
0 0.4375
0 1.0
1 1.0
0 0.7272727272727273
0 0.47058823529411764
0 0.16666666666666666
1 0.0
0 0.3333333333333333
0 0.5294117647058824
1 0.6666666666666666
0 0.75
0 0.3333333333333333
0 1.0
0 0.42857142857142855
0 0.45454545454545453
1 0.5
1 0.0
0 0.5
0 0.0
0 0.8333333333333334
1 0.6
1 0.5
1 0.3333333333333333
1 1.0
1 0.3333333333333333
0 0.6
1 0.6
1 0.3333333333333333
1 0.0
0 0.0
1 0.0
1 0.0
1 0.5
0 0.3333333333333333
0 0.3333333333333333
0 0.36363636363636365
0 0.5
1 0.0
1 0.42857142857142855
0 0.5
1 0.23076923076923078
0 0.0
1 0.0
0 0.4166666666666667
1 0.2857142857142857
0 0.3333333333333333
1 0.25
0 0.5
0 0.2
0 0.3333333333333333
0 0.4
0 0.5
1 0.5714285714285714
1 0.6666666666666666
0 0.6666666666666666
0 1.0
1 0.5
0 0.5
0 1.0
0 0.5384615384615384
1 0.75
1 0.5
0 1.0
0 1.0
0 0.7777777777777778
0 0.5
1 1.0
1 1.0
0 0.8181818181818182
1 0.6363636363636364
1 0.6666666666666666
1 1.0
1 0.4
1 0.4
1 0.42857142857142855
0 0.25
0 0.5
1 0.0
0 0.5
1 0.0
1 1.0
1 0.6666666666666666
0 0.0
1 0.3333333333333333
1 0.0
0 0.0
0 0.25
1 0.0
1 0.5
1 0.42857142857142855
0 0.5714285714285714
1 0.6666666666666666
0 0.5
0 0.3
1 0.5714285714285714
0 0.7
1 0.6666666666666666
0 0.5833333333333334
0 1.0
1 1.0
0 0.6666666666666666
1 0.6666666666666666
1 1.0
0 0.5
0 0.6666666666666666
1 1.0
1 0.45454545454545453
0 0.5454545454545454
0 0.0
0 0.2857142857142857
0 0.75
0 0.2727272727272727
1 0.5
1 1.0
0 0.4
1 0.4
1 0.5
1 1.0
1 0.6666666666666666
0 0.5
0 0.5
1 0.6666666666666666
1 0.5
0 0.7
0 0.45454545454545453
1 0.3333333333333333
0 1.0
1 0.5
1 0.5714285714285714
0 0.0
0 0.0
0 0.6666666666666666
1 0.5
0 0.2727272727272727
1 0.16666666666666666
0 0.7272727272727273
0 0.5
1 0.5454545454545454
0 0.25
0 0.75
0 0.4
0 0.75
0 0.5
1 1.0
0 1.0
0 0.42857142857142855
1 0.6666666666666666
0 0.5714285714285714
0 0.25
1 0.5
0 0.5
0 0.2
1 0.5
1 0.0
1 0.75
0 0.0
0 0.3333333333333333
1 0.36363636363636365
0 1.0
0 0.6666666666666666
1 0.6
1 0.6666666666666666
1 0.0
1 0.3333333333333333
1 0.3076923076923077
0 0.5
0 0.5833333333333334
1 1.0
1 0.5
1 1.0
0 1.0
1 0.6363636363636364
1 0.4
1 0.25
1 0.0
0 0.25
0 0.3125
0 0.3333333333333333
1 0.0
1 0.3333333333333333
1 0.45454545454545453
0 0.25
1 0.5
0 0.25
1 0.3333333333333333
0 0.4
1 0.8181818181818182
1 0.375
0 0.6666666666666666
0 0.75
0 1.0
1 1.0
0 1.0
1 1.0
1 0.4166666666666667
1 0.6
0 0.6
0 0.42857142857142855
0 0.5
1 1.0
0 1.0
1 0.0
1 0.3333333333333333
1 0.5
1 0.6666666666666666
0 0.5454545454545454
1 0.4
1 1.0
0 1.0
1 0.3333333333333333
0 0.46153846153846156
0 0.25
0 0.5
1 0.0
0 0.25
1 0.5714285714285714
1 0.5
0 0.6923076923076923
0 0.3333333333333333
1 0.5454545454545454
1 0.3333333333333333
1 0.5
0 0.5
1 1.0
1 1.0
0 1.0
1 0.7
0 0.2857142857142857
1 0.3
0 0.5
1 0.3333333333333333
1 0.5714285714285714
0 0.5
1 0.0
1 0.0
1 0.6666666666666666
1 0.0
0 0.0
1 0.0
0 0.45454545454545453
1 0.6
1 0.3333333333333333
0 0.5384615384615384
0 0.0
0 0.18181818181818182
0 0.3333333333333333
1 0.2
0 0.0
0 0.3333333333333333
1 0.3333333333333333
0 0.0
1 0.5454545454545454
1 0.0
0 0.0
0 0.6666666666666666
0 0.0
1 0.3333333333333333
0 0.4
0 0.25
0 0.375
1 0.0
0 0.2222222222222222
0 0.5454545454545454
0 0.5
0 0.5
0 0.0
0 0.25
1 0.9
0 0.75
0 0.5
1 0.5
1 0.5
0 0.0
1 0.25
0 0.0
1 0.5
0 0.0
1 0.0
1 0.5
0 0.0
0 0.3076923076923077
1 0.3333333333333333
1 0.7
1 0.46153846153846156
0 0.5
1 0.0
0 0.3333333333333333
1 0.3333333333333333
1 0.0
0 0.42857142857142855
0 0.0
0 0.14285714285714285
0 0.3333333333333333
0 0.6923076923076923
0 1.0
0 1.0
0 1.0
0 1.0
0 0.5
0 0.5
1 1.0
0 0.6666666666666666
1 0.0
1 0.0
0 0.0
1 0.5
1 0.0
0 0.46153846153846156
0 0.5
0 1.0
1 0.5
0 0.5454545454545454
0 0.8
1 0.3076923076923077
0 0.2222222222222222
1 0.75
1 1.0
1 0.5
1 0.5
1 0.2
1 0.0
1 0.0
1 0.5714285714285714
1 0.6666666666666666
1 0.8333333333333334
0 0.4
1 1.0
1 1.0
0 0.5
0 0.75
1 0.6153846153846154
1 1.0
0 0.2857142857142857
1 0.6
1 0.25
0 0.3333333333333333
1 0.29411764705882354
1 0.3333333333333333
1 0.3
1 0.5454545454545454
0 0.25
0 0.7
1 0.0
1 0.5
1 0.29411764705882354
1 0.0
0 0.0
0 0.5
1 0.0
1 0.0
1 0.6428571428571429
1 0.6666666666666666
0 1.0
1 0.0
0 0.0
0 0.6153846153846154
0 0.42857142857142855
1 0.25
1 1.0
0 0.6190476190476191
0 1.0
0 0.5
0 1.0
1 0.15384615384615385
1 0.5
1 0.5
0 0.6666666666666666
0 0.6153846153846154
0 1.0
0 0.5
1 0.6666666666666666
1 0.5
1 0.5
1 0.6363636363636364
1 1.0
1 0.5
0 0.6666666666666666
0 0.3333333333333333
0 0.3333333333333333
1 1.0
0 0.46153846153846156
1 0.5
1 0.6666666666666666
0 0.3333333333333333
0 0.0
1 0.25
0 0.3333333333333333
0 0.5
1 0.0
1 0.4
1 0.7777777777777778
1 0.5
1 0.75
0 0.6666666666666666
0 0.0
1 0.0
0 0.0
0 0.2
0 0.6363636363636364
0 0.5
0 1.0
1 0.75
1 0.6666666666666666
0 0.5625
1 1.0
0 0.5
1 0.25
0 1.0
1 0.45454545454545453
1 0.2857142857142857
1 0.0
0 0.5
0 0.25
1 1.0
0 0.0
1 0.0
0 0.3
1 0.4
1 0.0
1 0.0
1 0.625
0 0.5
1 0.2
0 0.0
1 0.5
0 0.5
0 0.5
0 0.5
1 1.0
0 1.0
0 0.4
1 0.0
1 0.0
0 0.5
0 0.4
0 0.0
0 0.3076923076923077
1 0.0
1 0.0
0 0.36363636363636365
0 0.0
1 0.3333333333333333
0 0.3
1 0.0
1 0.0
1 0.5
1 0.0
1 0.5
0 0.0
1 1.0
0 0.36363636363636365
0 0.75
0 0.5
1 0.0
0 0.14285714285714285
0 0.45454545454545453
0 0.6363636363636364
1 0.5
1 1.0
0 0.5
1 0.5714285714285714
0 0.3333333333333333
0 0.0
0 0.5
0 0.42857142857142855
0 0.0
0 0.6666666666666666
1 0.3333333333333333
0 1.0
0 1.0
0 0.3333333333333333
1 0.0
1 0.625
0 0.5
0 1.0
1 1.0
0 1.0
1 1.0
1 1.0
0 0.8
0 0.5
0 0.0
0 1.0
0 1.0
1 1.0
0 1.0
0 1.0
0 0.0
0 0.3333333333333333
1 0.0
1 0.6666666666666666
0 0.6666666666666666
1 0.6666666666666666
1 0.6
1 0.25
1 0.0
1 0.0
1 0.0
0 0.0
1 0.5
0 0.3333333333333333
1 0.0
1 0.5
0 0.0
1 0.0
1 0.0
1 0.0
1 0.0
0 0.5
0 0.7142857142857143
1 0.5
1 0.25
1 0.6666666666666666
1 0.7272727272727273
0 0.75
0 0.5
0 0.75
0 0.0
0 0.375
1 0.7142857142857143
1 0.5555555555555556
0 1.0
1 1.0
0 0.42857142857142855
0 0.45454545454545453
0 1.0
0 0.6666666666666666
0 0.5
1 0.5
1 0.5
0 1.0
0 0.5
1 0.5
1 0.3333333333333333
0 0.7142857142857143
0 1.0
1 1.0
1 0.0
0 0.5
1 0.25
1 0.3
0 0.6
1 0.3333333333333333
0 0.0
0 0.3333333333333333
0 0.75
1 0.0
0 0.6666666666666666
1 0.6666666666666666
1 0.3333333333333333
1 1.0
1 0.5
1 0.5
1 1.0
0 1.0
0 0.5
0 1.0
0 0.75
0 0.6
0 0.6
0 0.0
0 0.5
0 0.0
1 0.0
0 0.0
1 0.3333333333333333
0 0.5
1 0.0
0 0.0
0 0.0
1 0.0
0 0.0
0 0.2
0 1.0
0 1.0
0 1.0
0 1.0
1 0.5
1 0.3
1 1.0
1 1.0
0 1.0
1 1.0
1 1.0
0 1.0
0 0.5454545454545454
1 0.5
0 0.0
1 0.25
0 0.0
1 0.3333333333333333
0 0.2
1 0.0
0 0.0
0 0.5833333333333334
0 0.6
1 0.6666666666666666
1 0.6666666666666666
0 0.5
1 0.7
1 0.6363636363636364
0 0.0
1 0.5
1 0.0
1 0.25
1 0.25
1 0.0
0 0.0
0 0.8181818181818182
1 0.5384615384615384
0 1.0
0 1.0
0 1.0
0 0.5
0 1.0
1 0.3333333333333333
0 0.5
1 0.5714285714285714
1 1.0
0 0.75
0 0.4
1 0.6666666666666666
1 0.36363636363636365
1 0.42857142857142855
0 0.5
0 0.5
0 1.0
0 0.5
0 0.3333333333333333
1 0.5
1 0.25
0 0.5
1 1.0
1 0.75
0 1.0
1 1.0
1 0.5
0 0.8
1 0.3333333333333333
0 1.0
0 0.75
1 0.6
1 1.0
1 0.5
1 0.5454545454545454
1 0.5
0 0.5
0 1.0
0 0.6666666666666666
1 0.5
0 0.5
0 0.5
1 0.5
1 0.5
0 0.0
0 0.0
0 0.0
0 0.0
1 0.6
0 0.5
1 0.0
0 1.0
0 0.0
0 0.5
1 1.0
0 0.5454545454545454
1 0.0
0 0.75
0 0.0
0 0.0
0 0.5
1 1.0
0 0.5
0 0.4
1 1.0
0 0.5
1 0.0
1 0.5
1 0.0
1 1.0
0 1.0
1 0.6666666666666666
0 1.0
1 0.5714285714285714
1 0.5
1 1.0
1 0.125
0 0.5
0 0.5714285714285714
0 0.5
0 0.6666666666666666
0 0.6666666666666666
0 0.6923076923076923
1 0.0
1 0.0
1 1.0
1 0.4
0 0.6
1 0.2
1 0.0
1 0.0
1 0.0
1 0.3333333333333333
0 1.0
1 1.0
0 0.7777777777777778
0 0.42857142857142855
1 0.0
1 0.36363636363636365
1 0.46153846153846156
0 0.7142857142857143
1 0.0
1 1.0
1 0.5
1 1.0
1 0.6666666666666666
1 0.3333333333333333
0 0.5
0 0.0
1 0.5
0 0.5
0 1.0
1 1.0
1 0.6666666666666666
1 1.0
1 0.4
1 0.6666666666666666
1 1.0
1 1.0
1 1.0
1 1.0
1 1.0
0 0.6666666666666666
1 0.5454545454545454
1 1.0
0 1.0
0 0.0
1 0.3333333333333333
1 0.0
1 0.2
0 1.0
0 0.6666666666666666
1 0.0
0 0.0
1 0.5
1 0.0
0 0.75
1 0.6666666666666666
1 0.5
0 0.0
0 0.4
0 0.6666666666666666
1 0.0
1 0.5454545454545454
0 0.6
0 0.45454545454545453
0 0.25
1 0.4
1 0.4
0 0.0
0 0.5
1 0.0
0 0.6428571428571429
1 0.5
0 0.6666666666666666
1 1.0
1 0.4
1 0.0
0 0.3333333333333333
0 0.3333333333333333
0 0.0
1 0.0
1 0.5
1 0.46153846153846156
1 0.6666666666666666
0 1.0
1 0.0
1 0.5
0 0.0
1 0.46153846153846156
1 0.0
1 0.0
0 0.3333333333333333
1 0.0
1 0.8
0 0.0
0 0.5
1 0.7272727272727273
0 0.75
1 0.0
1 0.5714285714285714
1 0.0
0 0.6666666666666666
1 0.0
0 0.5
1 0.42857142857142855
1 0.45454545454545453
0 0.2857142857142857
1 0.3333333333333333
0 0.0
1 0.0
1 0.5
1 0.75
1 0.0
0 0.3333333333333333
1 0.5
1 1.0
1 0.45454545454545453
1 0.6666666666666666
0 0.6
0 1.0
1 0.3333333333333333
0 0.8
1 0.5
1 0.8
0 0.3333333333333333
1 1.0
1 0.25
1 0.5833333333333334
0 0.0
0 0.3333333333333333
1 0.45454545454545453
1 0.36363636363636365
1 0.5
1 0.6666666666666666
1 0.25
0 0.3333333333333333
0 0.0
0 0.5
1 1.0
1 1.0
1 0.0
0 0.6666666666666666
0 0.5384615384615384
0 0.0
1 0.5
0 0.0
0 0.0
1 0.0
0 0.5833333333333334
1 0.5
0 0.25
1 0.5
0 0.5
0 0.5
1 0.0
1 0.6
1 1.0
1 0.5
0 1.0
1 1.0
0 1.0
0 1.0
0 0.5
1 0.0
0 0.0
1 0.0
0 0.0
1 0.0
0 0.3333333333333333
0 1.0
0 0.6666666666666666
1 0.0
1 0.0
1 0.6
0 1.0
1 1.0
1 1.0
0 0.4
0 0.2
1 0.8
1 0.0
1 0.5
1 0.0
0 0.0
1 0.0
1 0.36363636363636365
1 0.5
0 1.0
1 0.6666666666666666
1 0.25
1 0.3333333333333333
1 0.0
1 0.0
1 0.0
0 0.5
0 0.3333333333333333
0 0.0
0 0.6
0 1.0
1 0.42857142857142855
1 0.5
0 0.0
0 0.5
1 0.0
1 0.0
1 0.4
1 0.0
0 0.5
1 0.0
0 0.0
1 0.6666666666666666
1 0.0
0 0.25
1 1.0
0 0.14285714285714285
0 1.0
0 0.36363636363636365
0 0.4
0 0.5
1 1.0
0 1.0
0 0.3333333333333333
1 0.5833333333333334
0 1.0
1 0.4
1 0.0
0 0.0
0 0.0
0 0.3333333333333333
1 0.0
1 0.3333333333333333
1 0.0
0 0.0
0 0.0
0 0.5
0 1.0
1 1.0
0 0.0
0 0.6923076923076923
0 0.0
0 0.0
0 0.0
1 0.0
1 0.0
1 0.3333333333333333
0 0.3333333333333333
1 0.3333333333333333
0 0.5
0 0.2857142857142857
1 0.6
0 0.5
1 0.75
1 0.5
1 1.0
0 1.0
0 0.0
1 0.25
0 0.0
1 0.0
1 0.0
0 0.5
1 0.0
1 1.0
0 1.0
1 0.3333333333333333
1 0.3333333333333333
1 0.5
0 0.0
1 0.0
1 0.45454545454545453
1 1.0
0 1.0
1 1.0
0 1.0
1 1.0
0 1.0
1 1.0
0 1.0
0 1.0
0 1.0
1 0.0
0 0.0
0 1.0
1 0.6666666666666666
0 1.0
1 1.0
1 0.3333333333333333
0 1.0
1 0.5
0 0.25
1 0.0
1 1.0
1 1.0
1 0.0
0 0.0
0 0.0
1 0.25
1 0.6666666666666666
1 1.0
0 0.6666666666666666
0 0.0
0 0.0
1 1.0
1 0.6666666666666666
1 1.0
1 1.0
0 1.0
0 1.0
0 0.3333333333333333
0 0.5
1 0.6923076923076923
1 0.6
1 1.0
1 0.5
1 0.3333333333333333
0 0.0
1 0.3333333333333333
1 0.25
1 0.0
0 0.0
0 0.0
0 1.0
0 0.6666666666666666
0 0.5
0 0.0
1 0.5
0 0.5
1 0.0
1 0.3333333333333333
1 0.0
0 0.75
1 0.0
1 0.0
1 0.5882352941176471
1 0.0
0 0.0
1 0.75
0 1.0
1 1.0
0 0.3333333333333333
0 0.8333333333333334
1 1.0
0 1.0
0 0.4
1 0.75
1 0.3333333333333333
1 0.3333333333333333
0 0.0
1 0.5
1 0.8
1 0.5
1 1.0
1 0.5714285714285714
0 1.0
1 0.5384615384615384
0 0.5
1 0.0
0 0.0
0 0.25
0 0.5
1 0.8
0 1.0
0 0.4
1 1.0
0 0.6
1 0.6666666666666666
1 1.0
1 0.5
0 0.3333333333333333
0 0.3333333333333333
0 1.0
0 0.5
0 0.25
1 0.0
0 0.0
0 0.2727272727272727
1 0.5454545454545454
1 0.0
0 0.5
1 0.0
0 0.0
0 1.0
0 1.0
0 0.6666666666666666
1 1.0
1 1.0
1 0.5
0 0.0
1 0.0
1 0.0
0 0.0
1 0.0
0 1.0
0 0.5
0 0.5
0 0.0
0 0.0
1 0.0
1 0.5
0 0.0
1 0.5
0 0.6666666666666666
1 0.0
0 0.0
0 0.45454545454545453
0 1.0
1 1.0
0 0.0
1 1.0
1 1.0
1 0.5
1 0.0
0 0.3333333333333333
0 0.0
0 0.3333333333333333
1 0.0
1 0.0
0 0.5
1 0.0
1 0.42857142857142855
0 0.0
0 0.5
0 0.5
1 0.6
1 1.0
1 0.3333333333333333
0 1.0
0 0.3333333333333333
0 0.3333333333333333
0 0.5
0 1.0
1 0.3333333333333333
1 0.6666666666666666
0 0.6666666666666666
1 0.3333333333333333
0 0.5
0 0.5
0 0.5
1 0.0
0 0.0
1 0.0
0 0.38461538461538464
1 0.8333333333333334
0 0.5
0 0.25
1 0.8
1 0.0
0 0.0
1 0.0
0 0.6666666666666666
0 0.6666666666666666
0 0.5
0 0.0
0 1.0
1 0.8
0 0.0
0 0.0
0 0.5
0 1.0
0 0.0
0 0.5
1 0.375
0 0.5
0 1.0
1 1.0
1 0.0
0 0.4
0 0.5
0 1.0
0 0.5
1 1.0
0 1.0
0 1.0
0 0.5
1 0.5
1 0.5
0 0.4
0 1.0
1 0.75
0 0.0
1 0.0
1 1.0
1 1.0
0 0.6
0 0.5
1 0.5
0 0.6666666666666666
0 1.0
1 0.3333333333333333
1 0.2
0 0.5
0 0.0
0 0.2857142857142857
0 1.0
1 1.0
1 1.0
0 0.3333333333333333
1 0.5
0 0.0
0 0.0
1 0.1111111111111111
0 1.0
0 0.5
1 0.5
1 0.0
1 0.3333333333333333
1 0.5833333333333334
0 1.0
1 0.5
1 0.3333333333333333
1 0.5
0 0.8571428571428571
1 0.5
1 0.5
0 0.5
1 1.0
0 1.0
0 0.0
0 0.5
1 1.0
0 0.875
1 0.5
0 1.0
1 1.0
1 0.0
0 0.5
1 0.5
1 1.0
0 1.0
1 0.3333333333333333
1 0.0
0 0.5
1 0.36363636363636365
1 0.45454545454545453
0 0.0
1 0.3333333333333333
0 0.6666666666666666
0 0.0
1 0.5
1 1.0
1 1.0
0 0.0
1 1.0
0 0.5
0 0.5
1 0.0
1 0.6666666666666666
1 0.75
1 0.25
1 0.0
1 0.0
0 0.5
1 0.0
0 1.0
0 0.0
1 0.0
0 0.0
1 0.6666666666666666
0 0.5
1 0.45454545454545453
0 0.5
0 0.5
0 0.0
0 0.0
0 0.0
0 1.0
1 1.0
0 0.45454545454545453
0 1.0
1 0.5
1 1.0
1 0.5
0 1.0
1 0.5
0 0.5
0 0.5714285714285714
1 0.4
0 0.6666666666666666
0 1.0
0 0.0
1 0.0
0 0.5
1 0.5
1 0.3333333333333333
0 0.0
0 0.0
0 0.0
0 0.6666666666666666
1 1.0
0 0.5
1 0.45454545454545453
0 0.0
0 0.0
0 1.0
0 0.0
1 0.5
0 0.5
1 0.6666666666666666
0 1.0
1 0.3333333333333333
0 0.0
1 0.0
0 0.5
0 0.45454545454545453
0 0.5
1 0.0
0 1.0
1 1.0
1 1.0
1 0.6666666666666666
0 1.0
0 1.0
1 1.0
0 0.5
0 0.5
0 1.0
0 0.75
1 0.5
1 0.5
1 0.5
0 0.75
1 1.0
1 1.0
0 0.42857142857142855
1 1.0
1 1.0
0 0.14285714285714285
1 1.0
0 1.0
1 0.0
1 0.5
1 0.6666666666666666
1 0.0
1 0.0
1 0.0
1 0.0
1 0.5
0 0.5
0 1.0
1 0.5
1 0.3333333333333333
0 0.6666666666666666
1 0.75
1 1.0
0 0.25
1 0.3333333333333333
1 1.0
0 0.6666666666666666
0 1.0
0 1.0
1 0.42857142857142855
0 1.0
1 0.25
0 0.5
0 0.5
1 1.0
1 1.0
1 1.0
0 0.3333333333333333
1 0.5
1 0.0
1 0.0
1 0.25
1 0.0
1 0.5
0 0.4
0 0.0
1 0.0
1 0.5833333333333334
0 1.0
0 1.0
1 0.6666666666666666
0 0.6
0 1.0
0 1.0
1 0.0
0 1.0
0 0.25
0 0.2
0 0.0
1 0.5
1 0.0
0 0.38461538461538464
0 0.0
0 0.5
0 0.0
1 0.0
0 0.5
0 1.0
1 1.0
0 1.0
0 0.0
1 0.0
0 0.0
0 0.0
1 0.5
1 0.0
1 0.42857142857142855
0 0.0
1 0.5
1 0.6666666666666666
1 0.0
1 0.3333333333333333
0 0.0
1 0.6666666666666666
0 0.5
1 0.0
1 0.0
0 1.0
1 0.0
1 0.0
1 0.5
1 1.0
1 0.0
0 0.2727272727272727
0 0.0
1 1.0
1 0.6
0 0.25
0 1.0
0 0.25
1 0.5
1 1.0
1 0.0
0 0.6666666666666666
1 0.5
0 0.0
1 0.3333333333333333
1 1.0
1 1.0
0 1.0
1 1.0
1 0.0
1 0.0
0 0.3333333333333333
1 0.3333333333333333
1 0.25
0 0.0
1 0.0
0 0.0
0 0.5
1 0.0
0 0.0
0 0.0
0 0.0
1 0.5
1 1.0
1 1.0
1 1.0
0 1.0
0 0.3333333333333333
1 0.45454545454545453
0 0.2857142857142857
0 0.6
0 1.0
1 0.0
1 0.0
0 0.5
0 0.5
1 0.0
1 0.2727272727272727
1 0.25
1 0.5
1 0.3333333333333333
1 0.3333333333333333
0 0.6666666666666666
0 0.6
0 0.5
0 0.0
1 0.75
1 0.5
0 0.0
0 0.0
0 0.0
0 0.25
1 0.0
1 0.3333333333333333
0 1.0
0 0.5
1 1.0
1 0.42857142857142855
0 0.5
0 1.0
0 0.75
0 1.0
0 0.75
1 0.0
0 1.0
1 1.0
0 0.3333333333333333
0 1.0
1 0.5
1 1.0
0 0.3333333333333333
0 1.0
1 1.0
1 0.5
0 0.0
0 0.0
0 0.0
0 0.5
0 1.0
0 0.75
1 1.0
0 0.5
0 0.5
1 1.0
1 1.0
1 0.6666666666666666
1 0.0
1 0.6666666666666666
1 0.6
0 1.0
0 0.0
0 0.3333333333333333
0 1.0
1 1.0
0 1.0
1 0.125
1 0.5
1 0.0
1 0.6666666666666666
1 0.5
1 0.0
1 0.0
0 1.0
1 1.0
0 1.0
1 1.0
1 1.0
0 1.0
0 1.0
1 0.0
0 0.0
0 0.6
0 0.5
1 0.5
1 0.0
0 0.7272727272727273
0 0.6666666666666666
1 0.0
0 0.0
0 0.3333333333333333
1 0.0
0 1.0
1 1.0
0 1.0
1 0.6666666666666666
1 0.5
0 0.3333333333333333
0 0.3333333333333333
0 0.0
1 0.0
1 0.25
1 1.0
0 1.0
0 1.0
1 0.75
1 1.0
1 1.0
1 0.75
0 1.0
1 0.4
0 0.6666666666666666
1 0.5
1 0.0
0 0.0
1 0.0
1 1.0
0 1.0
1 0.6666666666666666
0 0.5
1 0.0
0 1.0
0 1.0
1 0.6666666666666666
1 0.0
0 0.0
1 1.0
0 1.0
0 1.0
1 0.75
1 0.0
0 0.5
1 0.0
0 0.6666666666666666
0 0.75
0 1.0
0 1.0
1 1.0
0 1.0
1 0.5
1 0.0
0 0.0
1 0.5
0 1.0
0 1.0
1 0.5
0 0.5
1 1.0
1 0.4
1 0.0
0 0.0
1 0.0
1 0.0
0 1.0
1 0.7272727272727273
1 1.0
0 1.0
1 1.0
1 1.0
1 0.5
0 1.0
0 0.0
0 0.0
1 0.0
1 0.25
1 0.2
0 0.6666666666666666
0 1.0
1 0.5714285714285714
0 1.0
1 1.0
1 0.5
1 0.6666666666666666
0 0.5
1 1.0
1 1.0
0 0.0
1 0.0
0 0.6666666666666666
0 0.6666666666666666
0 0.25
0 0.3333333333333333
0 1.0
0 0.5
1 1.0
1 0.5
1 0.5
1 0.5
1 0.0
1 1.0
0 1.0
1 1.0
0 0.0
1 0.5
0 1.0
0 0.0
1 0.0
1 0.0
1 0.0
1 0.0
0 0.0
1 0.0
1 0.0
0 0.0
0 0.0
1 0.0
1 0.0
1 0.0
1 0.0
1 0.0
0 0.0
1 0.0
0 0.0
1 0.0
0 0.0
0 0.0
1 0.0
0 0.0
1 0.0
0 0.0
0 0.0
1 0.0
1 0.75
1 1.0
0 0.0
1 0.8333333333333334
1 1.0
1 0.0
0 0.0
1 0.0
0 1.0
0 0.0
0 0.3333333333333333
0 1.0
0 1.0
1 1.0
1 1.0
0 1.0
0 0.5
1 1.0
0 0.0
1 0.0
1 1.0
1 0.5
1 0.0
1 0.0
1 1.0
0 0.3333333333333333
0 0.6666666666666666
0 0.0
1 0.0
0 0.0
0 0.0
1 0.5
1 1.0
0 1.0
1 1.0
0 1.0
0 0.0
0 0.0
1 0.0
1 0.0
1 0.0
1 0.0
1 0.5
1 0.0
1 0.0
0 0.25
0 0.5
1 0.5
1 0.0
1 0.0
1 0.0
1 0.0
1 0.0
1 0.0
1 1.0
0 1.0
0 1.0
0 1.0
0 1.0
0 0.0
1 0.3333333333333333
1 0.0
0 0.0
1 0.0
1 0.6666666666666666
0 0.0
0 0.0
0 1.0
1 0.6666666666666666
0 0.5
0 0.5454545454545454
1 1.0
0 0.2857142857142857
1 0.0
1 0.5
1 0.0
0 0.0
1 0.5
1 0.3333333333333333
0 0.5
0 0.25
1 0.0
1 0.0
0 1.0
1 1.0
1 1.0
1 1.0
0 0.0
0 0.5
1 1.0
0 1.0
0 0.3333333333333333
0 0.6363636363636364
1 0.5
0 0.5
0 0.0
1 0.25
1 0.0
1 0.5
0 0.5
1 1.0
0 0.5
0 0.5
1 0.0
1 0.6666666666666666
0 0.3333333333333333
1 0.0
0 0.5
1 1.0
0 1.0
0 1.0
0 1.0
0 1.0
1 1.0
0 0.5
1 1.0
1 1.0
0 1.0
1 1.0
0 1.0
0 0.0
0 0.5
1 0.0
1 0.0
0 0.0
0 0.0
1 0.0
0 0.5
0 0.0
1 0.75
0 0.0
1 0.0
0 0.0
0 0.0
1 0.0
1 1.0
1 1.0
1 1.0
0 0.25
1 0.0
0 0.75
1 0.0
1 0.0
1 0.0
0 0.5
1 0.0
1 0.0
0 0.6666666666666666
1 0.75
0 1.0
0 0.5
1 0.0
1 1.0
0 1.0
1 1.0
0 1.0
1 0.0
1 0.0
0 1.0
0 1.0
1 1.0
0 1.0
0 0.3333333333333333
1 0.0
1 0.0
0 0.0
0 0.0
0 0.0
0 0.6666666666666666
0 1.0
1 1.0
1 0.5454545454545454
0 0.3333333333333333
0 0.5
0 0.5
0 0.0
1 0.5
0 0.3333333333333333
1 0.0
1 0.0
0 0.0
1 0.25
1 0.0
1 0.4
0 0.6666666666666666
0 1.0
0 1.0
0 1.0
1 0.6666666666666666
1 1.0
1 0.0
1 0.0
1 1.0
1 0.0
1 1.0
0 1.0
1 1.0
1 1.0
1 1.0
0 1.0
0 1.0
0 1.0
0 0.0
0 0.0
1 0.3333333333333333
1 0.0
1 0.3333333333333333
0 0.0
0 0.0
1 0.0
0 0.0
0 0.0
0 0.0
1 0.5
1 1.0
0 1.0
0 1.0
0 0.5
1 0.0
1 0.5
0 0.0
0 0.0
1 0.3333333333333333
1 0.5
0 1.0
0 0.0
0 0.5
1 0.0
0 0.6
0 0.0
1 0.3333333333333333
0 0.5
0 0.0
0 0.3333333333333333
1 0.75
1 0.3333333333333333
0 0.5
1 1.0
1 1.0
0 0.4166666666666667
1 1.0
1 0.0
0 0.0
1 0.0
1 0.0
1 0.5
0 0.25
1 0.5
1 0.5
1 1.0
0 0.5
0 1.0
1 1.0
1 1.0
1 0.0
1 0.5
1 1.0
0 0.0
0 0.5
0 0.4
0 1.0
1 0.5
1 0.0
1 0.0
0 0.0
1 0.75
1 0.5
1 0.0
0 0.0
1 0.0
1 0.3333333333333333
1 0.0
0 1.0
0 1.0
0 0.6666666666666666
1 0.5
1 1.0
0 0.125
1 0.0
1 1.0
1 1.0
1 0.0
0 0.0
1 0.0
1 0.5
0 0.0
0 0.6666666666666666
0 0.0
0 0.5
1 0.0
0 0.0
1 1.0
1 0.6666666666666666
0 1.0
0 0.0
1 1.0
0 1.0
0 1.0
0 1.0
1 1.0
1 1.0
1 0.625
1 1.0
0 0.5
1 0.0
0 0.0
0 0.0
0 0.0
0 0.0
0 0.0
0 0.0
0 0.0
1 0.0
0 0.0
0 0.0
0 0.0
0 0.2
1 0.0
1 0.0
1 1.0
0 0.5
0 0.0
1 1.0
1 0.6666666666666666
0 1.0
0 1.0
1 0.5
0 0.0
1 0.0
1 0.5
1 0.0
0 1.0
0 0.0
1 0.5
0 1.0
0 1.0
0 1.0
0 1.0
0 1.0
0 0.0
0 0.6666666666666666
0 0.0
1 0.0
0 0.0
0 0.0
1 0.0
1 0.0
0 0.0
0 1.0
0 0.0
1 0.0
1 0.6666666666666666
0 0.5
0 1.0
0 1.0
1 1.0
0 1.0
1 1.0
1 1.0
1 1.0
1 0.6666666666666666
0 1.0
0 0.5
0 1.0
0 0.0
0 0.0
0 1.0
1 1.0
1 0.5
1 1.0
0 1.0
0 1.0
1 0.0
1 1.0
1 1.0
1 0.3333333333333333
1 1.0
1 1.0
1 1.0
0 1.0
0 0.5
0 1.0
0 0.0
0 0.3333333333333333
1 0.6666666666666666
1 0.5
0 0.3333333333333333
1 0.0
0 0.0
0 0.0
1 0.0
0 0.0
0 0.5
0 1.0
0 1.0
0 0.5
1 0.0
1 0.6666666666666666
0 1.0
1 1.0
1 1.0
0 0.6666666666666666
1 1.0
1 1.0
0 0.0
1 0.6666666666666666
0 0.0
0 0.0
1 0.0
1 0.0
0 0.75
0 0.5
1 1.0
0 1.0
1 1.0
1 0.0
0 0.0
0 0.5
1 0.0
1 0.0
0 0.0
0 0.0
0 0.0
0 0.5
1 0.3333333333333333
0 1.0
1 0.0
0 0.0
0 1.0
1 1.0
1 1.0
1 1.0
0 1.0
0 0.5
0 1.0
1 1.0
1 1.0
0 1.0
0 1.0
0 0.6666666666666666
1 0.0
0 0.0
0 0.0
0 0.0
1 1.0
0 0.6666666666666666
1 1.0
1 0.5833333333333334
0 0.25
0 0.3333333333333333
0 0.5
0 1.0
0 0.0
0 0.0
1 1.0
0 1.0
1 1.0
0 0.5
0 1.0
1 0.0
1 0.0
1 0.5
0 0.0
0 1.0
0 0.75
1 1.0
1 0.0
1 0.0
0 0.0
1 0.3333333333333333
1 0.0
1 1.0
0 0.5
1 0.5
1 1.0
0 1.0
1 0.6666666666666666
1 1.0
0 0.6666666666666666
0 1.0
1 0.5
0 1.0
0 0.0
1 0.5
0 0.5
0 0.5
1 1.0
1 1.0
1 0.5
0 0.0
1 0.0
1 0.0
0 0.0
1 0.5
0 1.0
1 0.0
0 1.0
0 0.3333333333333333
0 1.0
1 1.0
0 1.0
1 0.75
0 1.0
0 0.0
0 0.0
0 0.0
0 0.5
0 0.5
0 0.25
0 1.0
0 0.0
1 0.0
0 0.0
0 1.0
1 1.0
1 1.0
1 0.3333333333333333
0 0.4
0 0.0
0 0.0
0 0.5
0 1.0
0 0.0
0 1.0
1 1.0
1 0.3333333333333333
1 0.0
0 0.0
0 1.0
1 1.0
0 1.0
1 1.0
0 0.5
1 0.0
0 0.0
1 0.0
1 0.0
1 0.0
0 0.0
1 1.0
1 0.3333333333333333
0 0.0
1 0.0
1 1.0
1 1.0
1 0.0
0 0.0
0 0.5
1 1.0
0 1.0
0 1.0
1 1.0
1 0.0
0 0.0
0 0.0
0 0.0
1 1.0
1 1.0
1 1.0
0 0.0
0 0.5
1 1.0
1 1.0
1 0.5
0 1.0
1 0.5
1 1.0
0 0.0
0 0.0
1 1.0
1 1.0
1 1.0
1 0.5
0 1.0
1 1.0
0 0.5
1 0.3333333333333333
1 0.0
0 0.0
1 1.0
0 0.5
1 0.25
0 1.0
1 0.8571428571428571
1 0.0
1 1.0
0 0.0
1 0.6666666666666666
0 0.5
1 1.0
0 1.0
0 0.0
1 0.0
1 1.0
0 0.75
0 0.5
0 0.0
1 0.0
0 0.0
0 0.5
1 1.0
0 0.5
1 0.0
1 0.0
0 0.6666666666666666
1 1.0
0 0.5
0 0.5
0 0.0
0 0.0
1 0.0
1 0.3333333333333333
0 0.5
0 0.0
1 0.0
1 0.5
1 0.5
1 0.5
1 0.0
1 0.0
0 1.0
0 0.2
0 1.0
1 0.0
0 0.5
0 0.0
0 0.0
0 1.0
1 0.75
1 0.0
1 0.0
1 0.6666666666666666
0 1.0
0 1.0
0 1.0
0 0.0
1 0.0
1 0.5
0 0.6666666666666666
1 1.0
0 0.0
1 1.0
1 0.5
0 1.0
0 1.0
0 0.5
1 0.5
0 0.0
1 1.0
0 0.5
1 0.5
1 0.5
0 0.6666666666666666
0 0.75
1 1.0
1 1.0
1 0.6666666666666666
0 1.0
1 0.5
1 0.5
0 0.0
1 0.0
0 1.0
1 1.0
0 1.0
0 1.0
1 1.0
1 1.0
0 1.0
1 1.0
0 1.0
1 1.0
1 0.3333333333333333
0 0.0
0 0.0
0 1.0
0 1.0
1 1.0
1 1.0
1 1.0
0 1.0
0 0.5
0 1.0
0 0.0
0 0.0
0 1.0
0 0.5
0 0.3333333333333333
0 0.5
0 1.0
0 0.0
1 0.0
1 1.0
0 1.0
0 1.0
1 1.0
0 0.5
1 0.6666666666666666
0 1.0
1 1.0
1 1.0
1 0.5
0 1.0
0 1.0
0 0.5
0 1.0
1 1.0
0 0.5
0 0.0
1 0.0
0 0.5
0 0.0
0 1.0
0 1.0
1 1.0
1 0.0
1 0.0
0 0.0
0 0.0
1 0.0
0 1.0
0 1.0
0 1.0
0 1.0
0 0.5
0 1.0
0 0.25
1 0.0
0 0.6666666666666666
1 0.4
1 0.0
1 0.0
1 0.0
0 1.0
1 0.5
0 1.0
0 0.0
1 0.3333333333333333
1 0.5
1 0.3333333333333333
0 0.0
0 0.0
1 0.0
1 0.0
0 0.0
1 0.0
1 0.6666666666666666
0 1.0
1 0.0
1 0.5
1 1.0
0 0.3333333333333333
0 0.0
1 1.0
0 1.0
0 1.0
0 1.0
0 1.0
1 1.0
1 0.5
0 0.0
0 0.0
1 0.0
0 0.0
1 0.5
1 1.0
1 0.3333333333333333
1 1.0
0 1.0
0 0.5
0 1.0
1 0.0
1 1.0
1 1.0
1 1.0
1 1.0
1 0.0
0 1.0
1 0.3333333333333333
0 0.5
1 0.0
0 0.0
1 0.3333333333333333
1 0.5
0 0.3333333333333333
0 0.0
1 0.0
1 0.0
0 0.0
1 0.0
1 0.5
0 0.6666666666666666
0 0.0
0 0.5
1 0.5
0 0.0
1 0.0
0 0.0
1 0.5
1 0.0
1 0.0
0 0.0
0 0.0
1 0.3333333333333333
0 0.5
0 0.0
0 0.0
1 0.0
1 0.0
0 0.0
1 0.0
0 1.0
1 0.5
0 1.0
1 1.0
0 1.0
1 1.0
1 0.3333333333333333
0 1.0
0 0.0
0 0.0
0 1.0
0 0.0
0 0.0
0 0.0
1 1.0
0 1.0
1 0.5
1 0.0
0 0.0
0 0.0
1 0.45454545454545453
0 0.0
1 1.0
0 0.0
0 0.75
0 0.0
0 1.0
0 1.0
1 1.0
0 0.5
0 1.0
1 0.5
0 0.5
1 0.0
0 0.6666666666666666
1 0.5
0 0.0
1 0.0
0 0.25
0 0.0
0 1.0
1 0.3333333333333333
0 0.5
0 0.0
0 1.0
0 1.0
1 1.0
0 0.5
0 0.0
1 0.6666666666666666
0 0.0
0 0.0
1 0.0
0 1.0
1 0.5
0 0.5
0 0.0
0 0.0
0 0.0
0 0.5
1 0.0
1 0.0
1 1.0
0 1.0
1 0.0
1 0.0
1 1.0
0 1.0
0 1.0
1 0.0
1 1.0
0 0.5
1 1.0
1 0.0
1 0.5
0 0.0
1 0.0
1 0.5
1 0.5
0 1.0
0 0.0
0 0.0
0 0.0
0 1.0
0 0.5
1 0.0
0 0.0
0 0.0
1 0.0
1 1.0
1 1.0
0 1.0
0 1.0
1 1.0
1 0.4
1 0.0
0 0.0
0 0.0
1 0.0
1 1.0
0 1.0
1 0.0
0 0.0
0 0.0
1 1.0
1 1.0
1 1.0
1 1.0
1 0.0
1 0.0
1 0.0
1 0.0
0 0.0
0 0.0
0 1.0
0 1.0
1 1.0
0 0.0
0 0.0
0 0.0
0 1.0
0 0.6666666666666666
0 1.0
0 0.0
0 0.0
0 1.0
1 0.0
1 0.0
1 0.0
0 1.0
0 1.0
1 0.0
0 0.0
0 0.0
1 1.0
1 0.0
0 0.0
1 0.3333333333333333
1 1.0
1 1.0
0 1.0
1 0.0
0 1.0
1 0.0
1 0.0
0 0.0
0 0.0
0 0.25
1 0.5
1 0.0
1 0.0
1 1.0
0 0.0
1 0.0
0 0.0
0 0.0
1 0.6666666666666666
1 0.0
0 1.0
1 0.0
1 0.0
0 0.0
1 0.0
1 1.0
0 1.0
0 0.0
0 0.5
1 1.0
1 1.0
0 0.0
0 1.0
1 0.0
1 0.0
0 1.0
0 1.0
1 1.0
1 1.0
0 0.0
1 1.0
1 1.0
0 0.5
1 1.0
0 1.0
1 0.3333333333333333
1 0.5
0 0.0
1 1.0
0 1.0
1 1.0
0 1.0
1 1.0
0 0.0
0 0.0
1 1.0
0 1.0
0 0.0
1 0.0
0 0.0
1 0.3333333333333333
0 0.0
1 1.0
0 1.0
0 0.0
0 0.0
1 0.5
0 1.0
1 0.0
0 0.0
1 0.0
1 0.3333333333333333
0 0.5
0 0.0
0 0.0
0 0.0
0 1.0
1 0.5
0 0.5
0 0.5
1 1.0
1 1.0
1 1.0
1 1.0
1 0.5
0 1.0
0 1.0
1 1.0
0 1.0
0 1.0
0 1.0
1 0.0
1 0.0
1 0.0
0 0.0
0 1.0
1 0.6666666666666666
0 0.0
1 0.3333333333333333
1 1.0
1 0.0
1 0.0
0 0.5
1 0.5
0 0.0
0 1.0
1 1.0
0 1.0
1 1.0
1 1.0
0 1.0
0 1.0
0 1.0
0 0.0
1 0.0
1 1.0
1 1.0
1 1.0
1 1.0
0 1.0
1 1.0
0 1.0
1 1.0
0 1.0
1 1.0
0 1.0
1 0.0
1 0.0
0 0.6666666666666666
0 1.0
1 1.0
0 1.0
0 1.0
1 0.5
0 1.0
1 1.0
0 0.0
1 0.0
0 0.0
0 0.5
0 0.0
1 0.0
0 1.0
0 1.0
1 1.0
0 0.5
0 1.0
0 0.6666666666666666
1 1.0
0 0.5
1 1.0
0 1.0
1 1.0
0 1.0
1 1.0
0 1.0
0 1.0
1 0.0
0 1.0
1 1.0
0 0.0
1 0.5
0 1.0
1 1.0
1 1.0
1 1.0
0 1.0
1 1.0
0 1.0
1 1.0
1 1.0
0 1.0
0 1.0
1 1.0
1 1.0
0 0.0
0 0.0
1 0.6666666666666666
1 0.0
1 0.0
0 0.0
1 0.0
0 0.5
1 0.0
0 0.0
1 0.0
1 0.0
1 0.6666666666666666
0 1.0
0 0.0
1 1.0
1 1.0
1 1.0
0 0.0
0 1.0
0 1.0
0 1.0
1 1.0
0 1.0
0 1.0
1 0.6666666666666666
0 1.0
1 1.0
1 0.0
1 1.0
1 0.0
0 0.6
1 0.0
1 0.0
0 0.0
0 0.0
0 0.6666666666666666
1 1.0
1 1.0
0 0.0
1 0.0
1 1.0
0 1.0
0 1.0
0 1.0
0 0.0
1 0.0
1 0.0
0 1.0
1 1.0
0 1.0
0 0.0
0 0.0
1 0.0
0 0.0
0 0.0
0 0.0
1 0.0
1 1.0
1 1.0
1 1.0
0 1.0
0 1.0
0 0.0
1 0.0
0 0.0
0 0.0
0 0.0
1 1.0
0 1.0
1 0.0
0 0.5
0 1.0
1 0.8
0 1.0
1 1.0
1 0.0
1 0.0
0 0.5
0 0.0
0 0.0
0 0.0
1 0.0
1 1.0
1 0.5
1 0.0
0 1.0
0 1.0
0 1.0
0 1.0
0 1.0
0 1.0
1 1.0
0 1.0
0 1.0
1 1.0
0 0.0
1 0.0
0 0.5
1 0.0
0 1.0
0 1.0
1 1.0
0 0.5
1 1.0
0 1.0
1 1.0
1 1.0
1 1.0
0 1.0
1 1.0
1 1.0
1 0.0
0 0.0
0 0.5
1 1.0
1 1.0
0 1.0
0 0.0
0 0.0
0 0.0
1 0.0
1 0.0
1 0.0
1 0.5
0 0.0
0 0.0
0 0.0
0 1.0
1 0.0
1 0.0
0 0.0
0 0.0
1 1.0
0 1.0
0 0.0
1 1.0
1 1.0
1 1.0
0 1.0
1 0.3333333333333333
0 1.0
0 1.0
0 1.0
1 0.0
0 0.0
0 0.0
1 0.0
1 0.0
1 0.0
0 1.0
1 1.0
0 1.0
0 0.0
0 0.0
0 1.0
1 1.0
0 0.5
1 1.0
1 1.0
1 0.5
0 1.0
1 1.0
0 1.0
0 1.0
1 1.0
1 1.0
1 1.0
1 1.0
1 1.0
1 1.0
1 1.0
1 1.0
0 1.0
1 1.0
0 0.0
1 0.5
1 0.0
1 0.0
1 1.0
1 1.0
1 0.0
0 0.0
1 0.0
1 1.0
1 1.0
1 0.0
0 0.0
1 0.0
1 0.0
1 0.0
1 0.0
0 0.0
1 0.0
1 0.0
1 1.0
1 1.0
0 1.0
0 1.0
0 1.0
0 1.0
1 1.0
1 0.5
0 0.0
1 0.0
1 1.0
0 1.0
0 1.0
1 1.0
1 1.0
0 0.0
1 0.0
1 0.0
1 0.0
1 1.0
0 1.0
1 1.0
0 1.0
0 1.0
0 1.0
1 1.0
0 1.0
0 1.0
1 1.0
1 1.0
0 1.0
0 1.0
1 1.0
0 1.0
0 1.0
1 1.0
1 1.0
0 1.0
1 1.0
0 1.0
1 1.0
1 1.0
0 1.0
1 1.0
0 1.0
0 1.0
1 1.0
0 1.0
1 1.0
1 1.0
0 1.0
1 0.0
0 0.0
0 0.0
1 0.0
0 0.0
0 1.0
1 1.0
1 0.0
0 0.0
0 0.0
1 1.0
1 1.0
1 1.0
1 1.0
1 0.0
0 0.0
1 0.0
1 1.0
0 1.0
1 1.0
1 0.0
0 0.0
0 0.0
1 1.0
1 1.0
1 1.0
1 1.0
1 1.0
1 1.0
1 1.0
0 1.0
