ATE real, ATE estimado
0.3401286383952905, 0.3963471650960329
0.3411370325956612, 0.40680625117814684
0.33942003706530033, 0.41115554020390443
0.342336204077183, 0.42168020281645713
0.3430993132017879, 0.4026451576671019
0.341818380028344, 0.4096099822375833
0.3412187942875831, 0.40274511114140776
0.3377302954322468, 0.4035761614407911
0.34108252480104656, 0.39479831655124803
0.34143682546604165, 0.40545155899455027
0.343371852174861, 0.41786680622426026
0.33906573640030524, 0.3991613585101471
0.3410552709037392, 0.4085968687930063
0.3454158944729096, 0.40794286410007824
0.34184563392565137, 0.42088699119063294
0.3371307096914859, 0.3969296648039452
0.34127330208219775, 0.4129699023995967
0.3390112286056906, 0.40394207342644706
0.3413005559795051, 0.4069337716405019
0.33947454485991496, 0.4091923292010773
0.34560667175406085, 0.4013569710828394
0.3393382753733784, 0.40457553381883293
0.34056470075220757, 0.3973193412826708
0.34179112613103674, 0.40075224669794185
0.3388204513245394, 0.40246238526967876
0.341818380028344, 0.39138225056598236
0.3404829390602856, 0.4115076394294247
0.34255423525564155, 0.4118040577643992
0.3423089501798757, 0.41997701024995815
0.33925651368145643, 0.41295169917219987
0.34252698135833426, 0.3948337303462399
0.3399378611141393, 0.4074469125528347
0.3448708165267633, 0.41443814076594254
0.3422816962825684, 0.4231662457056988
0.3421454267960318, 0.4111033155002066
0.33723972528071516, 0.42580596000067866
0.3426632508448708, 0.404982355422455
0.3449798321159926, 0.40738817102826624
0.34432573858061705, 0.41394979888070094
0.3410007631091246, 0.4187374161719269
0.3414913332606563, 0.40331778780674205
0.3420909190014172, 0.4129443418009028
0.34252698135833426, 0.41488524833652124
0.34653330426250956, 0.42266910666431173
0.34577019513790475, 0.40914063544596013
0.33947454485991496, 0.4145660270748258
0.3404829390602856, 0.40605923153977697
0.3435353755587049, 0.3980796196976249
0.34146407936334894, 0.39835720574279304
0.3340510192957593, 0.39508935245482524
0.3409735092118173, 0.40807560997077186
0.3457429412405974, 0.4178332150479232
0.33955630655183694, 0.4062518551450853
0.34135506377411967, 0.39652360099064954
0.34656055815981684, 0.40739633943125225
0.3424724735637196, 0.4156369861810946
0.33947454485991496, 0.4069995746322491
0.34034666957374904, 0.4052217510406033
0.33871143573531015, 0.3969997692433244
0.3400741306006759, 0.3989467013735406
0.34195464951488064, 0.4092019962024241
0.3403739234710564, 0.40218750713583484
0.3442984846833097, 0.4213045623567791
0.34056470075220757, 0.40587571997246097
0.34168211054180747, 0.3984553088516666
0.3420909190014172, 0.41140960516976843
0.34399869181292925, 0.41415215853742093
0.3407827319306661, 0.41699355213682954
0.3426087430502562, 0.4022338310829095
0.34271775863948545, 0.40717906147517957
0.3405374468549002, 0.3976753438406581
0.3367219012318762, 0.4022831254709342
0.3410552709037392, 0.4084535682053549
0.3366401395399542, 0.3992573448071678
0.3444892619644609, 0.3957646283471458
0.3422271884879538, 0.4051265279626002
0.34089174751989537, 0.3928828218578851
0.34143682546604165, 0.41240850499380743
0.3411370325956612, 0.40730834523292164
0.33958356044914423, 0.4019337895221445
0.3376485337403249, 0.409678299722339
0.3382753733783931, 0.4101799872665111
0.3406464624441295, 0.39821171719864107
0.3424724735637196, 0.40201379314540786
0.3437534067371634, 0.4044040913087041
0.34296304371525127, 0.4073925493339338
0.3407009702387441, 0.38956351286423957
0.3387659435299248, 0.4027800792710045
0.3406464624441295, 0.3990311475045667
0.3476234601548021, 0.4256961030209002
0.3450070860132999, 0.4128611904656061
0.33887495911915405, 0.40650530381784983
0.34143682546604165, 0.3999984896227162
0.3391202441949199, 0.4087294261103081
0.3386569279406955, 0.4009460519382017
0.3426087430502562, 0.3963072276406049
0.3419819034121879, 0.410103227189627
0.34187288782295866, 0.397016874687522
0.3435898833533195, 0.41505120694865666
0.340428431265671, 0.4086531343188893
0.34217268069333917, 0.4090418116552719
0.33574076092881283, 0.40294854974731414
0.3460699880082852, 0.405176690656296
0.33745775645917364, 0.3990906345552322
0.341818380028344, 0.41214696472409273
0.33873868963261744, 0.40499405173408276
0.3410552709037392, 0.3906581767856232
0.3447890548348414, 0.430481998042379
0.3413005559795051, 0.3923389075513905
0.33922925978414914, 0.4092280116042081
0.34127330208219775, 0.4122582752229344
0.34168211054180747, 0.39827587533548703
0.3451433554998365, 0.39913598798910843
0.34200915730949527, 0.41131830902166444
0.34288128202332935, 0.3996880755722924
0.34040117736836367, 0.40151900328966134
0.3412187942875831, 0.41820165895024386
0.34435299247792434, 0.41180774832161343
0.3439441840183146, 0.4083273945805773
0.3455521639594462, 0.4074159720068685
0.34290853592063664, 0.4125543261577727
0.342336204077183, 0.4117581033049694
0.33565899923689085, 0.4002362163523108
0.3349503979069007, 0.40846768239445325
0.34255423525564155, 0.41376575127120796
0.34162760274719284, 0.42063739478225615
0.3411915403902758, 0.39913018217356816
0.33830262727570043, 0.3894032550656929
0.337485010356481, 0.3935405345573488
0.33835713507031506, 0.4121742481831956
0.3410552709037392, 0.4023663487066461
0.34383516842908535, 0.3967746145959205
0.338956720811076, 0.40809913990606794
0.3424997274610269, 0.4045941890046426
0.342417965769105, 0.40448276696281543
0.3426087430502562, 0.394049994596021
0.33925651368145643, 0.39295751990850997
0.3422271884879538, 0.41631388903096445
0.3412187942875831, 0.4168613085037368
0.34473454704022677, 0.407198679343998
0.34508884770522186, 0.41761236863959483
0.34252698135833426, 0.40960178774912764
0.33852065845415896, 0.42139258892187526
0.3442167229913878, 0.40952491940209346
0.34876812384170935, 0.4180164978847054
0.3411915403902758, 0.389350064877898
0.3422271884879538, 0.4035272362156915
0.3424997274610269, 0.4129245218017906
0.3434263599694756, 0.4109409640579462
0.3453886405756023, 0.40739513459305365
0.34110977869835385, 0.4233499239220256
0.337921072713398, 0.3883315660872082
0.34468003924561214, 0.3942454076318799
0.33852065845415896, 0.4055395679153203
0.35073040444783604, 0.40865906381323425
0.3402649078818271, 0.4123183848775822
0.3410552709037392, 0.41843969290227345
0.338956720811076, 0.3999357156634142
0.33775754932955415, 0.412632540478524
0.34124604818489046, 0.40700497350668996
0.3409735092118173, 0.40038628196166554
0.3410552709037392, 0.40076139810256023
0.34459827755369016, 0.4035562495814063
0.3402649078818271, 0.41520882230802886
0.3401013844979832, 0.3963978699937156
0.34184563392565137, 0.41097946049267464
0.3436988989425488, 0.4079392506365795
0.33931102147607106, 0.41059242258874706
0.34018314618990514, 0.40308375785844164
0.34288128202332935, 0.39972663060716007
0.3444347541698463, 0.4054646262615006
0.34124604818489046, 0.4046946774254107
0.33693993241033465, 0.41198179010326774
0.3370489479995639, 0.40502948703910463
0.341818380028344, 0.40300856411550184
0.34110977869835385, 0.41448778375393375
0.3435898833533195, 0.4019304972304298
0.3432628365856317, 0.4232438985734982
0.34399869181292925, 0.42395773206102894
0.3369944402049493, 0.4025317506398288
0.3459882263163632, 0.40619800098986225
0.3421454267960318, 0.40655666752332487
0.33958356044914423, 0.39698561192942927
0.34217268069333917, 0.4125218609176936
0.3444347541698463, 0.41203748496917386
0.3411915403902758, 0.39604561377682646
0.3406192085468222, 0.3945572928291917
0.3413278098768124, 0.40876160771118425
0.34143682546604165, 0.39702913820852137
0.34031941567644175, 0.42756420493744923
0.34211817289872454, 0.40464109425768136
0.3397198299356808, 0.4160620944987204
0.33991060721683203, 0.40892307413185053
0.33903848250299795, 0.40448269101400386
0.34269050474217816, 0.402907647617248
0.340864493622588, 0.41283587547487594
0.3404556851629783, 0.40841527683545864
0.34418946909408044, 0.4088187849427082
0.3451433554998365, 0.4034184821885337
0.34040117736836367, 0.3848576895540905
0.3480595225117192, 0.4001113094973455
0.337485010356481, 0.40103864045985216
0.3408099858279734, 0.4016880213287786
0.337403248664559, 0.39837217736090386
0.33852065845415896, 0.4048975448328949
0.34040117736836367, 0.40112288540366375
0.34217268069333917, 0.41055867909760096
0.3395017987572223, 0.4098851344076613
0.34203641120680256, 0.4061733651597637
0.3409735092118173, 0.4062670547259128
0.3392020058868418, 0.4069998156561173
0.3395017987572223, 0.4128181771743874
0.3344325738580617, 0.3908478564707271
0.3373759947672517, 0.3960398406515783
0.34239071187179765, 0.39791005688716785
0.3397743377302954, 0.4014684704659231
0.34288128202332935, 0.4102014577324023
0.3380845960972419, 0.3933091404214195
0.3375667720484029, 0.4103377192666201
0.341900141720266, 0.40265673942985364
0.3385751662487736, 0.41081539408793516
0.34279952033140737, 0.4195618063528834
0.3439441840183146, 0.4113168602775001
0.3411370325956612, 0.4001222374518377
0.3413278098768124, 0.40896116785533465
0.3422271884879538, 0.39919152872171737
0.34432573858061705, 0.4037134897534385
0.3386569279406955, 0.41262411414380806
0.33947454485991496, 0.40013113180520504
0.34296304371525127, 0.41205780561953165
0.34168211054180747, 0.41637545106074136
0.3395290526545296, 0.39846728430661416
0.33778480322686144, 0.40880727031336894
0.34031941567644175, 0.4069168875718655
0.3424997274610269, 0.40689928301964184
0.3448163087321487, 0.4031919639444052
0.342935789817944, 0.40460387634930567
0.33794832661070534, 0.3869746052013874
0.3392837675787638, 0.4180930670636177
0.3403739234710564, 0.3980024689277944
0.3448708165267633, 0.3978582470897155
0.3404829390602856, 0.4193750698588415
0.3420636651041099, 0.40773400476256355
0.33811184999454924, 0.40246942906197286
0.34034666957374904, 0.4125267154177637
0.33653112395072493, 0.39406530506655474
0.34056470075220757, 0.40253760835595565
0.34236345797449036, 0.41177002427439247
0.33819361168647116, 0.4140197585804033
0.3400741306006759, 0.406461783982976
0.34508884770522186, 0.4066831332731171
0.3397198299356808, 0.41395452788939546
0.3406464624441295, 0.41059251028958604
0.33582252262073475, 0.40119071037341486
0.342935789817944, 0.4126543205304426
0.3345960972419056, 0.3972325228303453
0.3422544423852611, 0.39571944508994866
0.34511610160252915, 0.40664042698208
0.3422816962825684, 0.39313684883184635
0.33797558050801263, 0.4003133892508432
0.3383298811730077, 0.40532103177456874
0.3428267742287147, 0.41630259020723775
0.3426632508448708, 0.4104129312694258
0.33980159162760276, 0.41283509479695135
0.3430993132017879, 0.41009038316755947
0.3356862531341982, 0.4119345455183939
0.345361386678295, 0.40892971594984895
0.34187288782295866, 0.4086695759365162
0.34195464951488064, 0.41020218509811623
0.3441349612994658, 0.4030546243741178
0.33598604600457865, 0.40571408518871827
0.3407009702387441, 0.41534021041682617
0.3375667720484029, 0.40229882396139255
0.3391202441949199, 0.4109615929172544
0.33914749809222716, 0.40291820631664294
0.33653112395072493, 0.40011579524795216
0.3403739234710564, 0.4109815253065804
0.3353319524692031, 0.39833311092861146
0.3435081216613976, 0.40759198124547136
0.3415730949525782, 0.39689062290220456
0.3406464624441295, 0.4152624869835561
0.33380573421999343, 0.40482754305348034
0.34162760274719284, 0.4038904129075393
0.3411370325956612, 0.4077773691284768
0.34127330208219775, 0.41502032315599363
0.3386024201460809, 0.39548697216609807
0.34124604818489046, 0.4017852165350706
0.34168211054180747, 0.4153571719061035
0.34127330208219775, 0.4009937366670552
0.3376757876376322, 0.4055540807944307
0.342417965769105, 0.416694515900745
0.3410552709037392, 0.3875962670391904
0.34367164504524145, 0.40827711561307206
0.3437261528398561, 0.40591465891842826
0.33743050256186635, 0.40482030127524304
0.34200915730949527, 0.41268457553524207
0.3457429412405974, 0.43505802555947065
0.3415730949525782, 0.4064700158588578
0.3382481194810858, 0.4011330941730318
0.34108252480104656, 0.40051661522262694
0.3431810748937098, 0.4064142185644485
0.34418946909408044, 0.42810663164241936
0.34040117736836367, 0.4165656551917306
0.343371852174861, 0.4221094961557867
0.342336204077183, 0.4026882174305088
0.3400468767033686, 0.4051108635293616
0.3384116428649297, 0.4050413682003726
0.3403739234710564, 0.40203608370780364
0.3413278098768124, 0.40333603242762256
0.34367164504524145, 0.412148171615616
0.3447072931429194, 0.42684909031817375
0.33819361168647116, 0.4161560186939318
0.33991060721683203, 0.4036077931908645
0.3429902976125586, 0.41597314956080067
0.33947454485991496, 0.3995351331003869
0.3435353755587049, 0.41859724588623065
0.3443802463752317, 0.4096754726106736
0.34072822413605147, 0.4100358953260866
0.3432628365856317, 0.4122367366081791
0.34146407936334894, 0.39770638318202745
0.33966532214106615, 0.40373942438754395
0.3402104000872125, 0.4025959579784588
0.3389839747083833, 0.40263805437102707
0.3420636651041099, 0.39195312922101827
0.34110977869835385, 0.40698089086082984
0.3413278098768124, 0.4193401247909425
0.341382317671427, 0.41186444070558115
0.34031941567644175, 0.39401319889619113
0.3430175515098659, 0.4076783322340978
0.34451651586176824, 0.4056073587914269
0.34034666957374904, 0.41221010878155084
0.3427722664341001, 0.4079801236965488
0.3408099858279734, 0.4052701485971655
0.3417093644391148, 0.40506682528362364
0.3444347541698463, 0.40250136751905713
0.3428267742287147, 0.4125418744564555
0.3436171372506268, 0.4101917183434284
0.34135506377411967, 0.3943594819414836
0.34271775863948545, 0.4017699178989437
0.3402649078818271, 0.4137569883297026
0.3424452196664123, 0.4067442828334754
0.3383298811730077, 0.39429774122951544
0.342854028126022, 0.40678095110917756
0.33838438896762235, 0.39993107752076035
0.3384116428649297, 0.4117591721282077
0.3457156873432901, 0.41214173449505165
0.3350049057015153, 0.40148252688175945
0.33931102147607106, 0.3963415553797465
0.3447890548348414, 0.40922081324311027
0.33903848250299795, 0.42634612770625196
0.3422816962825684, 0.4176052438024316
0.3405374468549002, 0.4020877902900469
0.34031941567644175, 0.40382113447998313
0.34323558268832444, 0.39524557917637293
0.33999236890875395, 0.40722446795814243
0.3413005559795051, 0.41256922303494775
0.34127330208219775, 0.40539880378254395
0.338438896762237, 0.40583120791844596
0.33914749809222716, 0.42071790313900986
0.34656055815981684, 0.41200452058563575
0.3389839747083833, 0.39185837655486666
0.34168211054180747, 0.39809589814120144
0.3443802463752317, 0.4074313994928749
0.34236345797449036, 0.4073901674335517
0.3436171372506268, 0.39694614565001457
0.3382753733783931, 0.4153772416346815
0.343371852174861, 0.4189488451379672
0.3400741306006759, 0.4090700403942028
0.34067371634143684, 0.40952499828903755
0.34187288782295866, 0.40013179792007614
0.3435353755587049, 0.40099138563803294
0.33830262727570043, 0.40416138589478257
0.3386841818380028, 0.40386019086829533
0.33906573640030524, 0.40169269355970805
0.3444892619644609, 0.3988075807016303
0.34135506377411967, 0.40190603432064625
0.33598604600457865, 0.4066074228436189
0.34162760274719284, 0.3960618342263749
0.34143682546604165, 0.41520081566886136
0.3419819034121879, 0.3931854002514457
0.34696936661942657, 0.39809092224309595
0.34160034884988555, 0.410434524234408
0.3449798321159926, 0.40284864877879395
0.3373214869726371, 0.39692480689626053
0.3376757876376322, 0.4027727710715639
0.34184563392565137, 0.3871211216462643
0.338956720811076, 0.4181967161533248
0.34110977869835385, 0.410452346756468
0.33846615065954433, 0.400693288542261
0.33846615065954433, 0.4057241423155578
0.341818380028344, 0.4110948049893109
0.34636978087866566, 0.40405562672045087
0.33693993241033465, 0.41474614992610803
0.33718521748610053, 0.3994998460080285
0.3413005559795051, 0.40444189119263896
0.34279952033140737, 0.4020781758108447
0.3349231440095934, 0.39624147231601564
0.34176387223372945, 0.4167748008272709
0.3375667720484029, 0.38567964951032646
0.3390929902976126, 0.41497556613783804
0.3424997274610269, 0.40450263809855835
0.34219993459064646, 0.39776283391490114
0.3375395181510956, 0.4167347448238547
0.34034666957374904, 0.4060788624601781
0.3462607652894364, 0.40664502657018303
0.34059195464951486, 0.407305151820479
0.3409735092118173, 0.41091101098549127
0.34031941567644175, 0.4042280765049029
0.3436171372506268, 0.3968022293900676
0.34236345797449036, 0.411083446848333
0.34329009048293907, 0.4047336262523785
0.33887495911915405, 0.39327641303175265
0.3402104000872125, 0.4191120816051907
0.34110977869835385, 0.4000373319300932
0.3446255314509975, 0.41966180812950665
0.34089174751989537, 0.4104462759970172
0.3432083287910171, 0.4065457184970181
0.3432628365856317, 0.3981404415383371
0.3424452196664123, 0.4220055752029568
0.33693993241033465, 0.3975333967308442
0.3348141284203641, 0.39894557911816575
0.3382481194810858, 0.3919441218654406
0.33974708383298813, 0.38501100619599293
0.3424724735637196, 0.4048423496586213
0.34440750027253897, 0.42297418306892043
0.3386569279406955, 0.41409693658198826
0.33723972528071516, 0.40785573292162924
0.3422816962825684, 0.4099540521523144
0.3436171372506268, 0.4098729513039034
0.34176387223372945, 0.3994433410545971
0.33980159162760276, 0.3941397774885176
0.34495257821868525, 0.4110032642621119
0.3424452196664123, 0.40364455177282976
0.33939278316799304, 0.4179461352076649
0.3402921617791344, 0.3874914815475369
0.3411915403902758, 0.4134920370444699
0.3414095715687343, 0.40979685017807027
0.33906573640030524, 0.38966543706189594
0.34459827755369016, 0.4205787021147201
0.3423089501798757, 0.39955864289838444
0.3408099858279734, 0.4117865094403607
0.3413005559795051, 0.3949068108996022
0.3403739234710564, 0.4004186436149941
0.34269050474217816, 0.4058209127906256
0.3419819034121879, 0.4238294460419605
0.3459882263163632, 0.40936888215878864
0.3469421127221193, 0.41917546114051335
0.33999236890875395, 0.4101062935306209
0.33958356044914423, 0.4080094497058814
0.34525237108906576, 0.4011098916669036
0.3455794178567535, 0.41749330490038433
0.33963806824375886, 0.4029713577236942
0.3395017987572223, 0.4237163258387837
0.341900141720266, 0.40402446433445444
0.34110977869835385, 0.4219209225397662
0.3424997274610269, 0.4061296738682764
0.340428431265671, 0.3968610979456067
0.33996511501144666, 0.3969797986082523
0.3451706093971438, 0.40337772747337836
0.3406192085468222, 0.4120669460432959
0.34587921072713396, 0.41738048081673595
0.33582252262073475, 0.4068052082966698
0.3384116428649297, 0.4067801875764521
0.3387659435299248, 0.4009087025208648
0.3413005559795051, 0.4174942309408712
0.34255423525564155, 0.40994657146030106
0.3398833533195247, 0.4037632592946476
0.34459827755369016, 0.4104263695012177
0.3392020058868418, 0.40029226888953084
0.34018314618990514, 0.405532607440986
0.3388477052218467, 0.4010250926431027
0.33794832661070534, 0.4045400020430753
0.33931102147607106, 0.4056603513169958
0.3386841818380028, 0.41738540405561964
0.3398560994222174, 0.40547740895934065
0.33980159162760276, 0.4100947233383443
0.33775754932955415, 0.4036451084078333
0.34252698135833426, 0.39618598071119365
0.3333969257603837, 0.4045917785018722
0.3401013844979832, 0.4032860932692629
0.3384116428649297, 0.4030541368143305
0.3395017987572223, 0.3979706669681402
0.3387931974272321, 0.39959557875507223
0.3420636651041099, 0.41262261292128183
0.33786656491878336, 0.3984562243991101
0.34056470075220757, 0.40992437173985563
0.3409735092118173, 0.40947701913197465
0.34015589229259785, 0.4022974063945894
0.34211817289872454, 0.40606767740074057
0.3386024201460809, 0.4042865605199332
0.3410552709037392, 0.40242389639012477
0.3407827319306661, 0.38522308904521124
0.34364439114793416, 0.40801920989668217
0.3435353755587049, 0.4154354463510062
0.33778480322686144, 0.3991397352016883
0.34356262945601224, 0.4038259918965895
0.3469421127221193, 0.41823527322202436
0.33955630655183694, 0.41567142905234594
0.34274501253679274, 0.3993503654859491
0.3382481194810858, 0.3959526190695846
0.3420636651041099, 0.4029861582128228
0.3409735092118173, 0.4114713343306207
0.3402921617791344, 0.4056350025493539
0.3434263599694756, 0.40628240364340995
0.33963806824375886, 0.4017576620451778
0.33887495911915405, 0.4021073414718642
0.3404556851629783, 0.41267171889881665
0.3429902976125586, 0.40607400223830065
0.3424452196664123, 0.41057587580184435
0.3432083287910171, 0.4131619253508394
0.342935789817944, 0.4082254502473561
0.342854028126022, 0.414580109490676
0.34604273411097786, 0.41453640215539367
0.3437534067371634, 0.3853362498630844
0.34290853592063664, 0.41208262367187143
0.3421454267960318, 0.420298843718873
0.340428431265671, 0.40641744195177265
0.3401013844979832, 0.3992867277640399
0.33947454485991496, 0.4129921777075459
0.34168211054180747, 0.4143546404171041
0.33862967404338823, 0.39276928826586066
0.34018314618990514, 0.41094857171542215
0.34187288782295866, 0.4030123164870745
0.3417093644391148, 0.40911087312419137
0.3430175515098659, 0.4002794619208201
0.342935789817944, 0.420542955577236
0.3392837675787638, 0.42056037649181616
0.3424724735637196, 0.4065175624459985
0.34089174751989537, 0.40505316907166333
0.3397198299356808, 0.40433342015414275
0.3420909190014172, 0.4182989004997487
0.3383298811730077, 0.4161620386596549
0.3411642864929685, 0.39626444973734903
0.3397198299356808, 0.39905172904004077
0.33538646026381774, 0.40610326323361384
0.3390929902976126, 0.4057269445695765
0.34219993459064646, 0.4064712143055476
0.34304480540717325, 0.42339860081552644
0.34432573858061705, 0.4132392407357689
0.338438896762237, 0.4005919062056525
0.34067371634143684, 0.4058264367682667
0.3415730949525782, 0.4150036932002531
0.34435299247792434, 0.4039134130099713
0.33996511501144666, 0.41215272900196087
0.34067371634143684, 0.39831643751905255
0.34476180093753406, 0.42084155160024395
0.3424452196664123, 0.4010005095713733
0.345361386678295, 0.40495193632918175
0.33963806824375886, 0.42195304820559754
0.33906573640030524, 0.4025419761958896
0.34160034884988555, 0.3984598641586475
0.3438896762237, 0.40691028422526365
0.3414913332606563, 0.39991510477471315
0.3402649078818271, 0.40325446992601083
0.3411642864929685, 0.41150310966717213
0.3401286383952905, 0.3893121196698801
0.34288128202332935, 0.39705374561326345
0.3405374468549002, 0.4037577619794806
0.34511610160252915, 0.3944723431282916
0.3430175515098659, 0.41568709204909077
0.34356262945601224, 0.4044234412498518
0.3366128856426469, 0.40299916360826793
0.3386841818380028, 0.40707800626523283
0.34560667175406085, 0.40548436266902865
0.3403739234710564, 0.40309504927094
0.3405374468549002, 0.420261329823084
0.342417965769105, 0.4049309863886886
0.3434263599694756, 0.40463505104088593
0.34544314837021695, 0.4083066863820406
0.33887495911915405, 0.3980976459438181
0.3438624223263927, 0.40831156064519697
0.34288128202332935, 0.40937259166591466
0.3390112286056906, 0.4015838979463997
0.34418946909408044, 0.41169469178000645
0.3419273956175733, 0.40488804353550834
0.3402104000872125, 0.423429035641607
0.3420636651041099, 0.41490222888763184
0.3377302954322468, 0.4125361065724029
0.34279952033140737, 0.41426141172435704
0.3410280170064319, 0.40373974919150474
0.33963806824375886, 0.40122073967372723
0.33942003706530033, 0.41268469115463274
0.3402104000872125, 0.39817555650417724
0.34440750027253897, 0.4060239544484785
0.33862967404338823, 0.40347802484147566
0.34236345797449036, 0.3975544251859122
0.3419819034121879, 0.40043320982199065
0.3395290526545296, 0.4155861174678972
0.34364439114793416, 0.41791639658180757
0.34255423525564155, 0.4022327041487124
0.3430993132017879, 0.4035306917652504
0.3413005559795051, 0.39858041838869745
0.3446255314509975, 0.40983576400608085
0.34508884770522186, 0.4150771323738869
0.34331734438024636, 0.3894353705451506
0.3441349612994658, 0.4057687649112767
0.34124604818489046, 0.415764875665107
0.3415458410552709, 0.4034482814075258
0.3441077074021585, 0.4044784194585277
0.34367164504524145, 0.40377590814740233
0.3459882263163632, 0.41339250109061804
0.3375395181510956, 0.40984300946045604
0.33386024201460807, 0.40291306941985594
0.3401286383952905, 0.4018220037070101
0.33980159162760276, 0.39310081040345657
0.3400468767033686, 0.4229367113965669
0.342417965769105, 0.3978622125435291
0.3397198299356808, 0.41016473156879196
0.34072822413605147, 0.4121277575908689
0.34312656709909517, 0.3942008702698206
0.3391202441949199, 0.4075364033887153
0.34323558268832444, 0.41017511640866994
0.34110977869835385, 0.4079033466615316
0.3395017987572223, 0.39681031584696247
0.3416548566445002, 0.40212190964976746
0.33778480322686144, 0.40246958085822876
0.33631309277226645, 0.387219869189105
0.3356862531341982, 0.40976827440270425
0.3398560994222174, 0.39839027381311976
0.34239071187179765, 0.40924565007394104
0.3396925760383735, 0.408792964698689
0.3401013844979832, 0.41529185109342026
0.33974708383298813, 0.4014498320027846
0.34195464951488064, 0.39664762246056795
0.3389294669137687, 0.4046794279237692
0.34579744903521203, 0.41469040635681526
0.3435081216613976, 0.40926757974284866
0.3381663577891639, 0.40015558459942907
0.3424724735637196, 0.3930314182948933
0.3381663577891639, 0.4145344698146054
0.3386841818380028, 0.40983126175762935
0.3407009702387441, 0.4075015962147988
0.3401286383952905, 0.4166383265053656
0.3460699880082852, 0.4173442880107531
0.3399378611141393, 0.4054540598624723
0.34239071187179765, 0.4012292912795612
0.3406192085468222, 0.3972256666021625
0.34168211054180747, 0.3929474627957554
0.34056470075220757, 0.405327717134603
0.33906573640030524, 0.40033492084590566
0.342935789817944, 0.4154075320593199
0.3370489479995639, 0.3933050783011569
0.3404829390602856, 0.405298342670751
0.3459882263163632, 0.4212363868209911
0.34124604818489046, 0.3950824150473406
0.3432083287910171, 0.4102082849709212
0.3413005559795051, 0.4119690089163207
0.3393382753733784, 0.40432233955730756
0.3414913332606563, 0.40438649508547764
0.34195464951488064, 0.413944259105497
0.3468603510301973, 0.41615917129541824
0.3406192085468222, 0.4167407431253034
0.3409735092118173, 0.4072698657061831
0.3395290526545296, 0.4071566860291055
0.34296304371525127, 0.40419561561387746
0.3405374468549002, 0.41101019791088406
0.34271775863948545, 0.4168327393625295
0.3376757876376322, 0.42352098197599514
0.338438896762237, 0.4119767579744012
0.34288128202332935, 0.4008066552997906
0.34160034884988555, 0.3993317830028563
0.3424997274610269, 0.41847482709498424
0.34271775863948545, 0.40387495828102804
0.34072822413605147, 0.40541909684444305
0.3404829390602856, 0.4032633498952447
0.34307205930448054, 0.40659329539148115
0.34203641120680256, 0.4066131108986007
0.34279952033140737, 0.41267653377237945
0.3387931974272321, 0.4009623756475172
0.33854791235146625, 0.4156455445612047
0.34656055815981684, 0.4018578210362776
0.34307205930448054, 0.4307349517284339
0.3372124713834078, 0.40666516528241553
0.3395017987572223, 0.401408842791903
0.34124604818489046, 0.4084416795936705
0.33786656491878336, 0.40324356111888787
0.34184563392565137, 0.4085887764480307
0.33931102147607106, 0.4049191686717502
0.34348086776409026, 0.4239527677625234
0.3406192085468222, 0.40362842985234026
0.34091900141720266, 0.40009853721791555
0.3390112286056906, 0.41937675452406364
0.3435081216613976, 0.39671783689243445
0.33996511501144666, 0.39889233466159646
0.33991060721683203, 0.39765767761289655
0.34160034884988555, 0.4039714775223557
0.3411915403902758, 0.39902719016575056
0.34304480540717325, 0.41532276803436186
0.34271775863948545, 0.4146590601512781
0.3402921617791344, 0.41143729063038137
0.3390112286056906, 0.40652834261427884
0.34211817289872454, 0.4061729362423462
0.3357680148261201, 0.4088652885693372
0.3382481194810858, 0.4056068114861452
0.34364439114793416, 0.4103491279789995
0.3435353755587049, 0.4043270856762373
0.3445437697590755, 0.41589707028883327
0.33835713507031506, 0.41195241588789366
0.3423089501798757, 0.3998709184560478
0.3380845960972419, 0.4076278904818811
0.33778480322686144, 0.40260502973327095
0.3447890548348414, 0.4113201517084697
0.33996511501144666, 0.4053768035268872
0.3457429412405974, 0.4184589666577235
0.33565899923689085, 0.40249776259342324
0.34440750027253897, 0.4059549005551982
0.34072822413605147, 0.40613143185529665
0.33745775645917364, 0.40380194936169334
0.34168211054180747, 0.4144024202931854
0.3401013844979832, 0.40607176067222506
0.34089174751989537, 0.4066090976467708
0.33781205712416873, 0.4012183003532791
0.342854028126022, 0.4092459631292098
0.33942003706530033, 0.40313450744112833
0.3412187942875831, 0.40577145117005087
0.34094625531450995, 0.4161975777216612
0.3402921617791344, 0.40380497616413724
0.3439169301210073, 0.40661062228314193
0.3441349612994658, 0.41852011571200615
0.341900141720266, 0.39143423957775186
0.342417965769105, 0.4075575345252294
0.3371579635887932, 0.40569899538516363
0.3436988989425488, 0.4076433075182606
0.3429902976125586, 0.41974396548254006
0.3414913332606563, 0.40107572996176616
0.34476180093753406, 0.4088552489605284
0.34527962498637305, 0.4134695814968203
0.34408045350485117, 0.41362522022970843
0.34127330208219775, 0.4014562041674222
0.342854028126022, 0.40428083934233267
0.3439441840183146, 0.41865454737114294
0.34089174751989537, 0.41113042325191906
0.3342417965769105, 0.39445001563921145
0.3375667720484029, 0.40538854053847057
0.34176387223372945, 0.40502659343587055
0.3425814891529489, 0.40022267153875635
0.3444347541698463, 0.41152853444846527
0.3422271884879538, 0.4067227161482247
0.3384116428649297, 0.40607740099125317
0.3424997274610269, 0.4118251463935412
0.34072822413605147, 0.401063156152407
0.34089174751989537, 0.4153449309947793
0.34356262945601224, 0.39163717066105425
0.3422816962825684, 0.4162226355893376
0.3358770304153494, 0.40179835516503
0.3455521639594462, 0.41285270047383094
0.33890221301646134, 0.40139384789125304
0.33980159162760276, 0.39172471365543604
0.3396108143464515, 0.40601775646432964
0.3400468767033686, 0.40029981724742575
0.33595879210727136, 0.4017516436246335
0.3440259457102366, 0.4280024181533739
0.34290853592063664, 0.3986528748926705
0.34288128202332935, 0.40368605950198827
0.3394472909626077, 0.40350074605937797
0.34312656709909517, 0.39853504699529557
0.340864493622588, 0.4084073173239779
0.34290853592063664, 0.4156115288383026
0.3378938188160907, 0.4029390578486831
0.3422271884879538, 0.4082591729598381
0.3426087430502562, 0.40805365925532666
0.3417366183364221, 0.40199438088914574
0.3437261528398561, 0.39543760377466575
0.3440531996075439, 0.41785261425127407
0.34236345797449036, 0.41666421130678266
0.3393655292706857, 0.40708671640798694
0.33871143573531015, 0.39726479014056176
0.34364439114793416, 0.4052215624917549
0.3430993132017879, 0.417674766344616
0.3386569279406955, 0.40399234896352687
0.33786656491878336, 0.4080505227107332
0.3396925760383735, 0.42565418527671905
0.3436171372506268, 0.403708832450993
0.33846615065954433, 0.4138601384006715
0.34083723972528074, 0.4001240487361504
0.3431810748937098, 0.410205598037881
0.3413005559795051, 0.39281398186376976
0.34151858715796357, 0.4097953026174126
0.3391747519895345, 0.39706557170365575
0.34348086776409026, 0.41442190940345847
0.3426087430502562, 0.39741767342146606
0.3405374468549002, 0.3940898407178553
0.3424997274610269, 0.40848193035575514
0.3410552709037392, 0.4133844773751017
0.3459337185217486, 0.3929825057977824
0.34601548021367057, 0.4105267502404132
0.3380845960972419, 0.4154297880575285
0.3334786874523057, 0.39308145849249604
0.3396108143464515, 0.41166421256856206
0.3402104000872125, 0.3921403242226945
0.3386569279406955, 0.42313696695053504
0.34748719066826556, 0.4107617066269664
0.33980159162760276, 0.402405211234388
0.3439441840183146, 0.40585435062902336
0.34476180093753406, 0.40821098477885287
0.3399378611141393, 0.4023258470799715
0.3439169301210073, 0.4020044003826316
0.34110977869835385, 0.42514494910246614
0.3362040771830372, 0.39599417556950933
0.3407009702387441, 0.39638648544748195
0.3431810748937098, 0.4123409102571636
0.341382317671427, 0.40408692608431596
0.33931102147607106, 0.4025081484353735
0.3402376539845198, 0.41938934746578677
0.34091900141720266, 0.41081627146708977
0.3376485337403249, 0.40129508672563663
0.3442167229913878, 0.4103588730517046
0.34329009048293907, 0.4049625228874187
0.3404829390602856, 0.40057031480540084
0.33887495911915405, 0.409054819453973
0.3437534067371634, 0.41175280309147483
0.34059195464951486, 0.41073577447184606
0.3422816962825684, 0.4119796466495381
0.3441077074021585, 0.4134974986103748
0.342417965769105, 0.4015520724539876
0.34271775863948545, 0.42539575312313616
0.33794832661070534, 0.40921300544212913
0.34312656709909517, 0.42035340933018217
0.342935789817944, 0.41227311873348804
0.3425814891529489, 0.418995761624694
0.34364439114793416, 0.4192075368701753
0.3430175515098659, 0.41634569025571283
0.33966532214106615, 0.40760351192575683
0.34290853592063664, 0.4075390046815274
0.33803008830262726, 0.3996363101374442
0.3414095715687343, 0.42260003145085845
0.33871143573531015, 0.4119495530061096
0.33873868963261744, 0.40475787131792845
0.34184563392565137, 0.4093482520135143
0.3448163087321487, 0.39695917010161463
0.34067371634143684, 0.4008574768668138
0.33598604600457865, 0.42323176010667846
0.3441077074021585, 0.40228220582380264
0.33887495911915405, 0.40469650155487563
0.34364439114793416, 0.41758673453444867
0.34408045350485117, 0.4128597135813799
0.33963806824375886, 0.40093244730469085
0.3392020058868418, 0.40365325602677843
0.34219993459064646, 0.4130318980283062
0.34203641120680256, 0.4206783506067894
0.34211817289872454, 0.40494143923549997
0.3432628365856317, 0.39711581363943965
0.3426632508448708, 0.40783778269933796
0.34034666957374904, 0.4011545678618884
0.34345361386678297, 0.405871310498647
0.3380845960972419, 0.4046453478601274
0.33778480322686144, 0.4053362157013818
0.3450615938079145, 0.4130904278697586
0.33707620189687126, 0.40858303598072604
0.34184563392565137, 0.4194156426695258
0.3437806606344707, 0.41821957193030834
0.341900141720266, 0.4196948667449068
0.3415458410552709, 0.4123504386011004
0.3406464624441295, 0.41696654452624327
0.3424452196664123, 0.41061874411680155
0.33947454485991496, 0.4058443730299159
0.341818380028344, 0.4102132232743938
0.34451651586176824, 0.41762491541543467
0.3403739234710564, 0.4022831607104156
0.33852065845415896, 0.40237535568760907
0.3433445982775537, 0.41006175328722533
0.3431810748937098, 0.40022848703568376
0.3389294669137687, 0.40295704707680374
0.3414095715687343, 0.4168347376783105
0.343371852174861, 0.4066558126485159
0.3410280170064319, 0.4056107427607895
0.3463425269813583, 0.393705119112332
0.3461517497002071, 0.4080370729518191
0.34001962280606124, 0.39548993571836644
0.33925651368145643, 0.40745400224187356
0.3442712307860024, 0.4023840058505655
0.3405374468549002, 0.4331485051590561
0.33963806824375886, 0.4023510415269348
0.3410007631091246, 0.4183914668611912
0.34596097241905593, 0.41423899738110864
0.3428267742287147, 0.4059702950725332
0.33942003706530033, 0.4042925010993694
0.34399869181292925, 0.4224507953151757
0.3368036629237981, 0.41304246729640626
0.3370489479995639, 0.40635817999184576
0.3444892619644609, 0.4104284193134564
0.33991060721683203, 0.39978645665261475
0.3402104000872125, 0.39168964715595733
0.3409735092118173, 0.40656136459111003
0.34143682546604165, 0.4121357211914373
0.3410007631091246, 0.40391367143745954
0.34187288782295866, 0.4041939090801859
0.3404829390602856, 0.4103722102441228
0.3402649078818271, 0.40328008816246613
0.33718521748610053, 0.40164778424471986
0.3386024201460809, 0.4002247729347333
0.34176387223372945, 0.40172885632731664
0.3459337185217486, 0.40701313379016246
0.3432083287910171, 0.4086870323168527
0.34168211054180747, 0.40062076174302724
0.3422816962825684, 0.40731757572393384
0.3423089501798757, 0.3992445679157046
0.3407009702387441, 0.41497201657093497
0.33890221301646134, 0.4037238144793322
0.3435898833533195, 0.41798382400918255
0.33903848250299795, 0.39774211885692534
0.3381663577891639, 0.39610252912125116
0.3419273956175733, 0.39379203041191463
0.33887495911915405, 0.3944580023111513
0.34184563392565137, 0.42768250088778303
0.34124604818489046, 0.4134886863641169
0.33854791235146625, 0.3951938620777558
0.3360405537991933, 0.40573053321869923
0.3444620080671536, 0.4037019864269258
0.3405374468549002, 0.4076394767868003
0.34435299247792434, 0.4024046207106531
0.34547040226752423, 0.40403664403605893
0.3445437697590755, 0.4015598606060363
0.33980159162760276, 0.40949395192600835
0.34160034884988555, 0.4119076418803841
0.3404556851629783, 0.4062128789737806
0.33614956938842255, 0.4014587070775072
0.34127330208219775, 0.40895821443297337
0.34563392565136813, 0.41620290061737036
0.33803008830262726, 0.3925009090199476
0.34547040226752423, 0.3944492480136447
0.34184563392565137, 0.41219538244144394
0.34274501253679274, 0.4142570350283532
0.34348086776409026, 0.40822513997652826
0.3388204513245394, 0.4081061046991188
0.3393382753733784, 0.4080751333935838
0.34239071187179765, 0.40516324916901375
0.34345361386678297, 0.41019597295975335
0.34187288782295866, 0.4151469043624643
0.3439441840183146, 0.42133802801568937
0.3402649078818271, 0.40277807992488834
0.3442984846833097, 0.4195866658179694
0.34094625531450995, 0.39828741405402923
0.3428267742287147, 0.4103675657871556
0.3407827319306661, 0.4124056813775505
0.3427722664341001, 0.4102691175530407
0.3432628365856317, 0.4036656540762808
0.34108252480104656, 0.42287926969327083
0.33685817071841273, 0.4043015205159808
0.34380791453177806, 0.3946430023837054
0.3444347541698463, 0.41539609652760345
0.3422271884879538, 0.4145775491541205
0.3438896762237, 0.42103833700813253
0.34056470075220757, 0.4108354985156404
0.34397143791562196, 0.4122394261979782
0.34367164504524145, 0.4068834976375446
0.3417093644391148, 0.40741490868593755
0.3407009702387441, 0.39527664995504763
0.3397743377302954, 0.40836473980884247
0.34184563392565137, 0.3995400172986436
0.3412187942875831, 0.3984694105601148
0.3410007631091246, 0.39894524562718353
0.3429902976125586, 0.41617037667975193
0.3413005559795051, 0.4075541550190268
0.33974708383298813, 0.40116674079977893
0.34127330208219775, 0.40107644814747045
0.33980159162760276, 0.4119185707373552
0.3454976561648316, 0.4153195432512191
0.3390112286056906, 0.41057572191348835
0.3392837675787638, 0.4082552977092931
0.33906573640030524, 0.4103605187946574
0.33598604600457865, 0.4078461180164952
0.3383298811730077, 0.40354662627478444
0.33838438896762235, 0.39497229943993073
0.3369944402049493, 0.4020520430983148
0.34675133544096803, 0.4209400802642303
0.3353319524692031, 0.4051161340945606
0.3395017987572223, 0.39149369131431205
0.34056470075220757, 0.41116917084268484
0.3402649078818271, 0.41400543198432316
0.341900141720266, 0.4197485280926409
0.3445437697590755, 0.4190313116399403
0.3363676005668811, 0.40485049987837485
0.34397143791562196, 0.41213425725258007
0.34383516842908535, 0.41229930034646634
0.34577019513790475, 0.4079678446053926
0.3436988989425488, 0.40833108445847444
0.3448708165267633, 0.4104687600570107
0.33931102147607106, 0.39667437284070195
0.34364439114793416, 0.4114085081010224
0.33852065845415896, 0.408411724002061
0.34091900141720266, 0.38598918219355044
0.3441077074021585, 0.41377054353192905
0.33854791235146625, 0.39483638773886376
0.3397743377302954, 0.402292501734335
0.3423089501798757, 0.4007615606075232
0.3471056361059632, 0.4134334379723804
0.33743050256186635, 0.41528688834664024
0.3417366183364221, 0.4018273572163902
0.3404556851629783, 0.4218049987936234
0.3493132017878557, 0.42694076641236445
0.342935789817944, 0.4110921966624201
0.34432573858061705, 0.4095368310963366
0.34620625749482176, 0.41773729752068856
0.34416221519677315, 0.3952518635057558
0.34271775863948545, 0.4021618933568364
0.3422271884879538, 0.420320605438281
0.3443802463752317, 0.4038384864530079
0.33974708383298813, 0.41157665606685595
0.3406464624441295, 0.39910833931292927
