ATE real, ATE estimado
0.34015589229259785, 0.32631849356460496
0.34124604818489046, 0.3297731062862056
0.33999236890875395, 0.33149580340111817
0.3417093644391148, 0.3349411976309432
0.34279952033140737, 0.3255603238299105
0.34408045350485117, 0.34862055171922135
0.34312656709909517, 0.3335228473148718
0.34473454704022677, 0.32794012869560796
0.3378393110214761, 0.32922743985821823
0.34255423525564155, 0.33658857625379335
0.3419273956175733, 0.33933766707150637
0.33451433554998367, 0.32761618406610327
0.34577019513790475, 0.3490228876713803
0.34255423525564155, 0.3566779915269086
0.3424724735637196, 0.34436550077100725
0.33413278098768123, 0.3326893590881149
0.3384116428649297, 0.34520820748953973
0.34146407936334894, 0.3360263848257343
0.3430175515098659, 0.3390694431034005
0.3398560994222174, 0.3467214741283369
0.33846615065954433, 0.3576259939070549
0.3382481194810858, 0.3326593819185634
0.3386841818380028, 0.34940869862346746
0.34135506377411967, 0.34150189579990486
0.33955630655183694, 0.345725057595088
0.34162760274719284, 0.3643073518905897
0.33982884552491005, 0.3320518491679936
0.34440750027253897, 0.3456166891028823
0.3419273956175733, 0.34253443516388904
0.3454976561648316, 0.3519122361343299
0.34051019295759294, 0.33654630776187444
0.3426087430502562, 0.3431719450840105
0.3402104000872125, 0.3565800023735909
0.34031941567644175, 0.3431976885758577
0.33830262727570043, 0.3372291590045067
0.33955630655183694, 0.34414261812541214
0.33942003706530033, 0.3386021679980672
0.3398833533195247, 0.34376718651221294
0.3454976561648316, 0.34468828455339956
0.3382753733783931, 0.33197653067593125
0.3444620080671536, 0.35747535692293025
0.3432628365856317, 0.345633214102954
0.3422271884879538, 0.3362192903017779
0.33819361168647116, 0.3357097467045257
0.3415730949525782, 0.3525889417157784
0.33906573640030524, 0.3265763381938229
0.3389294669137687, 0.3473755090485301
0.3422271884879538, 0.33174442953856054
0.34160034884988555, 0.34600557288556133
0.341818380028344, 0.33734367315789604
0.3432628365856317, 0.3518565154729311
0.34315382099640246, 0.3394191312247524
0.3407009702387441, 0.32792667652612817
0.3417093644391148, 0.35927029969931323
0.3410280170064319, 0.340576564081014
0.34124604818489046, 0.34379600283465206
0.3453886405756023, 0.3468555861123899
0.34279952033140737, 0.3231443961334778
0.3386841818380028, 0.33568400321267844
0.3386024201460809, 0.35086317177027404
0.34200915730949527, 0.3376192036342982
0.3464515425705876, 0.34747042537125594
0.33786656491878336, 0.3425540329945526
0.3444347541698463, 0.35539682602548206
0.33813910389185653, 0.3270797361298914
0.3395017987572223, 0.33298947220925185
0.33982884552491005, 0.3333660646695634
0.3432083287910171, 0.36484994548798527
0.34560667175406085, 0.34245604384123485
0.3428267742287147, 0.3294895181651405
0.34195464951488064, 0.34433245077086394
0.34675133544096803, 0.33635647511642275
0.3426632508448708, 0.35226499708627373
0.3474326828736509, 0.34381252783472377
0.33634034666957374, 0.3217095208173347
0.3413278098768124, 0.3493952464539876
0.34552491006213887, 0.3466853512976017
0.3443802463752317, 0.3302930292223457
0.33557723754496893, 0.3390045039502261
0.34015589229259785, 0.32414811917502284
0.3449798321159926, 0.35666453935742876
0.3416548566445002, 0.34544338145750225
0.3395290526545296, 0.3397791986849924
0.3413278098768124, 0.3282567668168165
0.34067371634143684, 0.33875280498219185
0.34179112613103674, 0.34558056627214706
0.3453341327809877, 0.3368237502217559
0.3414095715687343, 0.34449230624676414
0.33996511501144666, 0.33192081001453244
0.33598604600457865, 0.3477313428310657
0.3421454267960318, 0.338523776675413
0.33579526872342746, 0.35460253346005227
0.3444347541698463, 0.3345842030012951
0.3424724735637196, 0.32914597570497217
0.33710345579417855, 0.34584571740966114
0.34495257821868525, 0.3529221048370587
0.3445437697590755, 0.3381152950620705
0.3399378611141393, 0.3521608622717723
0.3464242886732803, 0.34510714550563015
0.3402104000872125, 0.3364091229472297
0.3372124713834078, 0.3453980401349914
0.34424397688869507, 0.3381936863847247
0.34219993459064646, 0.3406549554036682
0.34091900141720266, 0.3428418547933221
0.34577019513790475, 0.3483988299207387
0.3411370325956612, 0.3455186999495646
0.34271775863948545, 0.3310903946183674
0.33980159162760276, 0.32387067671514136
0.3421454267960318, 0.3387362799821202
0.3377302954322468, 0.34356082886668954
0.3384934045568516, 0.3236447212389544
0.34380791453177806, 0.3491147311635143
0.3375122642537883, 0.33861869299813896
0.3390112286056906, 0.3383143461992978
0.3427722664341001, 0.3445376475692749
0.34740542897634363, 0.3476529515084115
0.34162760274719284, 0.3431296765920915
0.3457429412405974, 0.347643733016636
0.34124604818489046, 0.3563479012362202
0.34001962280606124, 0.34169480127594853
0.34271775863948545, 0.3319146643533487
0.3402649078818271, 0.3509446359235201
0.33903848250299795, 0.3388899897968367
0.33887495911915405, 0.3271035676382592
0.3401013844979832, 0.3523207177476725
0.34356262945601224, 0.3581820396739303
0.3409735092118173, 0.34583533807077316
0.3397743377302954, 0.32609561091900985
0.3361223154911152, 0.33521249442964096
0.3442984846833097, 0.3433060570680634
0.33873868963261744, 0.33257484493472556
0.3420909190014172, 0.34191652307443116
0.34307205930448054, 0.33523516509089635
0.3395017987572223, 0.35783849721376204
0.3403739234710564, 0.34102424135568365
0.3429902976125586, 0.3442994007707205
0.3428267742287147, 0.3313163500945544
0.34094625531450995, 0.3372034155126594
0.34288128202332935, 0.34871546804194725
0.34187288782295866, 0.3385598995061483
0.34511610160252915, 0.3404755020971044
0.338438896762237, 0.3334444559922176
0.3420636651041099, 0.34334525272939054
0.3424452196664123, 0.34134087947689223
0.3414095715687343, 0.3302538335610187
0.3436171372506268, 0.34136047730755575
0.3411642864929685, 0.34655854582184487
0.338438896762237, 0.32781523520333056
0.3441349612994658, 0.3657226293760692
0.3382208655837785, 0.34443658558536533
0.342935789817944, 0.33534660641369396
0.3459882263163632, 0.33856911799792383
0.3442712307860024, 0.33416343006558513
0.3376757876376322, 0.3508662446008659
0.3423089501798757, 0.3409789000331729
0.34716014390057776, 0.3346668280016536
0.341900141720266, 0.34717953074189467
0.3430175515098659, 0.35894635506980854
0.34179112613103674, 0.3545406671374698
0.34151858715796357, 0.3597540998047182
0.34217268069333917, 0.3580118048591421
0.34459827755369016, 0.35500486941221115
0.34451651586176824, 0.3505361543101775
0.34508884770522186, 0.32026426616230363
0.3420636651041099, 0.35948587583661223
0.3432628365856317, 0.3504546901569315
0.3430175515098659, 0.35351003975696504
0.3390112286056906, 0.3282340961555611
0.33522293687997384, 0.3172903807155161
0.3482775536901777, 0.3516378665050403
0.3435081216613976, 0.3457342760868636
0.33813910389185653, 0.3438259800042036
0.3375122642537883, 0.33992983566911705
0.34323558268832444, 0.3413935273076992
0.34184563392565137, 0.34022687595966206
0.3386569279406955, 0.3175224818528868
0.34315382099640246, 0.34940255296228373
0.335931538209964, 0.31201508172568526
0.341382317671427, 0.33702396220609565
0.34617900359751447, 0.35400421920125796
0.34187288782295866, 0.3417432154290511
0.34059195464951486, 0.3348689519694727
0.33710345579417855, 0.33373842345217086
0.3411642864929685, 0.33909211376465587
0.3377302954322468, 0.3373601981579678
0.341818380028344, 0.34121407400113546
0.3420636651041099, 0.3251187922164245
0.34511610160252915, 0.33833087119936944
0.3421454267960318, 0.35642629255887437
0.33931102147607106, 0.329498736656916
0.3397743377302954, 0.35362878758805877
0.34304480540717325, 0.3452308781507951
0.3430175515098659, 0.35859359411786473
0.34001962280606124, 0.33125755660256373
0.34091900141720266, 0.3442602051093934
0.341818380028344, 0.3398214671769113
0.33947454485991496, 0.3286848462608226
0.3406192085468222, 0.3489444963487261
0.3407009702387441, 0.3371084991899336
0.34884988553363133, 0.34937257579273223
0.3429902976125586, 0.33032607922248913
0.3382208655837785, 0.3298784019478195
0.3424452196664123, 0.36064945435405754
0.3460699880082852, 0.34123981749298266
0.3391202441949199, 0.3345131181869371
0.34440750027253897, 0.35124898272236127
0.34184563392565137, 0.35843373864196454
0.34601548021367057, 0.3483884505818507
0.3435081216613976, 0.3531150103131023
0.3396108143464515, 0.3539031572173484
0.34151858715796357, 0.3516409393356321
0.33691267851302736, 0.3307737564971588
0.34034666957374904, 0.34695050243511577
0.34424397688869507, 0.3485844288884861
0.34162760274719284, 0.3339539995894698
0.34034666957374904, 0.3442406072787299
0.34015589229259785, 0.3513243012144236
0.3424724735637196, 0.3387589506433756
0.34636978087866566, 0.3459467793935707
0.34416221519677315, 0.3234548885935026
0.33947454485991496, 0.3294956638263241
0.3401286383952905, 0.3439497126493686
0.34612449580289983, 0.3315937925544359
0.3437806606344707, 0.35464172912137937
0.3386024201460809, 0.34002167916125103
0.341382317671427, 0.3515037545209873
0.3381663577891639, 0.33980801500743146
0.3404829390602856, 0.33303904720946687
0.3411370325956612, 0.337961585247354
0.3398560994222174, 0.3369713143752887
0.34236345797449036, 0.3368268230523478
0.33819361168647116, 0.34187118175192033
0.34397143791562196, 0.3453000509816737
0.3411370325956612, 0.3321755818131585
0.3397743377302954, 0.31383153431621125
0.3451433554998365, 0.3402991216211325
0.34473454704022677, 0.35991395528061837
0.33838438896762235, 0.3224676905520292
0.34040117736836367, 0.33247685578140784
0.3422816962825684, 0.3583976158112293
0.3393382753733784, 0.33707544918979016
0.34160034884988555, 0.34648937299096627
0.34364439114793416, 0.33953671820873366
0.34329009048293907, 0.3574330884310113
0.34083723972528074, 0.3225987297054903
0.34179112613103674, 0.32822986247785685
0.3443802463752317, 0.3558445033001517
0.3421454267960318, 0.33314010919337644
0.34059195464951486, 0.3578715472139054
0.3403739234710564, 0.3474961688631032
0.3414095715687343, 0.3515594751823861
0.33982884552491005, 0.3446821388922159
0.34364439114793416, 0.34758801235523723
0.34323558268832444, 0.33412730723484985
0.34203641120680256, 0.31310948741225186
0.34179112613103674, 0.3542559181692922
0.3377030415349395, 0.32871482343037417
0.33797558050801263, 0.3545241421373981
0.33906573640030524, 0.34873813870320264
0.3392837675787638, 0.3500719520354361
0.33980159162760276, 0.34663693714449906
0.34579744903521203, 0.34749002320191946
0.34312656709909517, 0.3475714873551655
0.34217268069333917, 0.34978413023666666
0.34195464951488064, 0.34352163320536244
0.3444620080671536, 0.3585213484563943
0.34040117736836367, 0.336216217471186
0.3451978632944511, 0.3589990029006155
0.34315382099640246, 0.3486236245498132
0.33794832661070534, 0.3373828688192232
0.34380791453177806, 0.34819247227521527
0.33890221301646134, 0.33973269651536914
0.34416221519677315, 0.35264773520776904
0.34124604818489046, 0.3451659389976208
0.342854028126022, 0.33281616456387175
0.3476234601548021, 0.33964815953153127
0.3448708165267633, 0.3340654409122674
0.33707620189687126, 0.34062921191182094
0.34124604818489046, 0.3515398773517226
0.34315382099640246, 0.34754881669391013
0.3400741306006759, 0.338258625537899
0.34279952033140737, 0.33575508802703646
0.3373759947672517, 0.3408870565410389
0.34563392565136813, 0.35419097901611785
0.34800501471710454, 0.3462707240230754
0.3422816962825684, 0.33997210416103596
0.3432083287910171, 0.35335134512817723
0.33778480322686144, 0.32608024676605063
0.3384934045568516, 0.3263938120566673
0.34331734438024636, 0.34621500336167665
0.34290853592063664, 0.3325913699347972
0.3407827319306661, 0.3491012789940344
0.340864493622588, 0.33315356136285634
0.3419819034121879, 0.3419918415664935
0.34146407936334894, 0.3396450867009394
0.34056470075220757, 0.32820719181660146
0.34203641120680256, 0.3412863196626059
0.34089174751989537, 0.3300413302543115
0.3414913332606563, 0.3244194159737206
0.3394472909626077, 0.35436312581438545
0.3447890548348414, 0.35004928137418073
0.34184563392565137, 0.35424246599981235
0.34748719066826556, 0.3458879859015801
0.34432573858061705, 0.3192709224596465
0.3375122642537883, 0.3428810504546491
0.3422271884879538, 0.3438290528347955
0.34329009048293907, 0.3443912442628545
0.33963806824375886, 0.3446037475695617
0.34001962280606124, 0.33688254371374654
0.338438896762237, 0.3494571127765701
0.34274501253679274, 0.3490878268245546
0.34329009048293907, 0.337304477496569
0.3423089501798757, 0.33028995639175396
0.34108252480104656, 0.35097768592366346
0.33702169410225663, 0.3269982719766453
0.34089174751989537, 0.33428408988015823
0.3435898833533195, 0.3648860683187205
0.3438896762237, 0.34371146585081414
0.343371852174861, 0.34236420034910087
0.3398833533195247, 0.35902167356187087
0.342336204077183, 0.36090115332209177
0.3444347541698463, 0.3287405669222214
0.3415730949525782, 0.3441848866173311
0.3397198299356808, 0.34361962235868015
0.33958356044914423, 0.3401876802983349
0.34432573858061705, 0.3409005087105187
0.3414095715687343, 0.3219550741241852
0.3414913332606563, 0.3276553797274303
0.34274501253679274, 0.3343202127108934
0.338956720811076, 0.3159669467221706
0.3462607652894364, 0.35644589038953794
0.3398560994222174, 0.33537234990554116
0.3396925760383735, 0.35210514161037354
0.34383516842908535, 0.33420569855750404
0.34288128202332935, 0.33291838739489377
0.3440259457102366, 0.329632848640969
0.3435081216613976, 0.32696214914591015
0.342336204077183, 0.3426189721477269
0.3404556851629783, 0.3454403086269104
0.3453068788836804, 0.35307274182118337
0.3398833533195247, 0.3275935134048479
0.33745775645917364, 0.32327236245634705
0.3455521639594462, 0.34732286121772316
0.33871143573531015, 0.3418999980743595
0.3383298811730077, 0.3527757015306383
0.34089174751989537, 0.3444169877547018
0.3411915403902758, 0.33916128659553446
0.338438896762237, 0.33955017037821356
0.3404556851629783, 0.3437341365120696
0.3411915403902758, 0.35540297168666574
0.3441077074021585, 0.34433245077086394
0.34091900141720266, 0.335385802075021
0.3461517497002071, 0.34681331762047096
0.34408045350485117, 0.3405600390809423
0.340864493622588, 0.3430090167775184
0.3437806606344707, 0.34745390037118423
0.3432628365856317, 0.33098933263445784
0.3395017987572223, 0.3249424117404526
0.3413005559795051, 0.35188956547307454
0.34203641120680256, 0.3392335322570049
0.3448163087321487, 0.327753368880748
0.33617682328572984, 0.31734917420750675
0.3362040771830372, 0.3266908523472124
0.3434263599694756, 0.32777296671141165
0.3415458410552709, 0.3538474365559496
0.3426632508448708, 0.3323880851198656
0.33617682328572984, 0.34435204860152746
0.342336204077183, 0.3456136162722905
0.3401013844979832, 0.33257484493472556
0.3411642864929685, 0.3401185074674563
0.3428267742287147, 0.34462949106140894
0.34269050474217816, 0.31899347999976513
0.34135506377411967, 0.33330727117757286
0.3422544423852611, 0.34196917090523815
0.3424997274610269, 0.3508074511088753
0.3396108143464515, 0.34097275437198915
0.3408099858279734, 0.33626155879369685
0.3421454267960318, 0.34586224240973285
0.34296304371525127, 0.33782132760211725
0.3455521639594462, 0.3457508010869353
0.34162760274719284, 0.34427673010946513
0.34200915730949527, 0.3441683616172594
0.3420636651041099, 0.3374747123113572
0.34397143791562196, 0.34709076008035245
0.3410280170064319, 0.33600371416447894
0.3422816962825684, 0.3508074511088753
0.34067371634143684, 0.3368464208830113
0.33982884552491005, 0.33958629320894873
0.341900141720266, 0.35369372674123306
0.3401286383952905, 0.35050003147944225
0.34168211054180747, 0.33729833183538527
0.34296304371525127, 0.34749002320191946
0.34094625531450995, 0.3428810504546491
0.3435898833533195, 0.343325654898727
0.3406192085468222, 0.3564820132202732
0.3460972419055925, 0.3443128529402003
0.3384934045568516, 0.3591196627151886
0.3393382753733784, 0.34194650024398276
0.3438624223263927, 0.337961585247354
0.3390112286056906, 0.3291294507049005
0.3417093644391148, 0.3516017436743051
0.34672408154366074, 0.3575506754149926
0.33666739343726154, 0.343622695189272
0.338956720811076, 0.32854151578499413
0.34091900141720266, 0.3387558778127837
0.3453068788836804, 0.34507409550548673
0.33800283440532, 0.3273314350979256
0.34408045350485117, 0.3434297897132284
0.33786656491878336, 0.338431933183279
0.34620625749482176, 0.35619111859091185
0.34179112613103674, 0.3491270224858817
0.33811184999454924, 0.3413739294770356
0.34288128202332935, 0.349428296454131
0.3437261528398561, 0.3414853707998332
0.33931102147607106, 0.3463883110070567
0.34765071405210946, 0.36405872575314735
0.3400741306006759, 0.33172175887730515
0.34176387223372945, 0.3432699342373282
0.34146407936334894, 0.35328217229729864
0.3410280170064319, 0.33228702313595604
0.34034666957374904, 0.3431358222532752
0.3408099858279734, 0.3431946157452659
0.34271775863948545, 0.3305612531904517
0.3350866673934373, 0.3312379587719002
0.34527962498637305, 0.3446460160614806
0.3407009702387441, 0.3568543720028805
0.340428431265671, 0.33989371283838177
0.34252698135833426, 0.33428101704956636
0.3419819034121879, 0.3350422596148528
0.3386024201460809, 0.34530619664285744
0.3415458410552709, 0.3292574170277698
0.34312656709909517, 0.34122021966231914
0.3414095715687343, 0.3459241087323153
0.3380845960972419, 0.33499384546175015
0.3413005559795051, 0.3431058450837237
0.34083723972528074, 0.3316133903850994
0.3402376539845198, 0.35731550144703006
0.337485010356481, 0.3305416553597882
0.3377030415349395, 0.3454960292883092
0.3453068788836804, 0.33734981881907977
0.34585195682982667, 0.33370537345202744
0.3401013844979832, 0.3441591431254839
0.3444892619644609, 0.355304982533348
0.34135506377411967, 0.34325033640666464
0.34151858715796357, 0.33505878461492444
0.3393655292706857, 0.3279524200179753
0.34072822413605147, 0.33234274379735484
0.3386024201460809, 0.34466254106155236
0.34492532432137796, 0.360506123878229
0.3435081216613976, 0.3473785818791219
0.34176387223372945, 0.33989371283838177
0.34784149133326064, 0.34379600283465206
0.3398833533195247, 0.3597963682966371
0.34018314618990514, 0.34830698642860464
0.3397743377302954, 0.3514614860290684
0.33922925978414914, 0.35741349060034777
0.3398833533195247, 0.33283576239453533
0.34269050474217816, 0.3393903149023133
0.3426632508448708, 0.35186996764241096
0.3456611795486755, 0.3590020757312073
0.3453068788836804, 0.3342026257269122
0.33800283440532, 0.3397369301930734
0.33966532214106615, 0.33701972852839135
0.34279952033140737, 0.36316951686499166
0.34525237108906576, 0.3564593425590178
0.34492532432137796, 0.3289334723982651
0.3422271884879538, 0.3642547040597828
0.34083723972528074, 0.34487504436825944
0.3430993132017879, 0.32431104748151485
0.34296304371525127, 0.34964694542202185
0.3408099858279734, 0.32362512340829075
0.34418946909408044, 0.34480587153738085
0.34290853592063664, 0.33919740942626975
0.3432628365856317, 0.33931806924084285
0.343371852174861, 0.3364225751167095
0.3422544423852611, 0.35375559306381554
0.3384934045568516, 0.3196371355810702
0.33762127984301754, 0.3272891666060067
0.34110977869835385, 0.33000213459298444
0.33974708383298813, 0.3311265174491026
0.34179112613103674, 0.35094156309292823
0.3446527853483048, 0.34524125748968315
0.3401286383952905, 0.344976106352169
0.3424997274610269, 0.33812451355384604
0.34476180093753406, 0.34792117547651746
0.3414913332606563, 0.34737243621793823
0.3415458410552709, 0.35072598695562923
0.3455521639594462, 0.3510922000770529
0.34127330208219775, 0.3580118048591421
0.3424997274610269, 0.3387362799821202
0.3389839747083833, 0.3484184277514022
0.3425814891529489, 0.3567367850188992
0.34203641120680256, 0.3492972573006699
0.3390112286056906, 0.3274655470819786
0.34162760274719284, 0.35079399893939545
0.33982884552491005, 0.3324438057812644
0.33982884552491005, 0.3481140809525611
0.34348086776409026, 0.353089266821255
0.3434263599694756, 0.34427365727887327
0.340428431265671, 0.34125019683187063
0.337485010356481, 0.3139172321471615
0.3360405537991933, 0.3173656992075784
0.34135506377411967, 0.3342448942188311
0.34040117736836367, 0.3346637551710617
0.34143682546604165, 0.3484245734125859
0.34211817289872454, 0.35163479367444844
0.3396925760383735, 0.34894756917931796
0.34239071187179765, 0.3428614526239856
0.3419273956175733, 0.3459467793935707
0.3398833533195247, 0.3366865654071111
0.33922925978414914, 0.32670737734728406
0.3421454267960318, 0.3528994341758033
0.3372942330753298, 0.3346637551710617
0.3397743377302954, 0.3525332210543797
0.34383516842908535, 0.351520279521059
0.33781205712416873, 0.34437471926278285
0.34056470075220757, 0.3308386956503332
0.34713289000327047, 0.3447862737067173
0.3424997274610269, 0.35226192425568187
0.34143682546604165, 0.35158521867423337
0.3410280170064319, 0.35147070452084395
0.33489589011228604, 0.34121407400113546
0.33838438896762235, 0.3282402418167448
0.33595879210727136, 0.3193204974598617
0.34596097241905593, 0.3475972308470128
0.3442167229913878, 0.3342222235575757
0.342417965769105, 0.3509642337541836
0.34124604818489046, 0.33524861726037625
0.34094625531450995, 0.32895921589011223
0.34339910607216834, 0.3397430758542571
0.3398560994222174, 0.3191306648144099
0.3380573421999346, 0.34165867844521325
0.33743050256186635, 0.34887955719555175
0.3399378611141393, 0.3269590763153183
0.3398833533195247, 0.31354063968684986
0.3384934045568516, 0.3399874683139952
0.3439169301210073, 0.345191682489468
0.3410552709037392, 0.33910556593413566
0.3415458410552709, 0.3405538934197586
0.3411370325956612, 0.3421424785506182
0.34127330208219775, 0.3320941176599125
0.34187288782295866, 0.332944130886741
0.3395017987572223, 0.33838659186076825
0.33999236890875395, 0.340350608604827
0.34476180093753406, 0.34226928402637496
0.340864493622588, 0.3401577031287834
0.3423089501798757, 0.3378831939246998
0.3404829390602856, 0.3632809581877892
0.34495257821868525, 0.35188341981189086
0.33887495911915405, 0.3447213345535429
0.33939278316799304, 0.3507847804476199
0.3398560994222174, 0.31994455521050325
0.34146407936334894, 0.3603977553860233
0.3430993132017879, 0.3421651492118736
0.34418946909408044, 0.33957284103946894
0.3409735092118173, 0.3577900830606594
0.3415730949525782, 0.3268218915006734
0.33955630655183694, 0.34134818598518835
0.34525237108906576, 0.337438589480622
0.34364439114793416, 0.336739213237918
0.34547040226752423, 0.37184794159272866
0.3453886405756023, 0.3439693104800321
0.3402376539845198, 0.34334525272939054
0.33852065845415896, 0.33878892781292713
0.33999236890875395, 0.34020420529840667
0.3411915403902758, 0.32948528448743614
0.337485010356481, 0.32709626112996315
0.3395290526545296, 0.3392004822568616
0.33797558050801263, 0.3291747920274113
0.3420636651041099, 0.35549174234820796
0.34331734438024636, 0.3290541322128382
0.33846615065954433, 0.343622695189272
0.3419819034121879, 0.3386156201675471
0.3398833533195247, 0.34332872772931883
0.33974708383298813, 0.3078960547450035
0.3420909190014172, 0.33691866654448177
0.3412187942875831, 0.3364225751167095
0.3435898833533195, 0.34683598828172635
0.34031941567644175, 0.34336485056005406
0.33871143573531015, 0.3301527715771091
0.34211817289872454, 0.3530108754986009
0.34484356262945604, 0.3567367850188992
0.33974708383298813, 0.32525597703106934
0.33914749809222716, 0.32329503311760244
0.34091900141720266, 0.3414100523077709
0.3432083287910171, 0.34076946955705756
0.34399869181292925, 0.3363080609633201
0.3423089501798757, 0.34181853392111344
0.33862967404338823, 0.33112959027969446
0.34307205930448054, 0.34026914445158096
0.34211817289872454, 0.3473528383872747
0.3396925760383735, 0.32928930618080066
0.3396925760383735, 0.3529551548372021
0.34160034884988555, 0.32444515946556785
0.3419273956175733, 0.339880260668902
0.34329009048293907, 0.3405569662503505
0.3434263599694756, 0.3470196752659944
0.3376757876376322, 0.33368577562136387
0.34015589229259785, 0.3463656403458013
0.3403739234710564, 0.33866096149005787
0.34143682546604165, 0.3217229729868145
0.3404556851629783, 0.341233671831799
0.3455521639594462, 0.3494674921154581
0.3398560994222174, 0.34936950296214037
0.3410280170064319, 0.34708461441916877
0.3404556851629783, 0.32488976390964563
0.34143682546604165, 0.3429171732853844
0.3384116428649297, 0.3329606558868128
0.3441077074021585, 0.3364287207778932
0.341900141720266, 0.34096237503310123
0.3450343399106072, 0.34661733931383554
0.33811184999454924, 0.33069843800509646
0.33906573640030524, 0.363163371203808
0.3451433554998365, 0.3447574573842782
0.34508884770522186, 0.3409128000328861
0.3464787964678949, 0.34139660013829104
0.34255423525564155, 0.36080623699936587
0.3399378611141393, 0.33886424630498946
0.34151858715796357, 0.33480401281629835
0.3386569279406955, 0.35923724969916987
0.3450343399106072, 0.340145411806416
0.3411915403902758, 0.33943872905541594
0.33982884552491005, 0.33983184651579934
0.34179112613103674, 0.35187304047300283
0.33931102147607106, 0.3366969447459991
0.3446527853483048, 0.3527065286997597
0.33830262727570043, 0.316113350028591
0.34195464951488064, 0.33588305434990573
0.3346506050365202, 0.33112959027969446
0.3413278098768124, 0.3246515171110913
0.34525237108906576, 0.338000780908681
0.3410552709037392, 0.35374637457204
0.342854028126022, 0.33866096149005787
0.3347868745230568, 0.3269456241458384
0.3413005559795051, 0.3642681562292626
0.33942003706530033, 0.3480914102913057
0.3420909190014172, 0.33699091220595223
0.3394472909626077, 0.3566718458657249
0.34160034884988555, 0.3422239427038642
0.343371852174861, 0.3484864397351684
0.3420636651041099, 0.3289953387208475
0.34211817289872454, 0.355223518380102
0.3440259457102366, 0.32635461639534025
0.33925651368145643, 0.3443128529402003
0.33631309277226645, 0.33247685578140784
0.34056470075220757, 0.3613323055966897
0.3404556851629783, 0.3440384833109107
0.3410007631091246, 0.3285084657848507
0.34091900141720266, 0.34546605211875764
0.34617900359751447, 0.35868543760999877
0.3429902976125586, 0.33582733368850703
0.33890221301646134, 0.3453031238122656
0.33903848250299795, 0.3500131585434455
0.3411642864929685, 0.35938481385270266
0.34279952033140737, 0.34470480955347127
0.33991060721683203, 0.33730140466597713
0.34160034884988555, 0.3382359548766436
0.34290853592063664, 0.3474312297099289
0.34601548021367057, 0.3449007878601067
0.33914749809222716, 0.3383473961994411
0.3443802463752317, 0.3572536351244476
0.34075547803335876, 0.3340746594040429
0.3444347541698463, 0.3585182756258024
0.34168211054180747, 0.3554329488562173
0.34451651586176824, 0.3456105434416986
0.34127330208219775, 0.3348205378163701
0.33955630655183694, 0.35762292107646304
0.34468003924561214, 0.3407137488956588
0.34418946909408044, 0.3217260458174064
0.3413278098768124, 0.3287436397528133
0.342417965769105, 0.35718138946297706
0.3447890548348414, 0.3494797834378255
0.3424997274610269, 0.3258512184592718
0.338438896762237, 0.3440611539721661
0.3415730949525782, 0.35135311753686266
0.34200915730949527, 0.3422600655345994
0.3426632508448708, 0.33236234162801837
0.3430175515098659, 0.33513717593757864
0.3450070860132999, 0.3437506615121413
0.33974708383298813, 0.32079764126792365
0.3419819034121879, 0.34475438455368634
0.34162760274719284, 0.3313947414172086
0.3443802463752317, 0.3454856499494212
0.3439441840183146, 0.34244873733293874
0.3400468767033686, 0.3333814288225227
0.33925651368145643, 0.32762963623558305
0.33903848250299795, 0.3561384707601049
0.3462607652894364, 0.345110218336222
0.34440750027253897, 0.3468390611123182
0.3444620080671536, 0.33397359742013333
0.34468003924561214, 0.339880260668902
0.3407827319306661, 0.3285219179543306
0.34219993459064646, 0.3332546233467659
0.3395290526545296, 0.3237231125616086
0.3375395181510956, 0.33321850051603064
0.3423089501798757, 0.325569542321686
0.3421454267960318, 0.3473393862177948
0.337921072713398, 0.34274386564000436
0.34179112613103674, 0.3412532696624625
0.34151858715796357, 0.36041428038609497
0.3407009702387441, 0.362290687315724
0.3395017987572223, 0.3377686797713103
0.3410552709037392, 0.3519349067955853
0.34018314618990514, 0.34421793661747446
0.3373214869726371, 0.3408962750328144
0.3387931974272321, 0.3411748783398083
0.34031941567644175, 0.33975960085432877
0.33838438896762235, 0.33249645361207136
0.3448163087321487, 0.3394913768862229
0.3402649078818271, 0.33308746136256956
0.34339910607216834, 0.35124898272236127
0.34108252480104656, 0.33695786220580887
0.3400741306006759, 0.33719303617377144
0.3447890548348414, 0.3343759333722922
0.33991060721683203, 0.3443220714319759
0.34288128202332935, 0.3454629792881658
0.34345361386678297, 0.34352163320536244
0.3404556851629783, 0.3400762389755374
0.3376485337403249, 0.345407258626767
0.34560667175406085, 0.3365328555923946
0.34356262945601224, 0.3435320125442505
0.34217268069333917, 0.3357746858577001
0.33974708383298813, 0.3423188590265901
0.3438624223263927, 0.346760669789664
0.34135506377411967, 0.3315257805706697
0.3422544423852611, 0.35163479367444844
0.3442984846833097, 0.3267465730086111
0.3417366183364221, 0.34162255561447796
0.3410007631091246, 0.3515233523516509
0.34040117736836367, 0.3345100453563452
0.34435299247792434, 0.3348009399857065
0.3371307096914859, 0.33397359742013333
0.33819361168647116, 0.32869522559971065
0.3422816962825684, 0.342452971010643
0.34290853592063664, 0.34617273486975775
0.33982884552491005, 0.3354837912283387
0.3390929902976126, 0.3508662446008659
0.3419819034121879, 0.3419103774132475
0.34252698135833426, 0.3385495201672603
0.3398560994222174, 0.35272612653042323
0.34056470075220757, 0.3479572983072527
0.34034666957374904, 0.3478097341537199
0.34091900141720266, 0.33729102532708916
0.3391202441949199, 0.35511207705730446
0.3420636651041099, 0.3548377074280148
0.33614956938842255, 0.3372622090046501
0.33925651368145643, 0.3508858424315294
0.341900141720266, 0.35317380380509295
0.34143682546604165, 0.33859909516747533
0.3396108143464515, 0.35141921753714944
0.3402376539845198, 0.3458291924095894
0.34255423525564155, 0.33616664247097094
0.34200915730949527, 0.3618460828716462
0.3450070860132999, 0.3430966265919482
0.3408099858279734, 0.3200755943639644
0.34200915730949527, 0.331025455465193
0.3411915403902758, 0.34550217494949287
0.34075547803335876, 0.32469071277241834
0.3406192085468222, 0.3285311364461061
0.33890221301646134, 0.34608089137762366
0.34176387223372945, 0.3543177844918747
0.34315382099640246, 0.34699277092703473
0.3382208655837785, 0.34206101439737213
0.33942003706530033, 0.32704054046856434
0.345361386678295, 0.3411779511704002
0.34680584323558267, 0.3518534426423393
0.3375122642537883, 0.3444500377548452
0.3426087430502562, 0.3457023869338326
0.3435081216613976, 0.34581266740951777
0.3393382753733784, 0.34368148868126264
0.33718521748610053, 0.3316464403852428
0.3443802463752317, 0.3447997258761971
0.3396925760383735, 0.34118102400099204
0.34110977869835385, 0.35613539792951304
0.33830262727570043, 0.34477705521494173
0.3427722664341001, 0.3437506615121413
0.341818380028344, 0.3280081406793741
0.3382753733783931, 0.31913373764500175
0.3420636651041099, 0.35510285856552887
0.33922925978414914, 0.33317315919351986
0.34397143791562196, 0.3579272678753042
0.3465060503652022, 0.34154416429182377
0.3442167229913878, 0.3647880791654028
0.3426632508448708, 0.3305643260210436
0.34451651586176824, 0.33184241869187825
0.3446527853483048, 0.33678455456042883
0.3387931974272321, 0.32831556030880715
0.3378393110214761, 0.3259853304433248
0.3407827319306661, 0.3383051277075222
0.34091900141720266, 0.32329503311760244
0.34440750027253897, 0.3406188325729329
0.34031941567644175, 0.3436361473587518
0.3387931974272321, 0.3375365786339397
0.3371579635887932, 0.30844172117299096
0.34579744903521203, 0.3392923257489956
0.34416221519677315, 0.3425963014864715
0.34307205930448054, 0.3406972238955871
0.34217268069333917, 0.33103160112637675
0.3377030415349395, 0.3379523667555784
0.34585195682982667, 0.34121407400113546
0.34124604818489046, 0.3422631383651913
0.33762127984301754, 0.3528375678532208
0.34356262945601224, 0.35103340658506227
0.3397743377302954, 0.3425797764863998
0.3387931974272321, 0.33707544918979016
0.33980159162760276, 0.34276960913185156
0.3451978632944511, 0.35626950991356604
0.3429902976125586, 0.33705277852853477
0.338438896762237, 0.32124224571200144
0.3388204513245394, 0.32603067176583556
0.33982884552491005, 0.33144008273971937
0.3411370325956612, 0.3454372357963186
0.3422271884879538, 0.3449007878601067
0.34018314618990514, 0.34360002452801663
0.3477324757440314, 0.3525693438851149
0.3394472909626077, 0.34617580770034956
0.3391202441949199, 0.33751083514209246
0.34691485882481193, 0.35221965576376296
0.3422544423852611, 0.33194040784519596
0.3377302954322468, 0.3269002828233276
0.3426632508448708, 0.35303354615985627
0.33838438896762235, 0.3285807114463213
0.34160034884988555, 0.34305435810002916
0.3416548566445002, 0.3312018359411649
0.34560667175406085, 0.34094585003302946
0.33996511501144666, 0.339449108394304
0.3408099858279734, 0.3433060570680634
0.33658563174533956, 0.34391358981863335
0.3403739234710564, 0.3521278122716289
0.341900141720266, 0.3450214476746798
0.3442712307860024, 0.34681331762047096
0.34075547803335876, 0.3323170003055076
0.33658563174533956, 0.36471276067334046
0.3386024201460809, 0.329672044302296
0.3426359969475635, 0.3345327160176006
0.3389839747083833, 0.3476498786778197
0.3438896762237, 0.35415178335479075
0.3393655292706857, 0.34538458796551164
0.3427722664341001, 0.35587755330029514
0.34269050474217816, 0.3524652090706135
0.3437534067371634, 0.33867441365953777
0.33999236890875395, 0.34742508404874517
0.3406464624441295, 0.3363956707777498
0.3455521639594462, 0.3401742281288551
0.337921072713398, 0.3281918276636422
0.3411642864929685, 0.3168653741021018
0.340428431265671, 0.33023423573035515
0.34255423525564155, 0.3319569328452676
0.33887495911915405, 0.34365881802000725
0.34127330208219775, 0.34102424135568365
0.33707620189687126, 0.3465028251604461
0.3441077074021585, 0.3373271481578244
0.33947454485991496, 0.33499384546175015
0.34380791453177806, 0.3410499848475309
0.3445437697590755, 0.3467410719590005
0.34168211054180747, 0.3457734717481907
0.34034666957374904, 0.3517689056585014
0.33813910389185653, 0.32997946393172906
0.3401286383952905, 0.34819247227521527
0.3440531996075439, 0.35700500898700516
0.3394472909626077, 0.347417777540449
0.3415458410552709, 0.32150739684951557
0.3366128856426469, 0.33583347934969066
0.3389294669137687, 0.33721263400443496
0.34315382099640246, 0.33622543596296156
0.3393655292706857, 0.34669880346708154
0.34067371634143684, 0.3444500377548452
0.3419273956175733, 0.3420598535502597
0.34271775863948545, 0.34278613413192327
0.3391202441949199, 0.34792117547651746
0.3417093644391148, 0.3484307190737696
0.3471873977978851, 0.3566583936962451
0.34127330208219775, 0.3548480867669028
0.3416548566445002, 0.3342118442186877
0.3448163087321487, 0.35362878758805877
0.3424724735637196, 0.33246340361192794
0.3382481194810858, 0.3212576098649607
0.34018314618990514, 0.33181360236943913
0.33982884552491005, 0.34074987172639404
0.33890221301646134, 0.3423023340265184
0.3419273956175733, 0.3512685805530248
0.3419819034121879, 0.3307149630051682
0.3482230458955631, 0.3479377004765892
0.338956720811076, 0.3397369301930734
0.348304807587485, 0.3434855103746272
0.3417093644391148, 0.3303652748838163
0.3416548566445002, 0.3425932286558797
0.33862967404338823, 0.3259914761045084
0.34127330208219775, 0.34251176450263365
0.34075547803335876, 0.33964815953153127
0.3365583778480323, 0.32500735089362687
0.34146407936334894, 0.32160845883342515
0.3444347541698463, 0.3456001641028106
0.34127330208219775, 0.3412367446623908
0.33903848250299795, 0.34492038569077027
0.34288128202332935, 0.3430605037612129
0.3393382753733784, 0.36241134713029716
0.33797558050801263, 0.33583347934969066
0.3425814891529489, 0.36299313638901975
0.34236345797449036, 0.3425705579946243
0.34620625749482176, 0.350248332511408
0.3386841818380028, 0.3353074107523668
0.34307205930448054, 0.3497810574060748
0.3398833533195247, 0.344064226802758
0.337485010356481, 0.33573549019637294
0.33830262727570043, 0.3384619103528306
0.34492532432137796, 0.3481171537831529
0.34307205930448054, 0.33827207770737877
0.3424724735637196, 0.3387724028128555
0.34203641120680256, 0.34154416429182377
0.340428431265671, 0.34947056494604994
0.33546822195573966, 0.3364183414390052
0.3394472909626077, 0.3311626402798379
0.3400468767033686, 0.34193919373568654
0.3415730949525782, 0.33222208398278175
0.3402104000872125, 0.3574949547535938
0.34345361386678297, 0.35698541115634164
0.3387659435299248, 0.35141921753714944
0.3381663577891639, 0.3308717456504766
0.3397198299356808, 0.33133287509462606
0.3402376539845198, 0.3328884102253422
0.34211817289872454, 0.3670037948774958
0.34290853592063664, 0.34195571873575825
0.3415458410552709, 0.3481863266140316
0.34187288782295866, 0.34938910079280394
0.33906573640030524, 0.34022994879025387
0.34083723972528074, 0.33321850051603064
0.34083723972528074, 0.32229438290664914
0.3408099858279734, 0.32952140731817137
0.337403248664559, 0.33112959027969446
0.34108252480104656, 0.33867441365953777
0.3411642864929685, 0.3390602246116249
0.33852065845415896, 0.3318032230305511
0.34356262945601224, 0.35855439845653764
0.34160034884988555, 0.3380926244008151
0.3448163087321487, 0.3471434079111594
0.3381663577891639, 0.33771295910991156
0.3411642864929685, 0.34124712400127877
0.3452251171917584, 0.35345855277327054
0.3339147498092227, 0.3359706641643355
0.3413278098768124, 0.3573938927696842
0.3413005559795051, 0.3466626806363463
0.33996511501144666, 0.32924703768888175
0.3420636651041099, 0.3229122949961071
0.34288128202332935, 0.33644524577796486
0.3411915403902758, 0.34981718023681
0.34601548021367057, 0.34968921391394076
0.33852065845415896, 0.33063349885192217
0.3393382753733784, 0.33711464485111725
0.34091900141720266, 0.33788626675529165
0.3421454267960318, 0.35294170266772223
0.34307205930448054, 0.3574722840923384
0.3405374468549002, 0.33881774413536625
0.3404556851629783, 0.3557795641469774
0.3409735092118173, 0.3209348260825684
0.33999236890875395, 0.33023423573035515
0.3426087430502562, 0.3400039933140669
0.33835713507031506, 0.3398410650075748
0.3371579635887932, 0.312943486275168
0.3413278098768124, 0.33854337450607663
0.34367164504524145, 0.3420444893973005
0.34160034884988555, 0.35781582655250666
0.34184563392565137, 0.33940683990238496
0.34018314618990514, 0.35061761846342354
0.33963806824375886, 0.3345100453563452
0.3391202441949199, 0.35010500203557954
0.3419273956175733, 0.33633380445516725
0.33931102147607106, 0.3467906469592156
0.34162760274719284, 0.3439858354801038
0.34124604818489046, 0.3565573317123355
0.3433445982775537, 0.33679800672990867
0.3398833533195247, 0.3463687131763932
0.34675133544096803, 0.3448193237068607
0.3395017987572223, 0.3353662042443575
0.3382208655837785, 0.3298710954395233
0.3410007631091246, 0.31936583878237246
0.3393655292706857, 0.3276553797274303
0.3405374468549002, 0.34863707671929306
0.34094625531450995, 0.3507847804476199
0.34290853592063664, 0.33885079413550956
0.3435353755587049, 0.34206716005855586
0.34380791453177806, 0.3260141467657638
0.34203641120680256, 0.33135554575588144
0.3438624223263927, 0.3567729078496345
0.3429902976125586, 0.3516832078275511
0.341900141720266, 0.3417174719372039
0.3415458410552709, 0.3425571058251444
0.34367164504524145, 0.3419753165664218
0.337403248664559, 0.3320941176599125
0.3350866673934373, 0.3293780768423429
0.3400741306006759, 0.34504104550534337
0.34056470075220757, 0.3556485249935163
0.33702169410225663, 0.33453578884819246
0.3419273956175733, 0.34716607857241477
0.341900141720266, 0.35103955224624594
0.34312656709909517, 0.3433844483907176
0.3414095715687343, 0.3408313358796401
0.3381663577891639, 0.3384546038445344
0.3437806606344707, 0.3303218455447849
0.3459064646244413, 0.34486773785996333
