ATE real, ATE estimado
0.3482782853127196, 0.36838158301504825
0.33801827125790584, 0.36809437857135735
0.34139142656359805, 0.38252241291622213
0.3418130709768096, 0.3338193204822642
0.34251581166549544, 0.29475552718968456
0.34406184118060434, 0.3036209699133401
0.3388615600843289, 0.3358357350140112
0.3375966268446943, 0.3260089551941123
0.34462403373155304, 0.32792564596068896
0.3352073085031623, 0.372358566770047
0.34504567814476456, 0.31949100990256984
0.33914265635980323, 0.35630104610229657
0.33787772312016867, 0.33391904424743457
0.34982431482782855, 0.3281131266392094
0.3467322557976107, 0.3616701736190751
0.3382993675333802, 0.3285000548480709
0.34307800421644413, 0.318960479471863
0.3364722417427969, 0.3206398276773338
0.33703443429374563, 0.34963949858890875
0.3363316936050597, 0.3046760473488438
0.33295853829936756, 0.32418600476679604
0.34588896697118765, 0.3310410163846146
0.34349964862965565, 0.3401996469778713
0.34743499648629655, 0.36881238968058483
0.3482782853127196, 0.36818811891061753
0.33998594518622627, 0.35592010131934537
0.346170063246662, 0.355245968666793
0.33689388615600846, 0.3278319056214286
0.33619114546732254, 0.35587023943676016
0.34799718903724525, 0.3586046650777347
0.3442023893183415, 0.372027483869681
0.3411103302881237, 0.3016544172641782
0.3436401967673928, 0.33487439791776774
0.33787772312016867, 0.33852029877240053
0.34912157413914263, 0.3872672696630334
0.34518622628250173, 0.35563289687565447
0.33309908643710473, 0.35400341055276885
0.34645115952213634, 0.31603857315236794
0.34054813773717496, 0.3135913519550845
0.3411103302881237, 0.3480100122660231
0.34307800421644413, 0.36986746711608837
0.34349964862965565, 0.39675698315665603
0.3442023893183415, 0.35280473089541975
0.3382993675333802, 0.34403302851102446
0.3402670414617006, 0.33995632099085527
0.3481377371749824, 0.38329028590803477
0.33211524947294446, 0.3127796005065967
0.3442023893183415, 0.3196844740070006
0.33211524947294446, 0.34317141517995153
0.332536893886156, 0.3258653529722668
0.33745607870695715, 0.3022786880341455
0.33689388615600846, 0.3294115300617291
0.3420941672522839, 0.35414701277461436
0.3436401967673928, 0.3479601503834379
0.3447645818692902, 0.3869800652193425
0.3412508784258609, 0.3620511184020264
0.3433591004919185, 0.3146962912731732
0.33956430077301475, 0.2988761131665286
0.3235418130709768, 0.32701417074703076
0.33900210822206606, 0.29796463795287065
0.3343640196767393, 0.30687994255911133
0.3408292340126493, 0.38549418111830236
0.3328179901616304, 0.3319026297156875
0.33914265635980323, 0.34120486253078974
0.3408292340126493, 0.34417663073286997
0.33394237526352777, 0.3288869830569323
0.35080815179198876, 0.3477726697049174
0.3478566408995081, 0.3658904833610898
0.3496837666900914, 0.3726956330963232
0.3432185523541813, 0.33684095056692964
0.34054813773717496, 0.3295052704009892
0.3404075895994378, 0.3157513687086769
0.3359100491918482, 0.3508880401288431
0.33703443429374563, 0.35289847123467993
0.3505270555165144, 0.38693020333675715
0.33787772312016867, 0.3493961726018927
0.3427969079409698, 0.3286436570699164
0.33562895291637385, 0.3102386389700529
0.34068868587491213, 0.38161093770256393
0.32761770906535487, 0.3448946418420974
0.33619114546732254, 0.3209270321210248
0.33843991567111736, 0.36804451668877214
0.3398453970484891, 0.36809437857135735
0.3332396345748419, 0.31512709793870974
0.335769501054111, 0.32725151330813645
0.3457484188334505, 0.34360222184548805
0.33843991567111736, 0.3473857414960559
0.34237526352775827, 0.34014978509528604
0.34293745607870696, 0.35424075311387454
0.3408292340126493, 0.28497860925237084
0.3308503162333099, 0.38338402624729495
0.34687280393534786, 0.37010480967719417
0.33745607870695715, 0.33803963022427874
0.3486999297259311, 0.32725151330813645
0.34701335207308504, 0.3355924090269952
0.34012649332396344, 0.3463805259431375
0.34687280393534786, 0.3350180001396133
0.3467322557976107, 0.33152168493273637
0.34631061138439917, 0.3764352742902161
0.3418130709768096, 0.376722478733907
0.33900210822206606, 0.33578587313142594
0.34054813773717496, 0.3142654846076368
0.3416725228390724, 0.32337425331830827
0.33745607870695715, 0.3242358666493812
0.3333801827125791, 0.30127347248122693
0.34068868587491213, 0.34949589636706324
0.3422347153900211, 0.36795077634951184
0.34068868587491213, 0.32946139194431423
0.33914265635980323, 0.3289308615136073
0.3402670414617006, 0.35481516200125646
0.3404075895994378, 0.32083329178176445
0.3447645818692902, 0.35366634422649257
0.3420941672522839, 0.3573561235378003
0.35193253689388615, 0.31695004836602614
0.326914968376669, 0.36306231738085504
0.34631061138439917, 0.32873739740917657
0.334926212227688, 0.3599469469569293
0.3418130709768096, 0.3262462977552181
0.3347856640899508, 0.37792115839125623
0.3472944483485594, 0.4356332957707151
0.33843991567111736, 0.3016105388075032
0.3443429374560787, 0.35241780268655826
0.3392832044975404, 0.3188168772500175
0.33703443429374563, 0.3245729329756575
0.33295853829936756, 0.3011797321419668
0.3475755446240337, 0.3560637035411909
0.3416725228390724, 0.3589856098606859
0.33562895291637385, 0.36958026267239746
0.3551651440618412, 0.38319654556877447
0.34406184118060434, 0.360471493961726
0.3443429374560787, 0.3513627252510546
0.3436401967673928, 0.4009772928986707
0.3411103302881237, 0.3448447799595122
0.33787772312016867, 0.34172940953558645
0.3398453970484891, 0.37101628489085237
0.33619114546732254, 0.3132104071721331
0.33914265635980323, 0.3605213558443113
0.33506676036542515, 0.3446074373984064
0.3343640196767393, 0.3600406872961896
0.3398453970484891, 0.34335889585847207
0.3338018271257906, 0.32356173399682875
0.338158819395643, 0.31258613640216604
0.34307800421644413, 0.377296887621289
0.33801827125790584, 0.3191040816937084
0.33464511595221363, 0.31167466118850784
0.34392129304286717, 0.3028590803474377
0.33070976809557273, 0.3269204304077704
0.33843991567111736, 0.33109087826719985
0.3465917076598735, 0.3597534828524986
0.3387210119465917, 0.2902978748865642
0.3332396345748419, 0.2625906239715987
0.3363316936050597, 0.3173309931489774
0.3354884047786367, 0.3560637035411909
0.33843991567111736, 0.35678171465041836
0.3449051300070274, 0.3129232027284422
0.3326774420238932, 0.32265025878317055
0.34855938158819394, 0.36637115190921143
0.3338018271257906, 0.3479601503834379
0.3343640196767393, 0.33847043688981515
0.3397048489107519, 0.35218046012545245
0.3397048489107519, 0.32231917588280456
0.34054813773717496, 0.34935229414521773
0.33998594518622627, 0.36953040078981225
0.34406184118060434, 0.3486342830359903
0.3505270555165144, 0.34101139842635897
0.33914265635980323, 0.3457562551731704
0.34855938158819394, 0.3455189126120646
0.34068868587491213, 0.30544392034065637
0.3416725228390724, 0.3532853994435414
0.3457484188334505, 0.3142654846076368
0.34012649332396344, 0.31872313691075715
0.3394237526352776, 0.326533502198909
0.35193253689388615, 0.4216360680913869
0.34462403373155304, 0.3183362087018957
0.33843991567111736, 0.3237551981012595
0.3312719606465214, 0.3606150961835715
0.33464511595221363, 0.3222693140002194
0.34462403373155304, 0.3237551981012595
0.3420941672522839, 0.3203526232336428
0.34504567814476456, 0.35495876422310196
0.3375966268446943, 0.30247215213857614
0.33562895291637385, 0.3622007040497821
0.34153197470133523, 0.31464642939058807
0.34237526352775827, 0.34297795107552087
0.33998594518622627, 0.34086779620451346
0.34307800421644413, 0.3153205620431405
0.33155305692199577, 0.35318567567837095
0.34307800421644413, 0.33200235348085805
0.3472944483485594, 0.306786202219851
0.33155305692199577, 0.3449883821813577
0.34054813773717496, 0.3497831008107542
0.3432185523541813, 0.3616701736190751
0.34378074490513, 0.3391445695423676
0.335769501054111, 0.3323832982638093
0.34546732255797613, 0.3235178555401538
0.33801827125790584, 0.32749483929515244
0.33843991567111736, 0.3294115300617291
0.3422347153900211, 0.31953488835924493
0.334926212227688, 0.3569751787548491
0.3347856640899508, 0.33578587313142594
0.3506676036542516, 0.3614767095146444
0.334926212227688, 0.3088963570908583
0.33843991567111736, 0.2682968178146534
0.34645115952213634, 0.35098178046810335
0.329304286718201, 0.3078412796553547
0.3495432185523542, 0.31148718050998736
0.33801827125790584, 0.30112987025938154
0.335769501054111, 0.31407202050320615
0.3354884047786367, 0.3344934531348166
0.3347856640899508, 0.30184788136860896
0.3364722417427969, 0.32821285040437986
0.3442023893183415, 0.32730137519072167
0.3347856640899508, 0.3463805259431375
0.3318341531974701, 0.29883223470985376
0.3465917076598735, 0.321595181347667
0.3338018271257906, 0.3245230710930721
0.33914265635980323, 0.30535018000139613
0.33394237526352777, 0.3133540093939786
0.3412508784258609, 0.3796942469359873
0.3495432185523542, 0.31589497093052243
0.34518622628250173, 0.3630124554982698
0.34701335207308504, 0.33592947535327145
0.34195361911454675, 0.3414422050918954
0.3422347153900211, 0.34364610030216297
0.33745607870695715, 0.3637304666074972
0.3354884047786367, 0.3636865881508222
0.329304286718201, 0.30817834598163085
0.3375966268446943, 0.3337255801430039
0.33211524947294446, 0.3228935847701866
0.3418130709768096, 0.35337913978280167
0.3359100491918482, 0.31119399264038616
0.33675333801827123, 0.334924259800353
0.3408292340126493, 0.3420664758618627
0.33900210822206606, 0.33684095056692964
0.34631061138439917, 0.3215014410084067
0.3416725228390724, 0.3712097489952831
0.3427969079409698, 0.338376696550555
0.3486999297259311, 0.3712097489952831
0.34307800421644413, 0.3341563868085403
0.3398453970484891, 0.3673763674621299
0.3560084328882642, 0.34201661397927746
0.3412508784258609, 0.36449833959930994
0.3546029515108925, 0.3344934531348166
0.34687280393534786, 0.3564446483241421
0.33900210822206606, 0.34331501740179693
0.34841883345045677, 0.3637803284900825
0.34251581166549544, 0.3275885796344127
0.33562895291637385, 0.30760393709424894
0.3436401967673928, 0.37283923531816865
0.3308503162333099, 0.3338193204822642
0.3375966268446943, 0.3356921327921657
0.3475755446240337, 0.32883712117434716
0.35038650737877725, 0.3257716126330066
0.3422347153900211, 0.3301295411709565
0.3398453970484891, 0.35985320661766906
0.35586788475052705, 0.3294115300617291
0.33956430077301475, 0.35146244901622503
0.335769501054111, 0.321595181347667
0.3402670414617006, 0.3472920011567957
0.33843991567111736, 0.32308704887461737
0.34687280393534786, 0.3435523599629028
0.33858046380885454, 0.323037186992032
0.3338018271257906, 0.3386639009942459
0.3354884047786367, 0.34374582406733356
0.3412508784258609, 0.35131884679437964
0.3347856640899508, 0.3458061170557556
0.33956430077301475, 0.35146244901622503
0.3471539002108222, 0.30956450631750054
0.3457484188334505, 0.315508042721661
0.335769501054111, 0.2888119907855241
0.3408292340126493, 0.3655035551522283
0.34687280393534786, 0.35941641652622236
0.3416725228390724, 0.3516559131206558
0.3436401967673928, 0.34441397329397566
0.33408292340126494, 0.30275935658226705
0.3520730850316233, 0.3434087577410573
0.3555867884750527, 0.3436959621847483
0.3475755446240337, 0.33698455278877504
0.3398453970484891, 0.3359793372358567
0.33843991567111736, 0.3711160086560228
0.33956430077301475, 0.31872313691075715
0.326914968376669, 0.38180440180699465
0.34068868587491213, 0.33003580083169626
0.3382993675333802, 0.3595161402913929
0.33689388615600846, 0.3354986686877349
0.3501054111033029, 0.33679108868434443
0.3375966268446943, 0.3057311247843473
0.34068868587491213, 0.32356173399682875
0.34153197470133523, 0.32389880032310503
0.3432185523541813, 0.3533352613261266
0.3394237526352776, 0.29432472052414815
0.3353478566408995, 0.36938679856796675
0.335769501054111, 0.3528486093520947
0.3336612789880534, 0.3470486751697797
0.33309908643710473, 0.3332947734774675
0.33000702740688687, 0.2953299360770665
0.33858046380885454, 0.33468691723924726
0.3388615600843289, 0.35241780268655826
0.33843991567111736, 0.27884160874377983
0.34940267041461703, 0.35467155977941106
0.33562895291637385, 0.30429510256589243
0.34855938158819394, 0.34815361448786863
0.3512297962052003, 0.3429280891929355
0.3332396345748419, 0.35587023943676016
0.3318341531974701, 0.3197283524636757
0.3420941672522839, 0.3584610628558892
0.3392832044975404, 0.30535018000139613
0.33843991567111736, 0.32418600476679604
0.3436401967673928, 0.3455129291861544
0.35235418130709767, 0.357549587642231
0.3388615600843289, 0.3346370553566621
0.3472944483485594, 0.37130348933454327
0.335769501054111, 0.3020413454730396
0.3467322557976107, 0.31738085503156255
0.33801827125790584, 0.36766357190582094
0.3456078706957133, 0.35563289687565447
0.33155305692199577, 0.3466677303868285
0.3392832044975404, 0.32313092733129234
0.34012649332396344, 0.32265025878317055
0.3291637385804638, 0.3257217507504213
0.34898102600140546, 0.38664299889306625
0.33998594518622627, 0.3527050071302492
0.3354884047786367, 0.2973902290654885
0.33858046380885454, 0.30937702563898006
0.3314125087842586, 0.3275447011777377
0.34462403373155304, 0.3332947734774675
0.33787772312016867, 0.323611595879414
0.32817990161630356, 0.3029528206866978
0.34855938158819394, 0.3359793372358567
0.35347856640899505, 0.3575934660989061
0.3377371749824315, 0.37115988711269776
0.34153197470133523, 0.37183401976525027
0.335769501054111, 0.36914945600686105
0.3447645818692902, 0.35956001874806787
0.3436401967673928, 0.3332947734774675
0.3404075895994378, 0.37063534010790117
0.34139142656359805, 0.360471493961726
0.33352073085031625, 0.30712326854612726
0.34349964862965565, 0.37446872164105427
0.3422347153900211, 0.31857953468891165
0.3412508784258609, 0.3502139074762907
0.33914265635980323, 0.37303269942259937
0.34153197470133523, 0.3340127845866948
0.3418130709768096, 0.3334383756993129
0.3426563598032326, 0.3289308615136073
0.3280393534785664, 0.332046231937533
0.3388615600843289, 0.3415419288570659
0.33956430077301475, 0.34335889585847207
0.33745607870695715, 0.3343498509129711
0.34195361911454675, 0.3761480698465251
0.3443429374560787, 0.3598970850743441
0.3377371749824315, 0.3422100780837082
0.3456078706957133, 0.3379458898850185
0.34701335207308504, 0.3422100780837082
0.3418130709768096, 0.33803963022427874
0.34532677442023896, 0.3318088893764274
0.32775825720309204, 0.3359793372358567
0.3336612789880534, 0.3611456266142784
0.3404075895994378, 0.3561574438804512
0.346170063246662, 0.31138745674481694
0.3443429374560787, 0.35237392422988323
0.3409697821503865, 0.34086779620451346
0.34139142656359805, 0.35299221157394023
0.346170063246662, 0.33895110543793694
0.3375966268446943, 0.31330414751139346
0.3457484188334505, 0.3619573780627661
0.33787772312016867, 0.30410163846146177
0.335769501054111, 0.3251473418630394
0.34448348559381586, 0.3608584221705875
0.33211524947294446, 0.32806924818253436
0.32663387210119466, 0.3449883821813577
0.3492621222768798, 0.32869351895250165
0.3308503162333099, 0.32418600476679604
0.3506676036542516, 0.32869351895250165
0.3359100491918482, 0.35826759875145847
0.34799718903724525, 0.3648852678081713
0.3486999297259311, 0.3043389810225675
0.34518622628250173, 0.3548650238838418
0.34054813773717496, 0.3377025638980025
0.3422347153900211, 0.3246666733149177
0.33731553056922, 0.3197283524636757
0.34855938158819394, 0.3117743849536784
0.33998594518622627, 0.3252909440848848
0.3478566408995081, 0.3804122580452147
0.3402670414617006, 0.3747120476280702
0.3388615600843289, 0.33363183980374356
0.34054813773717496, 0.3364101439013931
0.34293745607870696, 0.314889755377604
0.3404075895994378, 0.33798976834169353
0.3443429374560787, 0.3329577071511912
0.35530569219957836, 0.34815361448786863
0.351791988756149, 0.3620072399453514
0.3427969079409698, 0.38257227479880734
0.34378074490513, 0.2997875883801868
0.3332396345748419, 0.3270640326296159
0.3302881236823612, 0.35174965345991605
0.3472944483485594, 0.3598970850743441
0.35235418130709767, 0.38635579444937523
0.3388615600843289, 0.35913519550844153
0.35080815179198876, 0.3761919483032002
0.34518622628250173, 0.3323832982638093
0.335769501054111, 0.34163566919632615
0.33858046380885454, 0.32946139194431423
0.34982431482782855, 0.3586984054169949
0.3387210119465917, 0.3458061170557556
0.3377371749824315, 0.35917907396511667
0.35137034434293746, 0.3593725380695474
0.34687280393534786, 0.36598422370035005
0.34448348559381586, 0.3649790081474316
0.34293745607870696, 0.337846166119848
0.34195361911454675, 0.31738085503156255
0.3432185523541813, 0.31407202050320615
0.34349964862965565, 0.3341065249259551
0.3420941672522839, 0.3314219611675659
0.3477160927617709, 0.38031851770595454
0.34841883345045677, 0.3376586854413275
0.3449051300070274, 0.3639239307119279
0.3402670414617006, 0.3333885138167276
0.33605059732958537, 0.33051646937981793
0.3397048489107519, 0.280995642071462
0.34293745607870696, 0.3432651555192118
0.3412508784258609, 0.31033237930931323
0.3418130709768096, 0.3174745953708229
0.3382993675333802, 0.34599359773427607
0.3420941672522839, 0.36727664369695945
0.33689388615600846, 0.3616262951624002
0.3477160927617709, 0.30937702563898006
0.3394237526352776, 0.30486951145327446
0.33731553056922, 0.3502139074762907
0.34448348559381586, 0.35744986387706057
0.3495432185523542, 0.38491977223092033
0.3364722417427969, 0.3427844869710901
0.33689388615600846, 0.3799315894970931
0.34588896697118765, 0.36291871515900953
0.3449051300070274, 0.34508810594652817
0.34504567814476456, 0.35443421721830526
0.34631061138439917, 0.3633993837071312
0.3398453970484891, 0.2999311906020323
0.3482782853127196, 0.3649790081474316
0.3354884047786367, 0.3343498509129711
0.3309908643710471, 0.3478664100441776
0.3363316936050597, 0.3055875225625019
0.34251581166549544, 0.35251752645172874
0.35347856640899505, 0.35289847123467993
0.34687280393534786, 0.3455627910687396
0.34855938158819394, 0.31527070016055536
0.3420941672522839, 0.3352613261266292
0.3471539002108222, 0.3157513687086769
0.34855938158819394, 0.3491089681582018
0.34518622628250173, 0.35098178046810335
0.34841883345045677, 0.3200155569073666
0.33787772312016867, 0.38295321958175854
0.3394237526352776, 0.35280473089541975
0.33605059732958537, 0.3279755078432741
0.3478566408995081, 0.30664259999800547
0.3402670414617006, 0.33755896167615707
0.3482782853127196, 0.32011528067253714
0.3456078706957133, 0.3188168772500175
0.34532677442023896, 0.32912432561803806
0.34068868587491213, 0.36751996968397543
0.3397048489107519, 0.3343498509129711
0.3481377371749824, 0.3318527678331023
0.33843991567111736, 0.3354986686877349
0.3581166549543219, 0.3093271637563948
0.3298664792691497, 0.306786202219851
0.3338018271257906, 0.2817635150632747
0.34307800421644413, 0.33003580083169626
0.33113141250878425, 0.3204962254554883
0.3353478566408995, 0.33813337056353904
0.33914265635980323, 0.3661278259221955
0.33858046380885454, 0.33938191210347335
0.34631061138439917, 0.35438435533572005
0.3398453970484891, 0.3574059854203855
0.33703443429374563, 0.34192287364001717
0.3342234715390021, 0.3216450432302522
0.33998594518622627, 0.35361648234390736
0.34855938158819394, 0.35261126679098903
0.3465917076598735, 0.3312783589457204
0.3418130709768096, 0.32643976185964885
0.3460295151089248, 0.3218385073346829
0.3353478566408995, 0.3738444508710871
0.3442023893183415, 0.3455189126120646
0.33914265635980323, 0.3587482672995802
0.335769501054111, 0.34043698953897705
0.33801827125790584, 0.34345263619773225
0.34855938158819394, 0.3161323134916282
0.34841883345045677, 0.3773906279605493
0.3408292340126493, 0.3510316423506886
0.34532677442023896, 0.3483470785922994
0.33689388615600846, 0.3111501141837111
0.3394237526352776, 0.3616262951624002
0.34687280393534786, 0.35821773686887326
0.3449051300070274, 0.3661776878047808
0.3394237526352776, 0.3441267688502847
0.34378074490513, 0.3563509079848819
0.3499648629655657, 0.3578866539685073
0.34504567814476456, 0.31301694306770256
0.3422347153900211, 0.3435024980803176
0.3323963457484188, 0.31920380545887894
0.35080815179198876, 0.38530670043978177
0.3352073085031623, 0.3213578387865612
0.3449051300070274, 0.3761480698465251
0.3460295151089248, 0.3639239307119279
0.3481377371749824, 0.35572663721491465
0.3460295151089248, 0.361333107292799
0.3371749824314828, 0.3499267030325997
0.3482782853127196, 0.3492585538059575
0.33956430077301475, 0.35481516200125646
0.3472944483485594, 0.34312155329736627
0.3471539002108222, 0.3060183292280384
0.33450456781447646, 0.35289847123467993
0.33619114546732254, 0.35701905721152405
0.34153197470133523, 0.30683606410243625
0.3478566408995081, 0.3459497192776011
0.3402670414617006, 0.30415150034404703
0.33450456781447646, 0.3212142365647158
0.3382993675333802, 0.3598970850743441
0.34448348559381586, 0.3627252510545788
0.33787772312016867, 0.347098537052365
0.3397048489107519, 0.36531607447370784
0.34799718903724525, 0.35515222832753274
0.3456078706957133, 0.35160605123807054
0.3416725228390724, 0.32389880032310503
0.34237526352775827, 0.307647815550924
0.334926212227688, 0.3808929265933365
0.3427969079409698, 0.34014978509528604
0.3270555165144062, 0.27500822721062657
0.34153197470133523, 0.3159887112697828
0.33787772312016867, 0.4126709016025609
0.3411103302881237, 0.32097689400360996
0.33956430077301475, 0.29264537231867727
0.3294448348559382, 0.3512689849117943
0.3447645818692902, 0.2974400909480739
0.3364722417427969, 0.3614328310579694
0.33155305692199577, 0.33981271876900987
0.35235418130709767, 0.3266332259640795
0.33787772312016867, 0.3483470785922994
0.3375966268446943, 0.3958953698255832
0.3354884047786367, 0.3362665416795477
0.35038650737877725, 0.3411550006482045
0.3412508784258609, 0.3143093630643119
0.34293745607870696, 0.35380994644833813
0.3502459592410401, 0.36828784267578807
0.34406184118060434, 0.3221257117783739
0.346170063246662, 0.32193224767394324
0.33689388615600846, 0.3452755866250486
0.3456078706957133, 0.2994066435972357
0.33900210822206606, 0.3639239307119279
0.34898102600140546, 0.346524128164983
0.3427969079409698, 0.29479940564635965
0.33619114546732254, 0.3179552639189446
0.3314125087842586, 0.32725151330813645
0.3408292340126493, 0.3308974141627692
0.3382993675333802, 0.34240354218813895
0.34307800421644413, 0.32672696630333975
0.33787772312016867, 0.34172940953558645
0.3354884047786367, 0.35198699602102174
0.3371749824314828, 0.3750929924110215
0.3475755446240337, 0.3572623831985401
0.35249472944483484, 0.3145526890513278
0.3512297962052003, 0.34029338731713155
0.3426563598032326, 0.328262712286965
0.3447645818692902, 0.3600406872961896
0.33858046380885454, 0.3519431175643468
0.34293745607870696, 0.3476729459397469
0.34701335207308504, 0.36823798079320286
0.3447645818692902, 0.3414422050918954
0.346170063246662, 0.33775242578058784
0.33619114546732254, 0.346524128164983
0.3471539002108222, 0.33109087826719985
0.32508784258608575, 0.338089492106864
0.33858046380885454, 0.3634931240463915
0.34139142656359805, 0.38511323633535105
0.34462403373155304, 0.30324002513038883
0.33787772312016867, 0.32989219860985064
0.3294448348559382, 0.34163566919632615
0.3418130709768096, 0.3219821095565285
0.33113141250878425, 0.29375031163676624
0.34307800421644413, 0.36981760523350315
0.33408292340126494, 0.3288869830569323
0.3471539002108222, 0.3373216191150513
0.3447645818692902, 0.35318567567837095
0.34293745607870696, 0.3634931240463915
0.34237526352775827, 0.35543943277122375
0.34898102600140546, 0.36809437857135735
0.3477160927617709, 0.3790699761660201
0.3502459592410401, 0.3596597425132383
0.33914265635980323, 0.3622944443890424
0.33914265635980323, 0.31680644614418063
0.3449051300070274, 0.3577370683207515
0.346170063246662, 0.3501201671370304
0.3397048489107519, 0.3900954356432681
0.33843991567111736, 0.29782103573102514
0.334926212227688, 0.33137808271089086
0.3394237526352776, 0.3471922773916252
0.3333801827125791, 0.34134846475263525
0.3394237526352776, 0.3524676645691435
0.3460295151089248, 0.374949390189176
0.34645115952213634, 0.31153105896666244
0.33998594518622627, 0.34254116098407417
0.33450456781447646, 0.3106694456355894
0.34448348559381586, 0.3094707659782402
0.34153197470133523, 0.3091396830778742
0.34153197470133523, 0.35395354867018364
0.33731553056922, 0.3203027613510576
0.3397048489107519, 0.337515083219482
0.3364722417427969, 0.31148718050998736
0.33394237526352777, 0.2945620630852538
0.34982431482782855, 0.38420176112169285
0.34855938158819394, 0.35098178046810335
0.3363316936050597, 0.3957517676037377
0.33408292340126494, 0.302422290255991
0.3460295151089248, 0.33578587313142594
0.3443429374560787, 0.3524676645691435
0.3377371749824315, 0.32989219860985064
0.3492621222768798, 0.3084156885427366
0.34307800421644413, 0.3441267688502847
0.3481377371749824, 0.3589357479781007
0.35390021082220663, 0.37174027942599
0.3432185523541813, 0.38189814214625484
0.33956430077301475, 0.3587482672995802
0.3432185523541813, 0.36383019037266773
0.33858046380885454, 0.3484906808141448
0.3426563598032326, 0.3583174606340437
0.34448348559381586, 0.3786391695004837
0.34293745607870696, 0.3590354717432711
0.33703443429374563, 0.3279755078432741
0.34054813773717496, 0.3796942469359873
0.33998594518622627, 0.36660849447031724
0.3418130709768096, 0.3224129162220649
0.3363316936050597, 0.33923830988162795
0.3481377371749824, 0.3492086919233722
0.3398453970484891, 0.35548929465380896
0.3364722417427969, 0.29312604086679894
0.3411103302881237, 0.36411739481635863
0.3273366127898805, 0.32960499416615974
0.3397048489107519, 0.35241780268655826
0.3412508784258609, 0.2936505878715956
0.3512297962052003, 0.3355485305703203
0.34588896697118765, 0.3628688532764243
0.33689388615600846, 0.29854503026616264
0.33605059732958537, 0.3338691823648494
0.335769501054111, 0.37446872164105427
0.35137034434293746, 0.33909470765978245
0.34293745607870696, 0.36886225156317004
0.3332396345748419, 0.30789114153793995
0.3510892480674631, 0.3847761700090749
0.34293745607870696, 0.3757112797550784
0.3472944483485594, 0.3228437228876013
0.33689388615600846, 0.3457562551731704
0.3397048489107519, 0.35836732251662895
0.34588896697118765, 0.3141717442683767
0.3387210119465917, 0.3596597425132383
0.35193253689388615, 0.3435523599629028
0.33998594518622627, 0.3181926064800502
0.33914265635980323, 0.3086091526471674
0.334926212227688, 0.33818323244612425
0.332536893886156, 0.3424972825273991
0.33956430077301475, 0.31915394357629356
0.34518622628250173, 0.3610957647316932
0.3352073085031623, 0.30309642290854333
0.3402670414617006, 0.31330414751139346
0.3404075895994378, 0.3354986686877349
0.3457484188334505, 0.35538957088863854
0.33689388615600846, 0.3457562551731704
0.3359100491918482, 0.35917907396511667
0.34841883345045677, 0.3554833112278987
0.35080815179198876, 0.3731763016444449
0.3326774420238932, 0.3487280233752506
0.3323963457484188, 0.32327452955313785
0.3309908643710471, 0.3696301245549827
0.34195361911454675, 0.36948652233313717
0.3447645818692902, 0.3612892288361239
0.3457484188334505, 0.33669734834508414
0.33956430077301475, 0.3260089551941123
0.3546029515108925, 0.37139722967380356
0.3488404778636683, 0.332907845268606
0.34293745607870696, 0.3448946418420974
0.3544624033731553, 0.3758608654028342
0.3443429374560787, 0.3635868643856518
0.3409697821503865, 0.3320960938201183
0.34307800421644413, 0.3592728143043768
0.338158819395643, 0.3439831666284392
0.34940267041461703, 0.3793133021530361
0.33295853829936756, 0.35352274200464706
0.34012649332396344, 0.3780208821564267
0.34068868587491213, 0.3284063145088105
0.32607167955024596, 0.34441397329397566
0.33619114546732254, 0.35515222832753274
0.3477160927617709, 0.3528486093520947
0.34307800421644413, 0.33789602800243324
0.3422347153900211, 0.34043698953897705
0.33787772312016867, 0.34283434885367536
0.33703443429374563, 0.3343498509129711
0.34195361911454675, 0.3771532853994436
0.3336612789880534, 0.32504761809786886
0.3338018271257906, 0.3647855440430009
0.3392832044975404, 0.3756235228417284
0.3467322557976107, 0.3451818462857884
0.3418130709768096, 0.2900605323254585
0.3375966268446943, 0.29700928428253737
0.33998594518622627, 0.3438395644065937
0.3333801827125791, 0.32112049622545547
0.3323963457484188, 0.34053072987823735
0.3472944483485594, 0.3586984054169949
0.35235418130709767, 0.3269204304077704
0.3359100491918482, 0.3490650897015267
0.33956430077301475, 0.32389880032310503
0.3343640196767393, 0.31498349571686424
0.3304286718200984, 0.3674701078013902
0.34406184118060434, 0.3625816488327333
0.338158819395643, 0.3355924090269952
0.3392832044975404, 0.3236614577619993
0.3427969079409698, 0.3124425341803204
0.33689388615600846, 0.35313581379578574
0.34546732255797613, 0.3342062486911256
0.3499648629655657, 0.3753303349721272
0.3477160927617709, 0.3446014539724962
0.3418130709768096, 0.35529583054937824
0.3398453970484891, 0.38242268915105154
0.34546732255797613, 0.3562073057630364
0.34743499648629655, 0.2924080297575715
0.3557273366127899, 0.34269074663182986
0.34307800421644413, 0.33919443142495287
0.32846099789177796, 0.34101139842635897
0.34195361911454675, 0.34038712765639184
0.34588896697118765, 0.3742313790799486
0.3427969079409698, 0.3478664100441776
0.3486999297259311, 0.3588420076388404
0.34532677442023896, 0.34935229414521773
0.3482782853127196, 0.3475293437179014
0.3475755446240337, 0.38568764522273297
0.33956430077301475, 0.32835645262622537
0.3478566408995081, 0.2868454381363623
0.3432185523541813, 0.3548650238838418
0.33605059732958537, 0.3621508421671969
0.3471539002108222, 0.3328141049293457
0.3432185523541813, 0.35601384165860567
0.3416725228390724, 0.3511253826899489
0.3363316936050597, 0.3437897025240085
0.34378074490513, 0.2971528865043829
0.3442023893183415, 0.34465729928099165
0.33394237526352777, 0.36555341703481353
0.3471539002108222, 0.3260588170766976
0.3418130709768096, 0.33137808271089086
0.34855938158819394, 0.34043698953897705
0.34068868587491213, 0.33712815501062054
0.34940267041461703, 0.35347288012206185
0.33745607870695715, 0.3303668837320622
0.3409697821503865, 0.3634931240463915
0.3347856640899508, 0.3171873909271319
0.3427969079409698, 0.3310410163846146
0.33998594518622627, 0.33813337056353904
0.3427969079409698, 0.3295052704009892
0.3478566408995081, 0.3274449774125672
0.3433591004919185, 0.34734186303938086
0.3420941672522839, 0.3316652871545819
0.33956430077301475, 0.3875544741067244
0.3506676036542516, 0.3560637035411909
0.34462403373155304, 0.34000618287344064
0.3422347153900211, 0.3870299271019277
0.33956430077301475, 0.3597036209699134
0.3353478566408995, 0.31661298203974997
0.34195361911454675, 0.3480100122660231
0.3506676036542516, 0.3600406872961896
0.3416725228390724, 0.3622944443890424
0.335769501054111, 0.34101139842635897
0.3567111735769501, 0.3489214874796813
0.33998594518622627, 0.3642111351556189
0.3443429374560787, 0.3126359982847512
0.34799718903724525, 0.35495876422310196
0.3488404778636683, 0.3065927381154203
0.3398453970484891, 0.3271138945122012
0.3481377371749824, 0.3595161402913929
0.3472944483485594, 0.35256140490840365
0.33745607870695715, 0.3763854124076309
0.3359100491918482, 0.30913369965196413
0.3471539002108222, 0.3088464952082731
0.3404075895994378, 0.3240922644275357
0.3427969079409698, 0.36637115190921143
0.3422347153900211, 0.31483989349501873
0.33070976809557273, 0.3599469469569293
0.3308503162333099, 0.323611595879414
0.34307800421644413, 0.3783519650567927
0.33745607870695715, 0.3316154252719966
0.3420941672522839, 0.3478664100441776
0.3332396345748419, 0.3430218295321958
0.3359100491918482, 0.30846555042532187
0.34406184118060434, 0.35366634422649257
0.34237526352775827, 0.3645980633644804
0.332536893886156, 0.3083718100860616
0.34406184118060434, 0.33003580083169626
0.3536191145467323, 0.3907197064132354
0.3442023893183415, 0.3732261635270301
0.3412508784258609, 0.3474854652612265
0.34546732255797613, 0.31992181656810637
0.3412508784258609, 0.27159966891709963
0.34392129304286717, 0.3341563868085403
0.3477160927617709, 0.38410802078243267
0.3319747013352073, 0.31153105896666244
0.34518622628250173, 0.30515671589696536
0.3457484188334505, 0.35385382490501305
0.3411103302881237, 0.3323832982638093
0.34898102600140546, 0.32749483929515244
0.33703443429374563, 0.30007479282387783
0.3522136331693605, 0.3613829691753842
0.3309908643710471, 0.3147461531557586
0.33787772312016867, 0.3222693140002194
0.3460295151089248, 0.3359793372358567
0.35347856640899505, 0.3644544611426349
0.3411103302881237, 0.31344774973323897
0.3501054111033029, 0.3713533512171285
0.35305692199578353, 0.37792115839125623
0.33619114546732254, 0.32461681143233245
0.3304286718200984, 0.35538957088863854
0.34532677442023896, 0.35040737158072144
0.34546732255797613, 0.3484408189315596
0.3364722417427969, 0.3483909570489743
0.33408292340126494, 0.31483989349501873
0.3443429374560787, 0.33798976834169353
0.3397048489107519, 0.3140221586206209
0.3432185523541813, 0.3557764990975
0.34518622628250173, 0.31829233024522074
0.3402670414617006, 0.3447011777376667
0.34153197470133523, 0.2920211015487101
0.3499648629655657, 0.3742313790799486
0.338158819395643, 0.36397379259451323
0.3338018271257906, 0.27380954755327735
0.34251581166549544, 0.3435523599629028
0.33295853829936756, 0.3640176710511882
0.3263527758257203, 0.2952860576203915
0.3359100491918482, 0.37092254455159207
0.3387210119465917, 0.38324042402544944
0.3388615600843289, 0.33904484577719723
0.3398453970484891, 0.3210706343428703
0.3536191145467323, 0.323611595879414
0.33394237526352777, 0.3294115300617291
0.3427969079409698, 0.3285000548480709
0.3397048489107519, 0.3586984054169949
0.33661278988053406, 0.2993567817146504
0.3392832044975404, 0.31502737417353927
0.33956430077301475, 0.32432960698864144
0.34307800421644413, 0.3640675329337734
0.35080815179198876, 0.3588918695214256
0.3412508784258609, 0.332863966811931
0.34518622628250173, 0.360471493961726
0.34237526352775827, 0.3624879084934731
0.35094869992972594, 0.37283923531816865
0.33661278988053406, 0.3623881847283026
0.34588896697118765, 0.3520867197861923
0.3418130709768096, 0.32418600476679604
0.3449051300070274, 0.3415858073137409
0.33843991567111736, 0.3442703710721302
0.3427969079409698, 0.33137808271089086
0.3409697821503865, 0.3589856098606859
0.3471539002108222, 0.3443202329547155
0.3482782853127196, 0.34086779620451346
0.3392832044975404, 0.36435473737746443
0.3426563598032326, 0.3453254485076338
0.34546732255797613, 0.4097489952830659
0.34687280393534786, 0.33952551432531886
0.3387210119465917, 0.32006541878995176
0.3353478566408995, 0.30712326854612726
0.33689388615600846, 0.3394317739860587
0.3363316936050597, 0.3503575096981361
0.33506676036542515, 0.32020902101179727
0.35881939564300774, 0.36981760523350315
0.3323963457484188, 0.3203526232336428
0.34504567814476456, 0.32605283365078735
0.3375966268446943, 0.33741535945431156
0.3488404778636683, 0.3439831666284392
0.34799718903724525, 0.3736071083099814
0.3447645818692902, 0.2902978748865642
0.3433591004919185, 0.3337255801430039
0.3402670414617006, 0.35438435533572005
0.3412508784258609, 0.2772121224208941
0.3471539002108222, 0.3449883821813577
0.33998594518622627, 0.37283923531816865
0.3409697821503865, 0.3812299929196126
0.34701335207308504, 0.3450382440639429
0.3343640196767393, 0.3402435254345463
0.35291637385804636, 0.3240922644275357
0.33731553056922, 0.33535506646588953
0.3456078706957133, 0.3310410163846146
0.34195361911454675, 0.3456126529513248
0.3371749824314828, 0.30304656102595806
0.3472944483485594, 0.31450282716874267
0.3333801827125791, 0.3322396960419638
0.3492621222768798, 0.3713533512171285
0.35094869992972594, 0.36828784267578807
0.34293745607870696, 0.38074932437149095
0.33858046380885454, 0.346236923721292
0.3486999297259311, 0.334924259800353
0.34504567814476456, 0.3747559260847453
0.3540407589599438, 0.3512689849117943
0.34293745607870696, 0.329985938949111
0.33858046380885454, 0.3468113326086739
0.34237526352775827, 0.36838158301504825
0.34251581166549544, 0.3353052045833043
0.3338018271257906, 0.3460933214994465
0.3447645818692902, 0.3733199038662904
0.34532677442023896, 0.3646918037037407
0.34462403373155304, 0.3497831008107542
0.3467322557976107, 0.3468113326086739
0.3602248770203795, 0.3476729459397469
0.3449051300070274, 0.33152168493273637
0.3411103302881237, 0.33080367382350884
0.34940267041461703, 0.38750461222413907
0.3481377371749824, 0.3094268875215652
0.3409697821503865, 0.3464742662823978
0.34546732255797613, 0.3451818462857884
0.3540407589599438, 0.3351616023614588
0.33914265635980323, 0.32327452955313785
0.33900210822206606, 0.34935229414521773
0.34293745607870696, 0.3248601374193484
0.3472944483485594, 0.35946627840880757
0.34518622628250173, 0.34494450372468266
0.33801827125790584, 0.3325269004856547
0.33787772312016867, 0.35495876422310196
0.3312719606465214, 0.32567188886783616
0.34237526352775827, 0.34211633774444794
0.3412508784258609, 0.3524676645691435
0.3422347153900211, 0.3170437887052864
0.3392832044975404, 0.3896646289777317
0.33605059732958537, 0.3213578387865612
0.3449051300070274, 0.35093191858551814
0.33787772312016867, 0.3960888339300138
0.3394237526352776, 0.31857953468891165
0.34307800421644413, 0.3783519650567927
0.34546732255797613, 0.3736569701925666
0.3359100491918482, 0.32898072339619255
0.3443429374560787, 0.3492086919233722
0.3274771609276177, 0.32969873450542
0.34504567814476456, 0.31934740768072434
0.34546732255797613, 0.3373216191150513
0.354181307097681, 0.3650727484866919
0.3363316936050597, 0.31680644614418063
0.3394237526352776, 0.3485844211534051
0.34139142656359805, 0.32595909331152706
0.33113141250878425, 0.3746123238628998
0.3387210119465917, 0.3590354717432711
0.35094869992972594, 0.31407202050320615
0.338158819395643, 0.3448447799595122
0.34687280393534786, 0.3359793372358567
0.33843991567111736, 0.3564446483241421
0.3398453970484891, 0.357549587642231
0.3418130709768096, 0.3356921327921657
0.3486999297259311, 0.35558303499306926
0.34139142656359805, 0.30846555042532187
0.34462403373155304, 0.2997875883801868
0.34912157413914263, 0.3635868643856518
0.34687280393534786, 0.33046660749723267
0.3288826423049895, 0.30247215213857614
0.34139142656359805, 0.35380994644833813
0.3371749824314828, 0.35218046012545245
0.34054813773717496, 0.32313092733129234
0.34349964862965565, 0.3337255801430039
0.3338018271257906, 0.33803963022427874
0.3412508784258609, 0.36411739481635863
0.3544624033731553, 0.35064471414182713
0.3533380182712579, 0.35040737158072144
0.3404075895994378, 0.3316154252719966
0.33745607870695715, 0.323037186992032
0.3319747013352073, 0.3478664100441776
0.3342234715390021, 0.36531607447370784
0.3402670414617006, 0.32461681143233245
0.3533380182712579, 0.35515222832753274
0.3342234715390021, 0.36838158301504825
0.3412508784258609, 0.3084156885427366
0.3443429374560787, 0.3591292120825314
0.3460295151089248, 0.36742024591880484
0.3270555165144062, 0.3310410163846146
0.34195361911454675, 0.3145526890513278
0.34378074490513, 0.3724084286526322
0.332536893886156, 0.3601404110613601
0.33900210822206606, 0.3374652213368968
0.3411103302881237, 0.35462169789682585
0.34139142656359805, 0.35687545498967865
0.33394237526352777, 0.3631560577201152
0.3436401967673928, 0.3395753762079041
0.33900210822206606, 0.38784167855041535
0.34532677442023896, 0.3576433279814913
0.34153197470133523, 0.3420664758618627
0.3432185523541813, 0.3634432621638063
0.3388615600843289, 0.3652163507085373
0.3427969079409698, 0.31512709793870974
0.34687280393534786, 0.3465739900475683
0.3398453970484891, 0.3579305324251822
0.3432185523541813, 0.33564227090958043
0.33295853829936756, 0.3099015726437768
0.33408292340126494, 0.3468611944912593
0.3253689388615601, 0.31953488835924493
0.33169360505973294, 0.35078831636367264
0.3449051300070274, 0.3100950367482075
0.3460295151089248, 0.32413614288421067
0.3404075895994378, 0.3959891101648434
0.33858046380885454, 0.33698455278877504
0.3471539002108222, 0.35443421721830526
0.34631061138439917, 0.32778204373884345
0.3408292340126493, 0.35294833311726515
