ATE real, ATE estimado
0.498528289545405, 0.5028326853970284
0.49612994658236126, 0.5009431661127071
0.4951215523819906, 0.5065327226445844
0.5001907772811512, 0.5009670087092186
0.5026981358334242, 0.501219184893831
0.5004088084596098, 0.49506099718232177
0.4994276681565464, 0.5003708412291723
0.5028889131145754, 0.5031044367734117
0.5005450779461463, 0.5053991540149951
0.5003270467676878, 0.497902318049787
0.4992641447727025, 0.5005854717888261
0.49893709800501473, 0.49541322795484943
0.49722010247465387, 0.48823672018238695
0.5032159598822632, 0.502589813379154
0.4976016570369563, 0.49726065740757
0.5002997928703805, 0.503767287470443
0.4988008285184781, 0.4890589204816156
0.49882808241578547, 0.501166756685111
0.49593916930121007, 0.4955734335003562
0.49604818489043934, 0.4953324222365365
0.49961844543769757, 0.49066683669055766
0.5014172026599804, 0.49628880816611864
0.5003270467676878, 0.49653107024797727
0.49877357462117083, 0.5011699639350777
0.49626621606889787, 0.4925466539363561
0.5007631091246049, 0.49846724574490336
0.5027798975253461, 0.5045562490146758
0.5004360623569171, 0.4919569590248971
0.49989098441077073, 0.512435446947859
0.5012536792761365, 0.4853417833654583
0.501035648097678, 0.49989091298734034
0.5021803117845852, 0.5008080605464234
0.49732911806388314, 0.48796477460425447
0.4972746102692685, 0.49453868235940945
0.5002180311784585, 0.5060832080829663
0.4976834187288782, 0.4970458144402312
0.5051782404883899, 0.5065908912573579
0.4977924343181075, 0.4974532579750558
0.4981739888804099, 0.48967676584383735
0.4970293251935027, 0.4980305456282631
0.4983102583669465, 0.49887917151984335
0.49482175951161017, 0.5037944646664856
0.4994549220538537, 0.4938780631696187
0.4959664231985174, 0.49172982593427483
0.4967295323231222, 0.4958995851537604
0.4961572004796686, 0.4847300868510718
0.49893709800501473, 0.5057811106734947
0.5008721247138341, 0.5072284227836269
0.49149678404011776, 0.4899025350432261
0.49642973945274177, 0.4885920475298081
0.5004088084596098, 0.48282185616679885
0.4963207238635125, 0.502789435426716
0.4958028998146735, 0.4994196862544243
0.49790144990733676, 0.5080260123365667
0.5011991714815218, 0.48798817225973257
0.498528289545405, 0.49922809880799196
0.4960754387877466, 0.4924282734713742
0.49809222718848795, 0.49663657678105233
0.49956393764308293, 0.5043564251357354
0.49972746102692683, 0.5008854403960967
0.4972746102692685, 0.49803233552431536
0.49833751226425377, 0.5012424881552797
0.49950942984846836, 0.49776914279345263
0.49920963697808785, 0.5018323896408863
0.4982284966750245, 0.49647307272075714
0.49918238308078056, 0.5015561317842663
0.49299574839202004, 0.4999923281802592
0.493077510083942, 0.4926175352446418
0.49844652785348303, 0.5030036616858828
0.49255968603510303, 0.50688524331977
0.49689305570696607, 0.4941223621112474
0.496020930993132, 0.5007334376043495
0.5, 0.5014359349312825
0.4992913986700098, 0.4932045866178937
0.4991551291834732, 0.49788679138121406
0.4917693230131909, 0.49005918593574294
0.5014172026599804, 0.49906569851633464
0.4954758530469857, 0.497345055193512
0.5020440422980487, 0.5097476474352196
0.4949035212035321, 0.46670835239388164
0.4957483920200589, 0.4953487034895614
0.49861005123732693, 0.49560791192476195
0.49732911806388314, 0.49908946013807715
0.49994549220538537, 0.4976483071466873
0.4976016570369563, 0.49363352593863075
0.49637523165812714, 0.5013382126529985
0.49730186416657585, 0.5006875451721747
0.5014172026599804, 0.498139176885272
0.49520331407391255, 0.5077523526529174
0.49572113812275154, 0.506656210630015
0.4947399978196882, 0.48235485410956436
0.49593916930121007, 0.4947091289505572
0.4998092227188488, 0.4976331060423058
0.49705657909080997, 0.49737170117805807
0.49961844543769757, 0.5038301285626692
0.5024801046549656, 0.49290409375325783
0.4989098441077074, 0.49203510497560676
0.4959119154039028, 0.49406990666354456
0.5012536792761365, 0.5002359586097367
0.5021258039899705, 0.5018849721075731
0.496538755041971, 0.49723967533121793
0.49918238308078056, 0.504393281270695
0.5000272538973073, 0.5009864364802041
0.49427668156546384, 0.4922298510832497
0.49866455903194157, 0.5001643958245321
0.4979832115992587, 0.5035419586289303
0.4950397906900687, 0.4982847878093968
0.5005723318434536, 0.4977834837382712
0.49741087975580506, 0.4990695783962384
0.5041698462880192, 0.5019773962925579
0.49961844543769757, 0.4974416779810902
0.49901885969693666, 0.49026753411870194
0.4978741960100294, 0.5000065333191841
0.49716559468003924, 0.49600982762493095
0.49588466150659544, 0.49480414308314136
0.49754714924234167, 0.4972057557707804
0.5002997928703805, 0.49723479293207073
0.49934590646462446, 0.49790994008821066
0.5061321268941459, 0.5048396749145627
0.4978469421127221, 0.5024677693943166
0.4991551291834732, 0.5052036411382114
0.5008176169192194, 0.4996341138608021
0.49910062138885863, 0.5070067883749381
0.49861005123732693, 0.4865959058932351
0.4969475635015807, 0.5069206728994469
0.4948762673062248, 0.49596476175564796
0.4987463207238635, 0.5020094452867843
0.5016897416330536, 0.49591770872302054
0.4953940913550638, 0.49361605555836296
0.49882808241578547, 0.49461898799326953
0.4981739888804099, 0.4969936721453546
0.4988825902104001, 0.5065576360420803
0.5004360623569171, 0.5109386973599295
0.503461244958029, 0.5064867250500783
0.49950942984846836, 0.4963024116909852
0.49765616483157094, 0.5090406053732544
0.4965932628365856, 0.5027947686212948
0.5019622806061267, 0.4986594491026158
0.5011719175842145, 0.5015333129045272
0.4973563719611904, 0.4887746657953095
0.4994276681565464, 0.49964718921719087
0.5031887059849558, 0.5000006159526142
0.49716559468003924, 0.4881953198284471
0.4963207238635125, 0.4926037819536073
0.4999182383080781, 0.5030997993996031
0.49825575057233185, 0.4892414259748695
0.49612994658236126, 0.5027774249438463
0.5007903630219122, 0.4960367375222253
0.49610269268505397, 0.4935143976765959
0.49882808241578547, 0.5035794708601866
0.503461244958029, 0.5107969466295763
0.4994004142592391, 0.5095195466521953
0.4971928485773466, 0.5028569894112753
0.4991551291834732, 0.4885075425957436
0.49713834078273195, 0.49016401535644183
0.4981739888804099, 0.49003473295288114
0.5017169955303609, 0.5017316684594486
0.5036520222391802, 0.4950849053242281
0.4979559577019514, 0.5085539437961514
0.4978469421127221, 0.4900126265422491
0.49689305570696607, 0.500367510168836
0.49861005123732693, 0.48967986142562314
0.5013626948653658, 0.5004144933608432
0.4967567862204295, 0.49989420925036504
0.5038700534176387, 0.5003499541755647
0.4991278752861659, 0.4980032109964152
0.502507358552273, 0.5076615147097074
0.49972746102692683, 0.49892121091828323
0.49662051673389296, 0.5034331724077352
0.4986373051346343, 0.5059762436662658
0.4926959555216396, 0.4994212723573103
0.49697481739888805, 0.49758507951232267
0.5009811403030633, 0.5055714773207044
0.5006813474326829, 0.4913374631692614
0.49953668374577564, 0.4977540693562462
0.5023165812711218, 0.5057232194286713
0.4967295323231222, 0.5050059437899403
0.5005450779461463, 0.49710362972004063
0.5008721247138341, 0.4985160516563938
0.5001090155892293, 0.50581517913451
0.49882808241578547, 0.4957746344540038
0.5051237326937752, 0.5013875577406661
0.4965932628365856, 0.5053277843963249
0.49332279515970784, 0.4971255313825056
0.4978196882154148, 0.5041015188420417
0.5021803117845852, 0.5005689326774916
0.49572113812275154, 0.49493567710089414
0.5016352338384389, 0.4967187203332625
0.49705657909080997, 0.4936246699372281
0.49662051673389296, 0.49286695806298664
0.4983102583669465, 0.49658731826452795
0.5024528507576583, 0.5066357100665944
0.4981467349831026, 0.49527945041146837
0.49604818489043934, 0.49439626491061783
0.498964351902322, 0.4984676248774199
0.49792870380464405, 0.5087254345153739
0.49460372833315164, 0.5057783520291772
0.4977924343181075, 0.5030936226173577
0.5014172026599804, 0.5042607306639277
0.4981467349831026, 0.5057003956649069
0.4979832115992587, 0.4964398020130941
0.501907772811512, 0.4996894639602957
0.4959119154039028, 0.4999766396988884
0.5016352338384389, 0.4948472857181595
0.49771067262618557, 0.4978217900523457
0.5004633162542244, 0.4929788083375286
0.5049057015153167, 0.5035448406531244
0.49850103564809767, 0.5022500380348089
0.5011719175842145, 0.4949211710634487
0.49861005123732693, 0.48907021973222353
0.5001090155892293, 0.4979644704161421
0.49127875286165923, 0.48692098616164226
0.49749264144772704, 0.5007537852235402
0.4999727461026927, 0.49454850527534433
0.5028889131145754, 0.49926709174090966
0.5039245612122534, 0.49544518915374713
0.5, 0.5011722919455157
0.49773792652349286, 0.4912166797651615
0.498010465496566, 0.49571094224769974
0.499482175951161, 0.501059983530863
0.5002997928703805, 0.5052215208408645
0.4971928485773466, 0.499921779285687
0.49844652785348303, 0.4918740275988226
0.5001090155892293, 0.4889624131682402
0.5020167884007413, 0.5081774857971691
0.49877357462117083, 0.4986256424501111
0.49588466150659544, 0.4942440665712774
0.49612994658236126, 0.49991224584611843
0.4994276681565464, 0.5021642492323085
0.4994276681565464, 0.48479548631359703
0.5001907772811512, 0.5057355789196022
0.49858279734001965, 0.5020142666002714
0.5008993786111414, 0.49753734528906024
0.5002180311784585, 0.5071502610062738
0.5001635233838438, 0.500138434016133
0.49604818489043934, 0.49382413646074985
0.49828300446963913, 0.4941725447009152
0.4971928485773466, 0.4985801007046895
0.5020167884007413, 0.49819885281823606
0.5046059086449363, 0.5063007855462898
0.49626621606889787, 0.5072648465229741
0.4984737817507904, 0.5056250697809961
0.5002997928703805, 0.501123038402087
0.498964351902322, 0.5040351625145376
0.5005723318434536, 0.5026900397487821
0.49866455903194157, 0.5024838103105237
0.49738362585849777, 0.4984191874321948
0.4952578218685272, 0.49417295849245857
0.49825575057233185, 0.5106882905034482
0.49950942984846836, 0.497678695340812
0.4969475635015807, 0.49871059885700825
0.49828300446963913, 0.4875305366262144
0.5066226970456775, 0.502330262953821
0.49937316036193174, 0.49258611592291324
0.4978469421127221, 0.4933773066186473
0.49533958356044916, 0.4971233547683582
0.5, 0.5051884183206252
0.499046113594244, 0.5059717551567599
0.498964351902322, 0.49560702026284686
0.4953123296631418, 0.49809422716759033
0.4974653875504197, 0.5113773534003923
0.4959936770958247, 0.5006433500420725
0.4937588575166249, 0.49505384908668226
0.49850103564809767, 0.504797207415743
0.4976289109342636, 0.4994997727053353
0.49732911806388314, 0.5022042004586948
0.5005178240488389, 0.4990446294295961
0.5010629019949853, 0.5023420314723425
0.4994549220538537, 0.4982019500352103
0.49869181292924886, 0.4950856118085202
0.49678404011773686, 0.4901245079279768
0.5012536792761365, 0.4985269020990589
0.49321377957047857, 0.5008366768242988
0.49809222718848795, 0.49679848582232666
0.4963479777608198, 0.5028193343139122
0.49460372833315164, 0.4970561083489847
0.49509429848468334, 0.49325631087800437
0.49765616483157094, 0.4957931602603025
0.49989098441077073, 0.49929708135902523
0.4963207238635125, 0.5009831620178331
0.5017442494276682, 0.4963608391878035
0.49934590646462446, 0.49642021622272936
0.5031614520876485, 0.502067168988944
0.5011991714815218, 0.4849422148928324
0.4970838329881173, 0.5067523886355652
0.4961572004796686, 0.4853299842801848
0.49833751226425377, 0.49943804453786994
0.4999182383080781, 0.4983317253768278
0.49642973945274177, 0.49246327598147477
0.4959936770958247, 0.4908268064799548
0.5017987572222827, 0.49935614219339114
0.5013081870707511, 0.49212550908493957
0.4974381336531124, 0.4939448311168053
0.49645699335004906, 0.5021304666677349
0.5011719175842145, 0.5056811922619507
0.49645699335004906, 0.4938808197641733
0.5004633162542244, 0.5054062101179967
0.5014444565572876, 0.5096851035163021
0.5017169955303609, 0.49748053653853297
0.494549220538537, 0.490940915529521
0.501907772811512, 0.500494661464863
0.5016079799411316, 0.507113893421535
0.4976016570369563, 0.5042813875662037
0.4969475635015807, 0.5064881770706284
0.4970838329881173, 0.49661208488796027
0.49550310694429306, 0.49563748093456983
0.49550310694429306, 0.5033048826503258
0.49918238308078056, 0.5022019621585285
0.49236890875395184, 0.4922711184361608
0.49918238308078056, 0.4970768960757901
0.49809222718848795, 0.5068608668055131
0.49961844543769757, 0.5080571523678952
0.49572113812275154, 0.5015425923349713
0.4989098441077074, 0.5059014074597997
0.49953668374577564, 0.4966738934994017
0.49612994658236126, 0.5045888674064205
0.5005723318434536, 0.5035079800757809
0.49741087975580506, 0.49695590308897764
0.5031341981903412, 0.49817635455570974
0.49866455903194157, 0.49994232443221315
0.4934318107489371, 0.49887953369762145
0.49593916930121007, 0.5016342714762487
0.4971928485773466, 0.5009242373924231
0.5015534721465169, 0.5020780386285374
0.4981467349831026, 0.49867627293259326
0.5006268396380682, 0.49799025902806016
0.4994004142592391, 0.49242957426523515
0.502071296195356, 0.5056535406993015
0.5007086013299902, 0.5126833245812231
0.5005995857407609, 0.4963122293628488
0.4968385479123515, 0.5003085333059719
0.5008721247138341, 0.502124877043185
0.4979559577019514, 0.5021946531905103
0.5001090155892293, 0.4977366130513974
0.4998364766161561, 0.4880146874868956
0.4961572004796686, 0.49288519083189763
0.499482175951161, 0.4969633601296196
0.4967567862204295, 0.49351223323057847
0.49697481739888805, 0.49210973649127043
0.4976289109342636, 0.5064277377691742
0.5015534721465169, 0.5003626724608867
0.4971110868854246, 0.5002780197825778
0.49893709800501473, 0.5018393604497804
0.4959664231985174, 0.5004731024664126
0.5038973073149461, 0.4962494072221696
0.49994549220538537, 0.492216317097255
0.49920963697808785, 0.4950826035055145
0.4985555434427123, 0.5026010158704242
0.5013899487626731, 0.49962987934710956
0.4995911915403903, 0.49887090660404765
0.5012809331734438, 0.5038151718329674
0.5032977215741851, 0.49748682225751373
0.4998092227188488, 0.493653650108385
0.4979559577019514, 0.49367783829962397
0.49705657909080997, 0.4974140006110954
0.4983102583669465, 0.509175459519189
0.4947399978196882, 0.4958016017059602
0.49738362585849777, 0.49778253244424864
0.49972746102692683, 0.5034382915469857
0.4963207238635125, 0.49571209517291137
0.501035648097678, 0.49784159290993424
0.498964351902322, 0.503089810544715
0.5033522293687998, 0.5013833753125516
0.4996456993350049, 0.5050161736762895
0.49569388422544425, 0.5025630426264083
0.4974381336531124, 0.4953246090170417
0.49705657909080997, 0.5038493832550407
0.5013626948653658, 0.49786836932831946
0.4957483920200589, 0.49585284371607397
0.49730186416657585, 0.48541812435398723
0.49844652785348303, 0.5015067616814681
0.5023438351684291, 0.49580680732936355
0.4934318107489371, 0.4896404903740891
0.49771067262618557, 0.5023020128188304
0.5000272538973073, 0.49707774383743775
0.5018532650168974, 0.5042532575785452
0.49689305570696607, 0.5017914774831278
0.5016352338384389, 0.5051460760886192
0.5018260111195901, 0.5036236025054176
0.4959664231985174, 0.49442255519891287
0.49678404011773686, 0.4951367004591086
0.4998092227188488, 0.5018890478484783
0.4985555434427123, 0.49304137987846053
0.5007903630219122, 0.49775673876733995
0.5035157527526436, 0.511586298833776
0.49844652785348303, 0.509756850221665
0.5005178240488389, 0.4950571908375475
0.496538755041971, 0.4936868264969262
0.5002725389730731, 0.5065429259730145
0.5005995857407609, 0.5031121531757334
0.49841927395617575, 0.49402337166513133
0.4942221737708492, 0.504653299468879
0.49536683745775645, 0.5010342012210534
0.49553036084160035, 0.49889366117008394
0.49918238308078056, 0.49799227158287307
0.49809222718848795, 0.4895941361978524
0.503543006649951, 0.5155371614466084
0.5001090155892293, 0.4940440942535371
0.4976834187288782, 0.4972303744058687
0.5033522293687998, 0.5101277870746098
0.4983102583669465, 0.494646578745098
0.5028889131145754, 0.49038658444391003
0.501035648097678, 0.4975224213769073
0.49585740760928815, 0.49974827254309534
0.4987463207238635, 0.5044654797594272
0.49825575057233185, 0.49900686867459937
0.4970838329881173, 0.4978855857206178
0.5026981358334242, 0.4946005949321023
0.5013626948653658, 0.49645187428533044
0.4969203096042734, 0.4924957585265832
0.49476725171699554, 0.4987118231894875
0.4976289109342636, 0.49427947263256333
0.4995911915403903, 0.49720139244227524
0.5035157527526436, 0.5012926619332989
0.49389512700316146, 0.49410562898241595
0.4993186525673171, 0.4976970834765254
0.4963479777608198, 0.49732996461731593
0.4984737817507904, 0.4967626317838312
0.5013354409680585, 0.4954716617176841
0.4965932628365856, 0.500586171345279
0.49866455903194157, 0.50116605428402
0.501035648097678, 0.49410627108482497
0.49697481739888805, 0.49226924845023634
0.501907772811512, 0.5014729614785893
0.5013626948653658, 0.49822481916912953
0.49441295105200045, 0.4985559464308069
0.49621170827428324, 0.5021588711066678
0.4959936770958247, 0.5020161096316325
0.4993186525673171, 0.4973781423902649
0.500953886405756, 0.49972093684418195
0.498010465496566, 0.5022145426572313
0.49741087975580506, 0.511730040301039
0.4991278752861659, 0.5067027111853524
0.5008176169192194, 0.49579982067722694
0.49754714924234167, 0.49916887571958013
0.5031341981903412, 0.5071167002508163
0.49460372833315164, 0.49922424488368744
0.49937316036193174, 0.49265812923163943
0.5023438351684291, 0.49741591716839195
0.49741087975580506, 0.49452955792988706
0.49828300446963913, 0.4915352265602215
0.49645699335004906, 0.49919536140986515
0.5021258039899705, 0.497995147513992
0.499046113594244, 0.49944809085509806
0.4966750245285076, 0.4860811114688931
0.4970293251935027, 0.4959200376709041
0.5001635233838438, 0.48041358525405675
0.4974653875504197, 0.5059375330547882
0.5046331625422436, 0.4971110983905409
0.500081761691922, 0.5012613217872774
0.4979832115992587, 0.49656829462455543
0.5017169955303609, 0.5045860701892162
0.49261419382971766, 0.4987829780111419
0.4953940913550638, 0.4915901392867553
0.5037882917257168, 0.507549078338871
0.49828300446963913, 0.494610430032545
0.4986373051346343, 0.4986961129232276
0.5000545077946146, 0.4944566391463746
0.4990733674915513, 0.5009135916572005
0.4965932628365856, 0.4965877028106521
0.4970838329881173, 0.49848276186630147
0.49825575057233185, 0.505673131635132
0.506322904175297, 0.513663220865116
0.5051509865910825, 0.5017317789715474
0.5002997928703805, 0.5023910768828973
0.5005995857407609, 0.504961826793286
0.49961844543769757, 0.49713538683322966
0.4985555434427123, 0.49226312566884
0.4972473563719612, 0.4993433544446364
0.4943584432573858, 0.49770108830798554
0.4981467349831026, 0.5006922389924585
0.5025346124495803, 0.5065818944126617
0.49444020494930774, 0.49040580399775213
0.5004088084596098, 0.510200100748927
0.4977924343181075, 0.5075485331910036
0.49841927395617575, 0.4993501685345931
0.49918238308078056, 0.49154518086106547
0.4978196882154148, 0.4962309010770056
0.49866455903194157, 0.49390937119521383
0.49844652785348303, 0.49600860279087133
0.49978196882154147, 0.5038081733859101
0.498010465496566, 0.4980233582777964
0.4958028998146735, 0.5046080072380529
0.49953668374577564, 0.49281849936256683
0.4992641447727025, 0.49701948388449124
0.49749264144772704, 0.49757878689162616
0.4948762673062248, 0.5020534681626925
0.4969475635015807, 0.4921692303352535
0.4976834187288782, 0.5027807962826178
0.49961844543769757, 0.4983284206598353
0.4971928485773466, 0.49465620746790917
0.4977924343181075, 0.48409596555570444
0.49953668374577564, 0.49282767473689815
0.494549220538537, 0.4967778572686351
0.5005723318434536, 0.501103988449367
0.5010901558922926, 0.5050888879696498
0.501035648097678, 0.5121355059302556
0.4969475635015807, 0.5037292684443623
0.49561212253352227, 0.5052320331782656
0.499482175951161, 0.4959028090021037
0.49536683745775645, 0.5050401649843246
0.49986373051346344, 0.49539055573504887
0.49806497329118066, 0.4935458546599605
0.5003543006649951, 0.502623884067072
0.4981194810857953, 0.49845919076882617
0.501035648097678, 0.5046413652869138
0.4991551291834732, 0.5005297918307572
0.4992913986700098, 0.4962843651364146
0.5012264253788292, 0.5072397884163274
0.4967295323231222, 0.5005603831755763
0.5005450779461463, 0.4857689085775666
0.5008721247138341, 0.5024229250568064
0.494630982230459, 0.5076868509693628
0.4963479777608198, 0.4976978221785411
0.4988008285184781, 0.510780226406587
0.4983920200588684, 0.49403616025632735
0.5002997928703805, 0.4896809138265046
0.4932410334677859, 0.4985743346453735
0.49899160579962937, 0.48681682190541864
0.49476725171699554, 0.4964430936240014
0.4978196882154148, 0.5013938825416692
0.49869181292924886, 0.5031827615555491
0.5045514008503216, 0.5098647509226293
0.495067044587376, 0.5008205307510336
0.5022348195791998, 0.49111283245130266
0.49953668374577564, 0.4914212698986422
0.4943584432573858, 0.4907729298242739
0.4972473563719612, 0.4903355272823742
0.4949580289981467, 0.49987817643257765
0.4974381336531124, 0.5000816396575579
0.4979832115992587, 0.489185878662898
0.49806497329118066, 0.4884316972904802
0.4947127439223809, 0.492507368562609
0.5008176169192194, 0.49935062023935906
0.49825575057233185, 0.49088982641606216
0.49901885969693666, 0.49522611871668076
0.4983647661615611, 0.4933943888640244
0.49593916930121007, 0.4947894681824906
0.4978469421127221, 0.49344921191707525
0.5016079799411316, 0.4927891771058581
0.49885533631309276, 0.4970973814293085
0.4985555434427123, 0.4927596114351098
0.49482175951161017, 0.49814858343542157
0.5010901558922926, 0.49902465974627463
0.4974381336531124, 0.5097096866649252
0.5032704676768778, 0.5041210544549644
0.49790144990733676, 0.5108858576298253
0.49642973945274177, 0.486332924402352
0.4965660089392783, 0.5013920042687463
0.49612994658236126, 0.4974884593808312
0.49918238308078056, 0.5050123745679924
0.4976016570369563, 0.49654493437009894
0.4978196882154148, 0.4920767904776965
0.4999182383080781, 0.4952935977071109
0.5034884988553363, 0.49591706210770803
0.5016352338384389, 0.49308796283667145
0.4953123296631418, 0.48616226462853784
0.4984737817507904, 0.4907802549275515
0.49732911806388314, 0.5109718487916879
0.5008721247138341, 0.495106778023919
0.4971928485773466, 0.5021322828165645
0.4940041425923907, 0.4960017810051439
0.4976834187288782, 0.4936625261268822
0.5017715033249754, 0.5098205621304785
0.49749264144772704, 0.48856549407504135
0.4969475635015807, 0.4970537988612356
0.5026708819361169, 0.5102128007047841
0.49950942984846836, 0.4989972929561731
0.4933500490570151, 0.49077387815466755
0.5016624877357462, 0.5015612201528137
0.495584868636215, 0.498276119902217
0.49994549220538537, 0.48853681373727387
0.49509429848468334, 0.49255208931679295
0.4952850757658345, 0.49294954107501
0.4999182383080781, 0.48973823442763953
0.5027798975253461, 0.5023048514506439
0.4963479777608198, 0.4945649645602549
0.4992641447727025, 0.488619587459061
0.4978741960100294, 0.5041052540832504
0.4982284966750245, 0.5025713678357173
0.4983920200588684, 0.5098958046714377
0.49716559468003924, 0.48710374775720855
0.4956666303281369, 0.49999637731726493
0.4983920200588684, 0.49528546069607327
0.5012536792761365, 0.5020080399590576
0.4969475635015807, 0.48672297502780004
0.5006540935353756, 0.4972622781647772
0.5009811403030633, 0.4920481245706394
0.4941404120789273, 0.4958378987180917
0.4992368908753952, 0.506921502256443
0.5008176169192194, 0.49764216286015783
0.4992368908753952, 0.5039509884991913
0.5001907772811512, 0.5107350008546765
0.4961844543769759, 0.4980636406132829
0.4994004142592391, 0.5044258176427037
0.5018260111195901, 0.5071216890372277
0.49899160579962937, 0.5057721648033736
0.4982012427777172, 0.48433915300788044
0.49920963697808785, 0.5070899199057854
0.5046876703368581, 0.5089509952123769
0.504415131363785, 0.5031879532293393
0.4982284966750245, 0.49753303152900463
0.5006813474326829, 0.5043979686607178
0.4999182383080781, 0.4957055329081581
0.49841927395617575, 0.4983425684612629
0.4979559577019514, 0.5038752821435261
0.49520331407391255, 0.4904781869844066
0.5061321268941459, 0.49512369051264893
0.4994549220538537, 0.5118990938715116
0.5008448708165267, 0.506334797789193
0.4988008285184781, 0.4927106715785786
0.4981467349831026, 0.501867513657297
0.4988008285184781, 0.5040011485647844
0.4977651804208002, 0.49778097845856195
0.49850103564809767, 0.49655505696686575
0.4983102583669465, 0.5000781946728792
0.4983920200588684, 0.5025308514050439
0.49757440313964896, 0.48768033231701746
0.49517606017660526, 0.485303944319904
0.49858279734001965, 0.4966549881210419
0.4981467349831026, 0.5025520227255691
0.4978469421127221, 0.5021195980921399
0.4972473563719612, 0.4991089173881436
0.5029161670118827, 0.5177110772865287
0.5028616592172681, 0.48705487820295945
0.5061321268941459, 0.4969981369742158
0.499482175951161, 0.4944276519926589
0.4999727461026927, 0.48124576955447795
0.4941676659762346, 0.4841465376864361
0.4968385479123515, 0.5001480106181813
0.5053145099749264, 0.509508416084202
0.4926959555216396, 0.49303059529279025
0.4956393764308296, 0.4922888810610361
0.49918238308078056, 0.5006783972692648
0.49833751226425377, 0.5078719570589054
0.49457647443584435, 0.48989961453517183
0.49593916930121007, 0.49469075279105146
0.4965115011446637, 0.4996995201420642
0.4964024855554344, 0.5028568835406044
0.4977924343181075, 0.4942088016663395
0.4988825902104001, 0.505487047129634
0.49272320941894693, 0.4959616407331461
0.49893709800501473, 0.5011956532846737
0.5003815545623024, 0.48662649117949053
0.5021803117845852, 0.5004287359409351
0.49861005123732693, 0.5064450598778427
0.49833751226425377, 0.5032132271776336
0.4974653875504197, 0.4929990799041908
0.495067044587376, 0.48527930544600595
0.4967295323231222, 0.49039392015893113
0.4983102583669465, 0.5041135082999311
0.49509429848468334, 0.49566272079001916
0.49861005123732693, 0.49619397974941415
0.5010083942003707, 0.5057981247953074
0.4991278752861659, 0.5042528062594515
0.49792870380464405, 0.49796924450557534
0.4976289109342636, 0.5097930279990016
0.5051237326937752, 0.51181441386622
0.4974653875504197, 0.49055343689745357
0.4970293251935027, 0.5066843351383121
0.4931865256731713, 0.4957841597360665
0.49986373051346344, 0.5074991361287908
0.494549220538537, 0.49806413085263346
0.4965932628365856, 0.5069288565773217
0.49370434972201027, 0.494829901972499
0.4951488062792979, 0.49638883981936965
0.49433118936007847, 0.498151104205821
0.5007903630219122, 0.48419525870988256
0.5022893273738145, 0.5061932954824506
0.49844652785348303, 0.503590682896028
0.49389512700316146, 0.49992181489072873
0.49972746102692683, 0.4978045858073069
0.5011446636869072, 0.5071323636935992
0.49882808241578547, 0.5017724172492675
0.49585740760928815, 0.4984507738075168
0.49749264144772704, 0.4890146240619001
0.4983102583669465, 0.49547122609655725
0.4978741960100294, 0.5029797872954709
0.4939496347977761, 0.5024794858532199
0.5052872560776192, 0.496564311701732
0.5, 0.5179256156958583
0.5017169955303609, 0.49859375880639223
0.4967567862204295, 0.5032559812050814
0.5016897416330536, 0.4906067960564504
0.4960754387877466, 0.49296521221372025
0.5003815545623024, 0.4954842032354867
0.4981739888804099, 0.49938021415965267
0.49716559468003924, 0.4922197193555752
0.4937861114139322, 0.5005042858481192
0.4978196882154148, 0.4970751983263362
0.4970838329881173, 0.5058602771297467
0.49730186416657585, 0.4863501134633038
0.49961844543769757, 0.4949205033815317
0.4976016570369563, 0.495537565877156
0.5015534721465169, 0.4797588863811505
0.49901885969693666, 0.4963011987667848
0.49771067262618557, 0.5035598520371061
0.495584868636215, 0.49503863057852626
0.49645699335004906, 0.49939905373804905
0.4966750245285076, 0.5078233281252948
0.5006813474326829, 0.503644067648149
0.49877357462117083, 0.49918733778618274
0.4997547149242342, 0.49682132530474266
0.500953886405756, 0.4999744593661313
0.5002997928703805, 0.4962934664545551
0.49577564591736617, 0.4923065123112971
0.4999182383080781, 0.49204295697196065
0.4971110868854246, 0.4992889053554835
0.493513572440859, 0.48850943334022345
0.49370434972201027, 0.49270660295138535
0.49593916930121007, 0.4995053193417689
0.4945219666412297, 0.483091765743346
0.49877357462117083, 0.49661627013939547
0.4972746102692685, 0.4966789311880315
0.5007631091246049, 0.4976421069257868
0.5009266325084487, 0.5076239504868367
0.4967295323231222, 0.4998072409321435
0.5001907772811512, 0.5004628520476698
0.49910062138885863, 0.5068647675350042
0.4963479777608198, 0.48910018578769
0.5020985500926632, 0.5025244781108349
0.49978196882154147, 0.49045528775759095
0.5007358552272975, 0.4922164729642632
0.49713834078273195, 0.4957470036130829
0.49877357462117083, 0.5090888631326448
0.49732911806388314, 0.5073486735916056
0.4976016570369563, 0.4971046109164351
0.4994549220538537, 0.49642941208428515
0.4974653875504197, 0.505937700218019
0.49405865038700536, 0.49579397088876187
0.4968658018096588, 0.48718779457981887
0.4947399978196882, 0.4844934775454647
0.49468549002507356, 0.48900718491896045
0.5029706748064974, 0.49935088540980005
0.4993186525673171, 0.5007454257103842
0.5011446636869072, 0.5073675018371255
0.49553036084160035, 0.4936408530032813
0.4952305679712199, 0.49375457779882737
0.5001090155892293, 0.5046217961093291
0.5013899487626731, 0.5087503539381142
0.49741087975580506, 0.49288560498582323
0.49553036084160035, 0.4984367281681439
0.5026436280388096, 0.5051399377507247
0.4971928485773466, 0.49735614550390106
0.4940041425923907, 0.4806477156205793
0.4991278752861659, 0.49706088229708456
0.5009266325084487, 0.4932840175794194
0.4952850757658345, 0.49639025127925573
0.498010465496566, 0.49578024197401105
0.49577564591736617, 0.5032886601585715
0.5043878774664777, 0.5118528289740845
0.4972746102692685, 0.5014038243533047
0.5033522293687998, 0.503170345802505
0.5016352338384389, 0.5097083439308023
0.4997547149242342, 0.5062780231301909
0.5006813474326829, 0.4973185481895156
0.5025346124495803, 0.4993518874441368
0.49637523165812714, 0.4956887085125905
0.5019622806061267, 0.5005968789094157
0.4984737817507904, 0.4990486588790662
0.4963479777608198, 0.49544338185855585
0.4991278752861659, 0.49314355922819886
0.4981467349831026, 0.501706349306857
0.49858279734001965, 0.4967067252086358
0.4965932628365856, 0.49116025481025294
0.5006540935353756, 0.5003652027104759
0.4937861114139322, 0.4959382479160469
0.5005723318434536, 0.5001094752943349
0.49700207129619534, 0.49750491647058814
0.4988825902104001, 0.5051289059417758
0.4968385479123515, 0.488120862581521
0.4970838329881173, 0.48876477831756604
0.5006268396380682, 0.5077683649098528
0.5021530578872779, 0.5070389160015856
0.4982284966750245, 0.4961393940121712
0.49792870380464405, 0.49974901452845577
0.4984737817507904, 0.5003108356987408
0.4969203096042734, 0.5001235963878403
0.49730186416657585, 0.5044315846936929
0.4995911915403903, 0.5133006292375262
0.4959664231985174, 0.49162908896872315
0.49509429848468334, 0.5010838449394699
0.49732911806388314, 0.5119834600375706
0.4989098441077074, 0.5014839464142593
0.49972746102692683, 0.502389863924493
0.5028616592172681, 0.4987637091390539
0.49978196882154147, 0.5020970580233792
0.49689305570696607, 0.48690531738788767
0.4997547149242342, 0.48795461217601654
0.49754714924234167, 0.49605650903915355
0.49212362367818596, 0.49956480706318984
0.5007086013299902, 0.49872556810420837
0.4978196882154148, 0.512706012329204
0.5006813474326829, 0.5049412996172216
0.5008448708165267, 0.5093055473006308
0.5028616592172681, 0.501168236433066
0.4997547149242342, 0.5063419453952924
0.4967022784258149, 0.4961303376030346
0.5016624877357462, 0.50923501582028
0.49861005123732693, 0.49693061594000876
0.4994549220538537, 0.4991496702366823
0.4967022784258149, 0.5014311926616284
0.4964024855554344, 0.5005681337463355
0.4967022784258149, 0.4917516324516952
0.5004360623569171, 0.4911375753375986
0.4978741960100294, 0.49897125336180304
0.5, 0.5010601951206115
0.49934590646462446, 0.4936746717624063
0.4986373051346343, 0.4953217098711199
0.5001090155892293, 0.503742278332276
0.5010083942003707, 0.49487353164337844
0.4962389621715905, 0.4952424194007009
0.5006268396380682, 0.49592542409859564
0.4941949198735419, 0.4923365420848489
0.4963479777608198, 0.5013717453232112
0.4980377193938733, 0.49743581976406903
0.499046113594244, 0.5028322186481196
0.4983647661615611, 0.5012512964979656
0.5002180311784585, 0.4901610331385188
0.501471710454595, 0.49854807731065365
0.49861005123732693, 0.5024107811115979
0.5009811403030633, 0.49386678250931293
0.5003815545623024, 0.4990562155440926
0.5020167884007413, 0.4973609833857636
0.4976016570369563, 0.5050567841792278
0.5013081870707511, 0.5061324206633351
0.5016624877357462, 0.5024424923003623
0.5026708819361169, 0.4914753668891605
0.4988825902104001, 0.49856196989032286
0.502507358552273, 0.5211884712620093
0.49934590646462446, 0.5052071549250703
0.4997547149242342, 0.4941024183823477
0.4949580289981467, 0.4850969938871398
0.4976016570369563, 0.48994715591246596
0.5001090155892293, 0.5100948045092476
0.49593916930121007, 0.4939599902896814
0.5032159598822632, 0.5061737950609295
0.49689305570696607, 0.49726472248589215
0.49885533631309276, 0.5088342302315633
0.49730186416657585, 0.49143825194791413
0.4957483920200589, 0.4897179272115296
0.4933500490570151, 0.4875730525904123
0.5026436280388096, 0.5102202268321858
0.49893709800501473, 0.5026304400066979
0.49961844543769757, 0.502443195691876
0.49536683745775645, 0.48541975457602504
0.5015534721465169, 0.4958948402607748
0.4987190668265562, 0.49378468626619865
0.5008448708165267, 0.49948653767608037
0.5050147171045459, 0.508875203497096
0.5017715033249754, 0.5037061498512851
0.4977651804208002, 0.4998187649435817
0.498010465496566, 0.5068388709476657
0.49825575057233185, 0.49707671420466004
0.5016079799411316, 0.49781132178919685
0.5015262182492096, 0.49254104565007517
0.49844652785348303, 0.4967796247481595
0.49561212253352227, 0.5035753941655581
0.4965932628365856, 0.49370769861915076
0.4981739888804099, 0.4935079043276591
0.4954485991496784, 0.4880306124464423
0.4958028998146735, 0.4973430821509969
0.4959936770958247, 0.4822813792498538
0.5041153384934045, 0.5146463925669292
0.49910062138885863, 0.5006086517059463
0.4967567862204295, 0.5006845914498899
0.4974381336531124, 0.5017274557531134
0.4956666303281369, 0.4847210361653398
0.5013899487626731, 0.5051354696398402
0.49790144990733676, 0.5065493598107298
0.499046113594244, 0.49332024473737823
0.5002725389730731, 0.48571275237953826
0.4979832115992587, 0.5006330764359933
0.4998364766161561, 0.499493791431023
0.4953940913550638, 0.4991374561186665
0.5007358552272975, 0.5069996166299068
0.49792870380464405, 0.5031721651175668
0.49722010247465387, 0.48883359682123906
0.500081761691922, 0.4958178800388867
0.49637523165812714, 0.49464958980505946
0.501907772811512, 0.4893457598430295
0.4996456993350049, 0.4963753869352239
0.4998092227188488, 0.4989588519526278
0.49408590428431265, 0.4999679568184806
0.49697481739888805, 0.5038028484521659
0.4985555434427123, 0.49408345649884633
0.5013081870707511, 0.49904848157890697
0.5020167884007413, 0.49487035986499317
0.5002725389730731, 0.490439546405247
0.5007903630219122, 0.5052662234048625
0.4978196882154148, 0.49114669581997583
0.5041153384934045, 0.5057352746819446
0.4976016570369563, 0.5042861302975026
0.4992368908753952, 0.5055060983735846
0.4988008285184781, 0.5100590164114576
0.4968658018096588, 0.4917033686812995
0.4971928485773466, 0.49477482532731465
0.49705657909080997, 0.4953523808328545
0.49953668374577564, 0.49931496020224075
0.5017715033249754, 0.5053504189210599
0.4954758530469857, 0.5029448866567789
0.49989098441077073, 0.5036110750192412
0.5011719175842145, 0.5019946933440445
0.4977924343181075, 0.49933764079498605
0.4992368908753952, 0.4932199445958252
0.49642973945274177, 0.5000213032494417
0.49757440313964896, 0.48402400196352224
0.49937316036193174, 0.5072875227679828
0.4991551291834732, 0.49576910082515013
0.5013354409680585, 0.49432737941167293
0.49858279734001965, 0.5126319353402982
0.4988008285184781, 0.49802594884723683
0.49482175951161017, 0.49315907587397
0.5016079799411316, 0.508352782705533
0.49850103564809767, 0.5011221645123205
0.5019350267088194, 0.5030697026349045
0.4970838329881173, 0.4996222938958938
0.49476725171699554, 0.49288518298356765
0.5027526436280388, 0.503406109454501
0.49561212253352227, 0.5004984108895063
0.49697481739888805, 0.4982561886428837
0.49899160579962937, 0.4969875923304172
0.49424942766815655, 0.48915176683645856
0.5028344053199607, 0.49185027756011335
0.4994004142592391, 0.49735728904388343
0.4988825902104001, 0.5079546535481445
0.49427668156546384, 0.4855802557883262
0.500953886405756, 0.5068426073030885
0.4981194810857953, 0.4935852561511239
0.49749264144772704, 0.5009864522081038
0.5015807260438243, 0.48829833013156987
0.49809222718848795, 0.5007387695434481
0.49681129401504415, 0.49907643844964505
0.5002180311784585, 0.5116068721350082
0.5007903630219122, 0.5018491116530674
0.4960754387877466, 0.5113187748169871
0.49585740760928815, 0.4888192889174442
0.4973563719611904, 0.5014351982910259
0.49972746102692683, 0.49874408320367897
0.5013354409680585, 0.4960402643708771
0.5000545077946146, 0.5046207418514244
0.49754714924234167, 0.5056630678605596
0.4999727461026927, 0.48801187271073176
0.49961844543769757, 0.4991974811316215
0.5003815545623024, 0.49627682671451967
0.4967022784258149, 0.48310944706125314
0.49825575057233185, 0.48543795477390506
0.4995911915403903, 0.4955510798239272
0.49961844543769757, 0.4851255577643889
0.4981739888804099, 0.49721495823120054
0.49648424724735635, 0.49895260851456275
0.4999727461026927, 0.5015809452417102
0.4985555434427123, 0.4987556558405379
0.5018532650168974, 0.5037974137215833
0.4961844543769759, 0.49577054471201376
0.5039245612122534, 0.5187774035533659
0.4991551291834732, 0.5036123506480876
0.4978196882154148, 0.49770421901273454
0.4996456993350049, 0.49588159875391735
0.501989534503434, 0.49071447743813046
0.5012536792761365, 0.5089411437767848
0.49697481739888805, 0.4940060925451787
0.49280497111086885, 0.5003448580943428
0.502071296195356, 0.5005690822384401
0.49986373051346344, 0.5024287495534464
0.49593916930121007, 0.4964083109713835
0.49185108470511285, 0.49042857189846545
0.5008448708165267, 0.49764718142640907
0.4956393764308296, 0.4945200725040032
0.49850103564809767, 0.4978257088974889
0.498010465496566, 0.5061814109679269
0.49754714924234167, 0.49773892539413067
0.4979559577019514, 0.4938594363889357
0.5024528507576583, 0.5051693442307899
0.5014989643519023, 0.4997384102838443
0.49773792652349286, 0.49419508117355826
0.4986373051346343, 0.4946908488517612
0.4987463207238635, 0.5064293383164182
0.49356808023547366, 0.49969251348884847
0.5, 0.5076444891607768
0.5035975144445656, 0.5013075464682302
0.4978469421127221, 0.4989549229914801
0.4969203096042734, 0.49259224833917137
0.4989098441077074, 0.50105287977823
0.4994004142592391, 0.497679925707438
0.5015807260438243, 0.501681232103802
0.501907772811512, 0.5194665171040744
0.49792870380464405, 0.5040694835848876
0.5007086013299902, 0.5039434154827231
0.49953668374577564, 0.5045373773633466
0.5026436280388096, 0.506927228923579
0.49713834078273195, 0.49674504650439155
0.49356808023547366, 0.5014555258143113
0.49970020712961954, 0.5038446744146692
0.49629346996620516, 0.49362476918853637
0.4973563719611904, 0.4973967003181481
0.5037882917257168, 0.5037463124456995
0.5020985500926632, 0.5042217438011802
0.4989098441077074, 0.49233462208444356
0.4970293251935027, 0.5071020817428258
