ATE real, ATE estimado
0.33903848250299795, 0.3900710614198407
0.34784149133326064, 0.3846503259484889
0.3400468767033686, 0.3642174292550661
0.341818380028344, 0.3784477677103392
0.3407009702387441, 0.38433054913828085
0.3386024201460809, 0.37000861991075074
0.3398833533195247, 0.380333075136977
0.34312656709909517, 0.3704427968845269
0.34031941567644175, 0.38051446251979676
0.3417093644391148, 0.38480804159524307
0.33803008830262726, 0.37322865657427895
0.3423089501798757, 0.36826764427381437
0.33781205712416873, 0.3712725371514665
0.3404829390602856, 0.3727614868489453
0.3465060503652022, 0.38911665091522313
0.3381663577891639, 0.3848218084051203
0.34364439114793416, 0.3750455980722975
0.33835713507031506, 0.36461467231470807
0.34315382099640246, 0.39702212577184526
0.34329009048293907, 0.38161868554494355
0.33710345579417855, 0.3646422496312812
0.34187288782295866, 0.386307122377812
0.34146407936334894, 0.37799497448675257
0.342935789817944, 0.38035561254827827
0.3431810748937098, 0.37337026831611475
0.3384934045568516, 0.3683590667309025
0.34067371634143684, 0.39113213526128227
0.3402921617791344, 0.3799017959332438
0.34108252480104656, 0.37299959858257403
0.34383516842908535, 0.38619288848979405
0.34271775863948545, 0.38417056495743257
0.3419819034121879, 0.3776289101229747
0.33634034666957374, 0.36675794244372273
0.34075547803335876, 0.37475999252037606
0.33838438896762235, 0.37724133713008895
0.3445437697590755, 0.3723780172917443
0.3441349612994658, 0.3765287779351988
0.3421454267960318, 0.37254914730988614
0.3413278098768124, 0.3808633605565326
0.3411915403902758, 0.3659668715482664
0.3402921617791344, 0.3808257293938543
0.3404829390602856, 0.3804335468254462
0.34124604818489046, 0.37382890958260534
0.3442984846833097, 0.37546110494618334
0.3402104000872125, 0.365998212052248
0.3419273956175733, 0.3686783139089468
0.34200915730949527, 0.3742283252444515
0.34457102365638287, 0.37612333992949243
0.33996511501144666, 0.36622271559979086
0.3411370325956612, 0.375273390389655
0.3430993132017879, 0.38849117730185245
0.33955630655183694, 0.39113654431414985
0.34040117736836367, 0.37224809476314025
0.34034666957374904, 0.3951672906655094
0.34146407936334894, 0.3618151885589469
0.33963806824375886, 0.3734915792849407
0.3372942330753298, 0.37820658819106856
0.3422271884879538, 0.3816847148484322
0.3426359969475635, 0.37044314147017565
0.3429902976125586, 0.3832627854842387
0.3423089501798757, 0.3792508457987001
0.3393382753733784, 0.3699777067422856
0.337921072713398, 0.36613885295359605
0.337485010356481, 0.37050498847517604
0.3420636651041099, 0.3707063241873798
0.3366401395399542, 0.3703318859047099
0.3366401395399542, 0.3586775636768691
0.34290853592063664, 0.3850011162240762
0.3414913332606563, 0.3762760646046457
0.33514117518805187, 0.36590170442430026
0.3408099858279734, 0.3742291489726023
0.3375667720484029, 0.36469509429479025
0.34315382099640246, 0.36856054456302423
0.34184563392565137, 0.3753342752906998
0.34239071187179765, 0.39631289068402825
0.34179112613103674, 0.3820583381702923
0.342854028126022, 0.3872282993396601
0.3395290526545296, 0.37529059856276736
0.3404556851629783, 0.36637328030675875
0.33691267851302736, 0.3767643414416463
0.3444620080671536, 0.39455695928502366
0.34059195464951486, 0.3734857297938224
0.34484356262945604, 0.3868453004503935
0.3396925760383735, 0.3800410169600245
0.3435898833533195, 0.3918427884217642
0.3410007631091246, 0.37549000803540455
0.3392837675787638, 0.37891764604140227
0.3455794178567535, 0.3778670341999151
0.3393382753733784, 0.37300397559823306
0.34091900141720266, 0.38596072349373783
0.34040117736836367, 0.37853979519083253
0.33718521748610053, 0.3683562271117915
0.3428267742287147, 0.38418874052427693
0.3391202441949199, 0.36848910096527365
0.3426632508448708, 0.3775560354963423
0.33996511501144666, 0.37153988960869544
0.33925651368145643, 0.3706380440247395
0.3419819034121879, 0.38109855410443155
0.340864493622588, 0.37989438263211495
0.34001962280606124, 0.366209949563568
0.34184563392565137, 0.3853028552334957
0.33813910389185653, 0.38354876362904267
0.3442712307860024, 0.38253297563239275
0.3439169301210073, 0.3721083784073536
0.34067371634143684, 0.3614666493753011
0.34001962280606124, 0.3761595451078212
0.34290853592063664, 0.38311187348638387
0.34051019295759294, 0.36921736423346113
0.34143682546604165, 0.3727710628584862
0.3387931974272321, 0.371520533989923
0.3389294669137687, 0.3871697594358948
0.3411642864929685, 0.3760619393677689
0.3426632508448708, 0.37805808337743907
0.33982884552491005, 0.3879960613482945
0.34168211054180747, 0.3805056922481048
0.3360678076965006, 0.3700257941947802
0.34473454704022677, 0.36053441318409324
0.341382317671427, 0.36863668749493333
0.342417965769105, 0.38409638738963003
0.34094625531450995, 0.37301774182783876
0.34067371634143684, 0.3745847313734165
0.345361386678295, 0.38571393544325155
0.34203641120680256, 0.3761475547792478
0.3416548566445002, 0.3841484055239429
0.3445437697590755, 0.3686886307226631
0.3409735092118173, 0.3789418963065497
0.3402649078818271, 0.37552543629260937
0.3362040771830372, 0.3919536112025011
0.3426359969475635, 0.3869099962812113
0.3462880191867437, 0.37630175670420196
0.34331734438024636, 0.36976273138203425
0.34269050474217816, 0.38419915039011754
0.34110977869835385, 0.3914398339131495
0.34601548021367057, 0.38645606022419793
0.3417093644391148, 0.37623089770147006
0.3422816962825684, 0.36895655380901404
0.3416548566445002, 0.38321709024937445
0.3401286383952905, 0.38061241622845365
0.33931102147607106, 0.3766957891102193
0.3435353755587049, 0.37807407546609345
0.3405374468549002, 0.37184714380772416
0.33914749809222716, 0.371069647442008
0.3408099858279734, 0.36602262589836937
0.3375667720484029, 0.3860603076022753
0.34179112613103674, 0.365852827665581
0.3390929902976126, 0.3714067788879508
0.3408099858279734, 0.3703510180375693
0.3384116428649297, 0.3692889236234039
0.3402921617791344, 0.3703613294242017
0.34495257821868525, 0.37936587097937363
0.3422816962825684, 0.3779410452621432
0.3400741306006759, 0.3749914477635873
0.33710345579417855, 0.3817675872925844
0.34380791453177806, 0.38267337090236087
0.34168211054180747, 0.37232517931874154
0.33813910389185653, 0.3719491961335607
0.3438624223263927, 0.3710017934727807
0.3397198299356808, 0.3708892682112135
0.340864493622588, 0.3679782016296262
0.3410280170064319, 0.3732586815834278
0.34146407936334894, 0.3829219659647177
0.3450343399106072, 0.38729289413516854
0.3411370325956612, 0.3811851430082373
0.3445437697590755, 0.38461393066650035
0.34162760274719284, 0.3748956787804214
0.34367164504524145, 0.3765073617319894
0.3455794178567535, 0.3722629026119275
0.3420636651041099, 0.3748877202071612
0.33743050256186635, 0.37956893370809014
0.33743050256186635, 0.37176344969702363
0.3402921617791344, 0.36544207218109553
0.33658563174533956, 0.37130744741823474
0.34127330208219775, 0.38277434539450456
0.3389839747083833, 0.3767300885520496
0.3402104000872125, 0.38557699072132656
0.3468603510301973, 0.3737815691183696
0.3422816962825684, 0.36809946725827286
0.3420636651041099, 0.3792536551384689
0.34639703477597295, 0.3804084202541007
0.3377030415349395, 0.36121935855632115
0.33925651368145643, 0.3767560800607642
0.33925651368145643, 0.3644002306606459
0.3437806606344707, 0.3715591093716033
0.34345361386678297, 0.37980241052088487
0.3425814891529489, 0.3751443123269415
0.34236345797449036, 0.37165378941783755
0.3393655292706857, 0.3856164091386161
0.346315273084051, 0.38036788910043345
0.34168211054180747, 0.3772402844821468
0.3438624223263927, 0.3781174160969336
0.33781205712416873, 0.3658513592108847
0.3456611795486755, 0.37643949327516824
0.34236345797449036, 0.3865215413203953
0.34585195682982667, 0.37473033105371834
0.3427722664341001, 0.3881093634869393
0.3423089501798757, 0.37720850066720457
0.34596097241905593, 0.3862738552522732
0.3401286383952905, 0.38217173532982335
0.34034666957374904, 0.3695590642846401
0.33991060721683203, 0.36468355766759497
0.3410280170064319, 0.3849820797391596
0.3421454267960318, 0.36384446400814635
0.33693993241033465, 0.36845446548669514
0.34015589229259785, 0.38761477008979695
0.3417093644391148, 0.38080381269924
0.34424397688869507, 0.38901355738606064
0.3426359969475635, 0.3797285550874199
0.34075547803335876, 0.3712278862998073
0.33301537119808133, 0.3626799535795453
0.34271775863948545, 0.3693372643263046
0.3400468767033686, 0.3713988058739667
0.3420636651041099, 0.3920520601498553
0.34269050474217816, 0.3606801153574334
0.34110977869835385, 0.3634588618507353
0.3394472909626077, 0.37578624068286076
0.3456611795486755, 0.3908850241488673
0.3419273956175733, 0.37816155343434654
0.34345361386678297, 0.38561263901052756
0.33565899923689085, 0.36474050733209734
0.34307205930448054, 0.3859812148542873
0.3444347541698463, 0.39514399893541935
0.338438896762237, 0.38103011788984276
0.3430175515098659, 0.38925157391997134
0.3410007631091246, 0.37837938687548206
0.33811184999454924, 0.3752633814555449
0.33974708383298813, 0.3792848982198851
0.34315382099640246, 0.37163766631985296
0.34059195464951486, 0.36512011955592283
0.34124604818489046, 0.38591991264831843
0.3386024201460809, 0.38157624483981356
0.33931102147607106, 0.36832389459005677
0.33906573640030524, 0.36485679401768856
0.34108252480104656, 0.3735185502491895
0.3396925760383735, 0.37319410575812434
0.3424452196664123, 0.3807092063648947
0.3402376539845198, 0.38048250746122886
0.3395290526545296, 0.37417385590891517
0.3404829390602856, 0.36929139769626873
0.3397743377302954, 0.37802765974669317
0.34585195682982667, 0.378049668831897
0.340864493622588, 0.3684710371164438
0.34217268069333917, 0.38131207855871146
0.3390929902976126, 0.3648081663118141
0.341382317671427, 0.37377497972783547
0.34168211054180747, 0.3570428253614357
0.34083723972528074, 0.36560962049550044
0.3440531996075439, 0.37696245349966123
0.34127330208219775, 0.3916218097577212
0.33974708383298813, 0.38227770442558523
0.3424452196664123, 0.37971151900403255
0.3428267742287147, 0.36605478001244324
0.340428431265671, 0.3703839057837954
0.3376485337403249, 0.37744443382201004
0.34525237108906576, 0.38095571821213514
0.3463425269813583, 0.37609178003182603
0.345361386678295, 0.3856978724230356
0.341382317671427, 0.38932022568306
0.3406192085468222, 0.37879715476134096
0.34056470075220757, 0.380476990440094
0.34331734438024636, 0.3775142321461891
0.33691267851302736, 0.38355517894441377
0.3426632508448708, 0.3744040944546482
0.3439441840183146, 0.37692033985619444
0.34307205930448054, 0.36518120240439617
0.34489807042407067, 0.37236923698811414
0.33813910389185653, 0.37506885018454694
0.34089174751989537, 0.3560361800031317
0.34348086776409026, 0.3770082099160237
0.34162760274719284, 0.3541747106365186
0.3388477052218467, 0.3756899280035498
0.34203641120680256, 0.37624688625409564
0.3447890548348414, 0.38896759586666174
0.34304480540717325, 0.3890416176751667
0.3410007631091246, 0.3764806923715946
0.34034666957374904, 0.36981632552567023
0.34315382099640246, 0.3622510240060085
0.3426087430502562, 0.38150605359420453
0.3410280170064319, 0.374326580073502
0.3373487408699444, 0.3648208574031487
0.3419273956175733, 0.37952520956695146
0.3413278098768124, 0.36910685081256756
0.336967186307642, 0.3754773439002391
0.3442984846833097, 0.3745730018780035
0.3357135070315055, 0.37931253449072844
0.34217268069333917, 0.3736763662863968
0.34269050474217816, 0.37959143035998677
0.3387931974272321, 0.3627507933534569
0.3444620080671536, 0.39206963342583384
0.3353592063665104, 0.3722842594898251
0.3435353755587049, 0.3731493078619826
0.341382317671427, 0.3973058755631142
0.3427722664341001, 0.3856266172370531
0.3400468767033686, 0.37591160080114033
0.3382208655837785, 0.3659050946408438
0.3450615938079145, 0.38103743741866586
0.3472146516951924, 0.3637281738412626
0.3393382753733784, 0.3781180712635994
0.3356862531341982, 0.35798201678444896
0.3424997274610269, 0.3834633971518843
0.3402376539845198, 0.37194613210170036
0.3436988989425488, 0.3673097934709755
0.34527962498637305, 0.3866729936249529
0.3442167229913878, 0.37981872177500275
0.34146407936334894, 0.38309272058067934
0.3410007631091246, 0.3750569202206481
0.3444892619644609, 0.37555967520439837
0.33974708383298813, 0.3760895312667517
0.3381663577891639, 0.3718882876847557
0.33942003706530033, 0.37326198445563324
0.3413278098768124, 0.3852509544741385
0.34307205930448054, 0.37733342871109266
0.3382208655837785, 0.3718545383453688
0.34089174751989537, 0.35550216046770844
0.33871143573531015, 0.3643230855165878
0.33854791235146625, 0.37599051840447345
0.3432083287910171, 0.38060320960632554
0.33800283440532, 0.3742028422474787
0.3404556851629783, 0.3682880678853045
0.3453341327809877, 0.38312852805671954
0.3397743377302954, 0.3645401696605356
0.3410552709037392, 0.3725924944373819
0.3390112286056906, 0.3759444485890951
0.34031941567644175, 0.3673911292732125
0.34236345797449036, 0.37326131859909933
0.340864493622588, 0.3852710662580769
0.33778480322686144, 0.3762869066603763
0.34296304371525127, 0.36418704388446915
0.3426087430502562, 0.37520098813891417
0.3466150659544315, 0.3769658245357848
0.3426632508448708, 0.38442153410807844
0.3422544423852611, 0.38467095689866054
0.3435353755587049, 0.37953253582997415
0.341382317671427, 0.3776214217534731
0.3419819034121879, 0.3735922776956261
0.34094625531450995, 0.3823677352174473
0.3395290526545296, 0.37418608783507123
0.341382317671427, 0.38197075008287307
0.34271775863948545, 0.37709446786905354
0.3398833533195247, 0.37051406373135315
0.3376485337403249, 0.3673698448620235
0.34457102365638287, 0.3869175605945957
0.34127330208219775, 0.3758248526754585
0.33906573640030524, 0.3726271762296016
0.34399869181292925, 0.3741914965427595
0.3461517497002071, 0.3797445813360068
0.34040117736836367, 0.38525250420124413
0.3411370325956612, 0.366489203099078
0.33914749809222716, 0.37819722995538857
0.3439441840183146, 0.3782732797990499
0.3391202441949199, 0.37766252239414605
0.3407009702387441, 0.3694537111517794
0.3378938188160907, 0.36393404514219085
0.342336204077183, 0.3762715455699934
0.3394472909626077, 0.3668645957639078
0.33942003706530033, 0.37408713907414615
0.34187288782295866, 0.3789783698392208
0.3440531996075439, 0.3808186666647068
0.3390112286056906, 0.3792795392902956
0.3377030415349395, 0.3677882299327403
0.3438896762237, 0.3815510835909268
0.34187288782295866, 0.3743793804760096
0.341382317671427, 0.37874953455634836
0.34184563392565137, 0.38232620459854233
0.3390112286056906, 0.3751624637559331
0.33947454485991496, 0.37642055658338264
0.3465060503652022, 0.38187972396296366
0.33835713507031506, 0.376675207654314
0.3411370325956612, 0.37218555773639544
0.3431810748937098, 0.36933779671162953
0.34290853592063664, 0.3698212570364088
0.346315273084051, 0.3753233999017432
0.34124604818489046, 0.39171220961842496
0.3411642864929685, 0.37786688435478655
0.34544314837021695, 0.3839598894964052
0.34252698135833426, 0.37398268721028893
0.3390929902976126, 0.3835330284660225
0.34124604818489046, 0.36770588032700124
0.3426087430502562, 0.3920369633320587
0.34740542897634363, 0.3791715479374464
0.3422544423852611, 0.36972627763605104
0.34072822413605147, 0.36879994478645456
0.3419273956175733, 0.3689869235294653
0.3380845960972419, 0.38662605360847396
0.3400741306006759, 0.36769820019843025
0.34304480540717325, 0.37889237498913947
0.34110977869835385, 0.3797215203896035
0.3415730949525782, 0.3775714959913683
0.34160034884988555, 0.3740823381915139
0.34271775863948545, 0.38291145364978935
0.34162760274719284, 0.37181868005341906
0.33838438896762235, 0.3800016757376719
0.34331734438024636, 0.37665712385047584
0.3440531996075439, 0.3816902754333683
0.33598604600457865, 0.3774323725732506
0.34124604818489046, 0.3696725628198846
0.3460972419055925, 0.3829290719521591
0.34056470075220757, 0.37159940670201136
0.3397198299356808, 0.3757395865043799
0.34168211054180747, 0.3938295895392731
0.33658563174533956, 0.356797598065497
0.34151858715796357, 0.3713479784554268
0.3401286383952905, 0.36943113719298104
0.34279952033140737, 0.36350966635491533
0.3396108143464515, 0.3634179212264896
0.34184563392565137, 0.3674962172105012
0.34271775863948545, 0.3820509884055099
0.3424452196664123, 0.37561102499266313
0.34091900141720266, 0.35892429344598514
0.341900141720266, 0.3795995058111175
0.34187288782295866, 0.3685747061412366
0.3440259457102366, 0.373540275104667
0.3440259457102366, 0.372141436026329
0.3414913332606563, 0.37870634347194926
0.3412187942875831, 0.3653156698293922
0.3363948544641884, 0.3667529589101082
0.3454976561648316, 0.3920824956928526
0.338438896762237, 0.3692564673409401
0.3451433554998365, 0.37509553293052117
0.34440750027253897, 0.37590664064398205
0.33813910389185653, 0.37864192355514226
0.3443802463752317, 0.38881655635588014
0.34184563392565137, 0.3729698478485111
0.3395017987572223, 0.3756445671444249
0.3395017987572223, 0.36989473691005786
0.34356262945601224, 0.3944206887577381
0.3440531996075439, 0.37755547227516506
0.3432628365856317, 0.38583067848612734
0.3438896762237, 0.35660352975739035
0.33922925978414914, 0.3815673681353382
0.3450070860132999, 0.37757575756899747
0.3378938188160907, 0.3711076181489782
0.3456611795486755, 0.371186747143441
0.3441349612994658, 0.3677066615079044
0.3376757876376322, 0.384884792113553
0.3398833533195247, 0.3740031920243583
0.33982884552491005, 0.3658960370410324
0.34304480540717325, 0.37808065326718315
0.34274501253679274, 0.3793225976742501
0.340428431265671, 0.36199521762244263
0.3441349612994658, 0.37446421303023036
0.34705112831134854, 0.3707555542984439
0.3455521639594462, 0.37782016873185487
0.33342417965769106, 0.36554874517730684
0.34279952033140737, 0.38112057698582197
0.3395290526545296, 0.384478908634198
0.3421454267960318, 0.37926292111858634
0.3391747519895345, 0.3814640938558987
0.3402104000872125, 0.36802597674652177
0.34367164504524145, 0.3758236731263219
0.34176387223372945, 0.38298242620015194
0.34397143791562196, 0.39411353811698624
0.3407009702387441, 0.3800670994999426
0.34290853592063664, 0.3890590716043836
0.3402649078818271, 0.3862559248201869
0.3411915403902758, 0.37620366067476374
0.34067371634143684, 0.37183209495517433
0.34031941567644175, 0.38597135565135876
0.34089174751989537, 0.3706276472549018
0.34312656709909517, 0.3950554288938082
0.3441077074021585, 0.38348328059860587
0.34108252480104656, 0.36876947046943565
0.34705112831134854, 0.3935240438309948
0.34160034884988555, 0.38181625889179166
0.34473454704022677, 0.37662568130444013
0.34059195464951486, 0.37797712387429644
0.3383298811730077, 0.37365955669370793
0.3475416984628802, 0.38848628335004504
0.33974708383298813, 0.3768361576783631
0.3397743377302954, 0.37267984318231717
0.34383516842908535, 0.3806846489898033
0.34432573858061705, 0.37828997180331797
0.34617900359751447, 0.38085926694677474
0.34418946909408044, 0.37810538948702044
0.3435353755587049, 0.3766830559163178
0.34135506377411967, 0.37291357566609923
0.34364439114793416, 0.3919075575546469
0.33835713507031506, 0.37850259779957784
0.3417093644391148, 0.3690061970914199
0.3380573421999346, 0.3723004696913592
0.3409735092118173, 0.36828189503730985
0.3400741306006759, 0.3720688047104736
0.34146407936334894, 0.3693436338784633
0.34527962498637305, 0.3808644896172839
0.34620625749482176, 0.386420877060391
0.34345361386678297, 0.37632850404016865
0.3385751662487736, 0.380514279374014
0.33685817071841273, 0.37216687530457504
0.3448708165267633, 0.37212511705805057
0.3398833533195247, 0.3831179590707103
0.3442712307860024, 0.39637055196372795
0.33963806824375886, 0.3856973147724739
0.34416221519677315, 0.37755135298169956
0.3419273956175733, 0.37598227440002707
0.3429902976125586, 0.389345120684952
0.3446527853483048, 0.38211246272562877
0.33873868963261744, 0.37300692482279785
0.3463425269813583, 0.3773620873914196
0.34312656709909517, 0.37470114926925063
0.34143682546604165, 0.3863362503206057
0.3367219012318762, 0.3757228876500353
0.3438896762237, 0.3933334387711877
0.3387931974272321, 0.38808481008084633
0.3382753733783931, 0.3696767384047838
0.33683091682110544, 0.37617178468827
0.33955630655183694, 0.36576390390388325
0.33800283440532, 0.36884920087139
0.3362040771830372, 0.36451061987129557
0.3400468767033686, 0.38344011297603386
0.34345361386678297, 0.36852068768546853
0.34018314618990514, 0.3795160189709157
0.34604273411097786, 0.372938903078087
0.3485500926632508, 0.3832418727152336
0.3430175515098659, 0.38946426391935185
0.33980159162760276, 0.3775728797825796
0.3440259457102366, 0.3708132453846289
0.3434263599694756, 0.37193779245265524
0.3395017987572223, 0.3826709633083783
0.33811184999454924, 0.381222002167595
0.34018314618990514, 0.38354831195062294
0.34034666957374904, 0.37368904520692897
0.3427722664341001, 0.37945027412481314
0.3415730949525782, 0.36671205874034046
0.3411642864929685, 0.3866309584184934
0.33999236890875395, 0.3723324885976264
0.3436988989425488, 0.3998327878606708
0.3413278098768124, 0.38151499868872424
0.3376757876376322, 0.37307538354453856
0.34560667175406085, 0.3802503022398933
0.3383298811730077, 0.35144601325374486
0.3442984846833097, 0.37890449981776203
0.34274501253679274, 0.37507058945892113
0.33982884552491005, 0.38760371116582987
0.3387659435299248, 0.37193542746151
0.3382481194810858, 0.37521716184127696
0.34176387223372945, 0.36727809457446614
0.3389839747083833, 0.37351263164410636
0.3427722664341001, 0.3772702695985292
0.33999236890875395, 0.38703348267297
0.3394472909626077, 0.3848608636944534
0.34072822413605147, 0.37779107230115466
0.33702169410225663, 0.37738634652032416
0.34269050474217816, 0.37564548708340684
0.34288128202332935, 0.36556505781621296
0.34051019295759294, 0.36504514078127454
0.34040117736836367, 0.37645547975825816
0.34508884770522186, 0.37093382950576015
0.3368036629237981, 0.3812999193822084
0.34127330208219775, 0.3778397521412515
0.34146407936334894, 0.38494991209438884
0.34617900359751447, 0.3888417813094474
0.34056470075220757, 0.3888833700119983
0.3424724735637196, 0.3783072782492719
0.34151858715796357, 0.3858461796115005
0.3420636651041099, 0.3778978803570898
0.3417366183364221, 0.37173916558058395
0.3375667720484029, 0.37757671227897693
0.3455794178567535, 0.3678854403828322
0.34236345797449036, 0.37035258961320655
0.34315382099640246, 0.37000518070993865
0.34067371634143684, 0.35641405843930707
0.34672408154366074, 0.38562441314684787
0.3437806606344707, 0.38608086656327323
0.3404556851629783, 0.38872369857060024
0.34236345797449036, 0.37689207839243655
0.33942003706530033, 0.3634128799686853
0.3415730949525782, 0.3754617427883861
0.3396108143464515, 0.3796633189066619
0.34468003924561214, 0.36961545782863886
0.3404829390602856, 0.3771225968646089
0.34239071187179765, 0.3602610997929129
0.3417366183364221, 0.38215807287882736
0.3406464624441295, 0.3697085522400723
0.33980159162760276, 0.38388835178572134
0.3440259457102366, 0.37832380177503266
0.34568843344598277, 0.37145756163204124
0.3344870816526763, 0.35980443143001917
0.34162760274719284, 0.3755412042305994
0.33922925978414914, 0.38388119126292125
0.3387931974272321, 0.3751268921931996
0.3459337185217486, 0.37886840950757666
0.34239071187179765, 0.3820099500791169
0.34364439114793416, 0.3787927506034179
0.34620625749482176, 0.3819567568333969
0.3446255314509975, 0.3907820144160369
0.34146407936334894, 0.3784397760676475
0.33838438896762235, 0.36494854542330163
0.3435353755587049, 0.3748648825706759
0.3399378611141393, 0.3778402777710742
0.33546822195573966, 0.36841889049963716
0.33914749809222716, 0.36807360181616056
0.343371852174861, 0.3735054347229415
0.34476180093753406, 0.36326122241320397
0.34604273411097786, 0.38673943942179045
0.3409735092118173, 0.3814324813342007
0.34168211054180747, 0.3843243300938427
0.340428431265671, 0.3694856026083951
0.34304480540717325, 0.3787929107983093
0.3415458410552709, 0.3679708030176448
0.33601329990188594, 0.36690512651341517
0.3416548566445002, 0.3891601028417627
0.34468003924561214, 0.3814276201961461
0.3470238744140412, 0.39142641094156855
0.338956720811076, 0.3768732707495954
0.3425814891529489, 0.36907734049411867
0.3419819034121879, 0.3840095003596359
0.33922925978414914, 0.3791613694776397
0.3362858388749591, 0.3773040815146144
0.34356262945601224, 0.377932153869338
0.34110977869835385, 0.37215314680837025
0.3366401395399542, 0.36700404925087404
0.3444620080671536, 0.37886570909959205
0.3447072931429194, 0.3625649439463364
0.3444347541698463, 0.37289868554299327
0.3407827319306661, 0.3701311329860822
0.34345361386678297, 0.3748927117718797
0.3386569279406955, 0.367024398364267
0.3455794178567535, 0.39228241261728414
0.34151858715796357, 0.373960945399778
0.34290853592063664, 0.3894190965230822
0.3420909190014172, 0.3798721386276817
0.3412187942875831, 0.377429096129246
0.34348086776409026, 0.37466956193624523
0.341900141720266, 0.38971692530054824
0.3420636651041099, 0.3830660501011009
0.34108252480104656, 0.35938951877281183
0.3432628365856317, 0.37053025072805434
0.3405374468549002, 0.3756133050128077
0.34056470075220757, 0.38457210186657725
0.34408045350485117, 0.3711940023471965
0.3414913332606563, 0.38482160631781753
0.3390112286056906, 0.3645447741324441
0.3382208655837785, 0.37744418239124294
0.3424997274610269, 0.37981173578757715
0.3403739234710564, 0.37483412307390795
0.34067371634143684, 0.39354415930826964
0.34290853592063664, 0.37782231689256096
0.3429902976125586, 0.36761833625486245
0.34252698135833426, 0.37673323969355843
0.3446255314509975, 0.39418621347411215
0.34399869181292925, 0.3727978814875297
0.3410007631091246, 0.3752418309562513
0.343371852174861, 0.371926976148522
0.34211817289872454, 0.37938066725255293
0.33830262727570043, 0.37272622290460816
0.3430175515098659, 0.3775118659887437
0.34094625531450995, 0.38348233198544834
0.34179112613103674, 0.3654181989113847
0.34380791453177806, 0.37413804802753237
0.34274501253679274, 0.38015660318232636
0.3439169301210073, 0.38162899406958545
0.3427722664341001, 0.3960799892002077
0.3377302954322468, 0.38480632004519455
0.33590428431265673, 0.3816838034554161
0.3404829390602856, 0.37171554494670206
0.34255423525564155, 0.3733504816939142
0.3468603510301973, 0.3821911329984292
0.3404829390602856, 0.37183127088635487
0.34356262945601224, 0.3818024446199546
0.34579744903521203, 0.38357756913072866
0.3424997274610269, 0.38088755158310894
0.3422271884879538, 0.37631523169644954
0.34075547803335876, 0.3804389272402469
0.34323558268832444, 0.3714002921537318
0.347269159489807, 0.3774683883336324
0.34018314618990514, 0.37859661619844615
0.34418946909408044, 0.37170860881711126
0.336449362258803, 0.37281635319687706
0.34274501253679274, 0.3829676700863985
0.3446255314509975, 0.37964433551542415
0.34290853592063664, 0.39045223321766415
0.3407827319306661, 0.3856146508148667
0.3426359969475635, 0.3840447651811778
0.3413278098768124, 0.37720358057724745
0.34162760274719284, 0.37372774878791104
0.33451433554998367, 0.37098832888810956
0.3429902976125586, 0.38859860388755774
0.3402104000872125, 0.36736159418901143
0.34187288782295866, 0.37285072398286906
0.33955630655183694, 0.3795777480297007
0.3460699880082852, 0.3747953716648535
0.34143682546604165, 0.38177514407836444
0.33326065627384716, 0.36812155201380564
0.3417366183364221, 0.3834840466528893
0.343371852174861, 0.39121765795599994
0.3395290526545296, 0.37414970356117544
0.34544314837021695, 0.3853783671840648
0.34151858715796357, 0.3836299665688665
0.3397198299356808, 0.365870465169376
0.33980159162760276, 0.3724539957972538
0.34296304371525127, 0.3859616021839193
0.33445982775536903, 0.3661585318550396
0.3427722664341001, 0.38943014960861705
0.34577019513790475, 0.3784405099250582
0.33955630655183694, 0.3811145310613423
0.33854791235146625, 0.3804934464349702
0.34124604818489046, 0.38026570190698283
0.3400468767033686, 0.37756782940097305
0.3402104000872125, 0.36686636685637947
0.33873868963261744, 0.3632466532127991
0.33914749809222716, 0.37704421891607165
0.3383298811730077, 0.3705567923949685
0.3382481194810858, 0.37810405178815043
0.346315273084051, 0.38917276332036577
0.34236345797449036, 0.38853190279859207
0.3373759947672517, 0.3649428929482395
0.3386024201460809, 0.37257583863873955
0.33418728878229587, 0.3723170317760905
0.3395017987572223, 0.3975029726019995
0.3453341327809877, 0.37853821191834924
0.33830262727570043, 0.3743359870752879
0.3390112286056906, 0.36862043304726355
0.3389839747083833, 0.3741836196697304
0.3417093644391148, 0.3855895256620765
0.34127330208219775, 0.38319510923344513
0.3387659435299248, 0.386300354347986
0.3408099858279734, 0.3709589070582781
0.3372942330753298, 0.37018327304034304
0.3433445982775537, 0.3757638030985463
0.33634034666957374, 0.38298169522895004
0.3453886405756023, 0.39643327923066796
0.3442712307860024, 0.369712534459089
0.34484356262945604, 0.38259911965342214
0.34255423525564155, 0.37706094563033615
0.3390112286056906, 0.3660486835393911
0.3415458410552709, 0.36837930275300024
0.33871143573531015, 0.38614942667844765
0.3437806606344707, 0.3855010167722753
0.3435898833533195, 0.3799497667936019
0.3421454267960318, 0.3835268751266254
0.3377302954322468, 0.3824171862785337
0.34489807042407067, 0.3758233881569349
0.34312656709909517, 0.38221718652884956
0.343371852174861, 0.3782185433259894
0.33762127984301754, 0.37145207872975283
0.3457156873432901, 0.3906903603795397
0.33873868963261744, 0.37694167345750096
0.34203641120680256, 0.3829189575892286
0.3378393110214761, 0.3743445673376556
0.3369944402049493, 0.38069987219836265
0.3405374468549002, 0.38659388866298144
0.33743050256186635, 0.3788107023903577
0.34056470075220757, 0.38461538960518465
0.33947454485991496, 0.3821935701408859
0.3395017987572223, 0.3741685510146549
0.34075547803335876, 0.3761914659438387
0.3453341327809877, 0.3802096896071742
0.3410552709037392, 0.39061075057748007
0.3438896762237, 0.3864211822352681
0.3438624223263927, 0.3810317167454536
0.34296304371525127, 0.38206616508517494
0.34187288782295866, 0.37405875699676633
0.34636978087866566, 0.38799504102182963
0.3471873977978851, 0.3867172950614879
0.33974708383298813, 0.37905410988228116
0.3390929902976126, 0.3708885704709331
0.34468003924561214, 0.38258768335822924
0.3459064646244413, 0.38880136063489873
0.3411915403902758, 0.3817179804355228
0.34435299247792434, 0.3766211657020514
0.34143682546604165, 0.3703596514409965
0.33702169410225663, 0.3780120085395175
0.3398833533195247, 0.3785078697354032
0.34108252480104656, 0.3712044787038429
0.34672408154366074, 0.37536371870543894
0.3441349612994658, 0.3730602979444959
0.3419819034121879, 0.39057498396485685
0.3444620080671536, 0.37238388536207245
0.346315273084051, 0.3882803207763143
0.34729641338711437, 0.3767838264967523
0.33906573640030524, 0.36107825338758587
0.3432083287910171, 0.38014536460101
0.3433445982775537, 0.376417339075168
0.34143682546604165, 0.38132392525656705
0.34304480540717325, 0.3770338426599568
0.3396108143464515, 0.3791459637451224
0.33762127984301754, 0.374474818571497
0.34255423525564155, 0.3701765095673234
0.3416548566445002, 0.383372655149659
0.3382481194810858, 0.3638244492062982
0.3415458410552709, 0.368065293192666
0.3416548566445002, 0.37916024263057363
0.3395290526545296, 0.38238238561687915
0.33838438896762235, 0.3598856901817065
0.33963806824375886, 0.37291051836629296
0.3388477052218467, 0.36492943286264257
0.3416548566445002, 0.382954798052705
0.3431810748937098, 0.37226730833952876
0.34184563392565137, 0.3837885946032977
0.3402649078818271, 0.37044701384987777
0.3408099858279734, 0.3735214527211547
0.34072822413605147, 0.38266694026520104
0.34255423525564155, 0.380593011853923
0.3413005559795051, 0.37616146471150064
0.33871143573531015, 0.38227780853943305
0.34288128202332935, 0.3674815619137785
0.34895890112286054, 0.38466778607109425
0.3442167229913878, 0.37433213364008905
0.34315382099640246, 0.38759927531254607
0.3365583778480323, 0.3813079928243591
0.34601548021367057, 0.38105449742106806
0.3421454267960318, 0.38745854982331596
0.3406464624441295, 0.3792563108031772
0.33903848250299795, 0.37558851629519024
0.33914749809222716, 0.3860451040157238
0.33996511501144666, 0.3787020060397687
0.34094625531450995, 0.3708407916146775
0.3396925760383735, 0.3616094498724813
0.34435299247792434, 0.390325377637724
0.34056470075220757, 0.3760656845315812
0.33854791235146625, 0.37794113107867233
0.341900141720266, 0.3759112240562069
0.34547040226752423, 0.37769391966860183
0.3435353755587049, 0.3751714963245704
0.34271775863948545, 0.39185517313129675
0.34383516842908535, 0.3713577258136286
0.3424997274610269, 0.36100629040213955
0.33811184999454924, 0.3727426248095986
0.338438896762237, 0.3692049539226783
0.34127330208219775, 0.3759000581833588
0.34001962280606124, 0.36562298321643155
0.3435898833533195, 0.37636236782837795
0.3411370325956612, 0.3878703448661035
0.33890221301646134, 0.37212543895445793
0.33939278316799304, 0.3722023218374184
0.34418946909408044, 0.38602374261789824
0.3424724735637196, 0.37419211102327393
0.338956720811076, 0.3807714297450838
0.34091900141720266, 0.38025916093980777
0.34162760274719284, 0.3828048908219775
0.34271775863948545, 0.3882586700342433
0.34015589229259785, 0.371480491668677
0.34108252480104656, 0.3730012911569525
0.3386841818380028, 0.36799210460734977
0.3382208655837785, 0.38030244376856603
0.3427722664341001, 0.3692613254942443
0.3404829390602856, 0.37530009175253753
0.3378938188160907, 0.3670324002479819
0.34484356262945604, 0.3829369249123912
0.34279952033140737, 0.3790778358676158
0.3442167229913878, 0.3721370560235012
0.3422544423852611, 0.3835159559989909
0.3437534067371634, 0.3645126328675067
0.34271775863948545, 0.3911198492839844
0.33887495911915405, 0.3682165805738414
0.34176387223372945, 0.3592971922577018
0.34636978087866566, 0.3741871442937276
0.3453886405756023, 0.382275647805579
0.34236345797449036, 0.3867953117114597
0.338438896762237, 0.3710803978577539
0.34473454704022677, 0.3802554226065508
0.342336204077183, 0.3731042933362
0.3407827319306661, 0.3847066734851864
0.34307205930448054, 0.3677635506465803
0.3407827319306661, 0.3722343977586743
0.33939278316799304, 0.36538100339605023
0.34124604818489046, 0.37831268576074206
0.34290853592063664, 0.3754558544294754
0.3403739234710564, 0.38487587435424664
0.34040117736836367, 0.37243458418214476
0.33966532214106615, 0.3728244955683772
0.34408045350485117, 0.36232745319657367
0.3414913332606563, 0.3905167698496994
0.3436171372506268, 0.38748764527237595
0.33939278316799304, 0.36775418517418706
0.3421454267960318, 0.37512742152619655
0.3440259457102366, 0.37545850778742645
0.34146407936334894, 0.3706470995629038
0.3424452196664123, 0.38387980334216254
0.3394472909626077, 0.377282913135763
0.3407009702387441, 0.36753055688310193
0.3444347541698463, 0.3789743197710164
0.34034666957374904, 0.3859002711524757
0.33634034666957374, 0.36835206386739844
0.34146407936334894, 0.3788011529671381
0.33871143573531015, 0.38795136842924843
0.3437534067371634, 0.3785922805483262
0.3448708165267633, 0.3711497041436682
0.33996511501144666, 0.37044717761172424
0.33890221301646134, 0.36847984514050997
0.3410007631091246, 0.3788099054303428
0.3439169301210073, 0.3727287467964653
0.3396108143464515, 0.37032245959670795
0.3360678076965006, 0.3756300078267494
0.33846615065954433, 0.3795546958982409
0.3411642864929685, 0.37069628431759805
0.3444892619644609, 0.3720113790937981
0.34091900141720266, 0.3719684644201569
0.3454158944729096, 0.39304682445649564
0.33685817071841273, 0.35016727886779386
0.34348086776409026, 0.38822780644275434
0.3450615938079145, 0.37037105224562605
0.3426359969475635, 0.3767383218479438
0.3417093644391148, 0.3649917624543543
0.3438624223263927, 0.38689862135675096
0.34364439114793416, 0.37588483967005737
0.34001962280606124, 0.36902795219417395
0.3424997274610269, 0.3809608331883853
0.3428267742287147, 0.3787248230101297
0.3397743377302954, 0.3744022220279592
0.33813910389185653, 0.39250108356079866
0.33996511501144666, 0.37825302542792866
0.34034666957374904, 0.37772872238383104
0.3411370325956612, 0.3770005250340433
0.3385751662487736, 0.3730611102480709
0.3410280170064319, 0.3718186759161464
0.34765071405210946, 0.388091512732948
0.34051019295759294, 0.3732694390940446
0.3406464624441295, 0.37510019014316903
0.3420909190014172, 0.3904003720433085
0.3404556851629783, 0.3808219901448668
0.34304480540717325, 0.3907302137338654
0.3416548566445002, 0.37235637413739814
0.34383516842908535, 0.38300744469881015
0.34345361386678297, 0.3844153491828065
0.3419273956175733, 0.3811106787528604
0.3395017987572223, 0.37855082936156514
0.33963806824375886, 0.3621080316480173
0.3451706093971438, 0.37896166373589285
0.342854028126022, 0.3822322048663867
0.3446255314509975, 0.3790764574506141
0.34367164504524145, 0.37970604027222027
0.3442712307860024, 0.377877895215906
0.33797558050801263, 0.3780991034163082
0.34072822413605147, 0.38166412367868263
0.33743050256186635, 0.3672025333610829
0.3424997274610269, 0.3762689144416027
0.3457156873432901, 0.3824705625314776
0.3450343399106072, 0.38508893757821366
0.34162760274719284, 0.3882121424598766
0.33922925978414914, 0.37302408152888034
0.34416221519677315, 0.38212306813389385
0.3398560994222174, 0.3760606320273634
0.34160034884988555, 0.37616239564016996
0.33835713507031506, 0.37226307473665465
0.3424452196664123, 0.37832845147859456
0.3373759947672517, 0.3562273743753898
0.3422271884879538, 0.3745844691091916
0.33980159162760276, 0.36977044245634483
0.33947454485991496, 0.3868981714410149
0.3432083287910171, 0.3945485532042075
0.338438896762237, 0.3643306637889854
0.3424452196664123, 0.3859556615067993
0.3376485337403249, 0.36738493308912223
0.3414095715687343, 0.37343475120968744
0.34015589229259785, 0.37064850846515557
0.34162760274719284, 0.3772553651960001
0.34072822413605147, 0.3824586081705648
0.3407009702387441, 0.37907476887037117
0.34296304371525127, 0.379201189048363
0.3410280170064319, 0.37090211903463083
0.3464515425705876, 0.38393106316522896
0.3396925760383735, 0.3639541207424006
0.3406192085468222, 0.37274528315211314
0.3406464624441295, 0.3814742455907691
0.3390929902976126, 0.37103078609623036
0.3424997274610269, 0.37434476509792947
0.3426632508448708, 0.37880599465575165
0.34187288782295866, 0.37480224655933975
0.3367764090264908, 0.3730003449525682
0.3402104000872125, 0.3657987253185128
0.34160034884988555, 0.3812316722789673
0.3457156873432901, 0.3770510256101973
0.34151858715796357, 0.3718392106277518
0.33745775645917364, 0.3776734616784846
0.33942003706530033, 0.3702318737185668
0.3402104000872125, 0.3862025793427188
0.3410552709037392, 0.3781586532149827
0.3453341327809877, 0.3741758060484866
0.3389839747083833, 0.36343008222614703
0.3451706093971438, 0.37485501805178323
0.3415730949525782, 0.3810673152338497
0.3410552709037392, 0.3790803919353549
0.34367164504524145, 0.38027930598247955
0.3367219012318762, 0.3818220908007641
0.34219993459064646, 0.36340759046422744
0.3392020058868418, 0.36802837280626044
0.33813910389185653, 0.3667649864025125
0.33522293687997384, 0.37365651078175793
0.33565899923689085, 0.3820607970626095
0.34416221519677315, 0.378458037881297
0.3413278098768124, 0.38233249626309834
0.3394472909626077, 0.38693245564301576
0.34688760492750464, 0.3749006169935256
0.34271775863948545, 0.3812923757084239
0.34160034884988555, 0.37672283016399155
0.34124604818489046, 0.3681962637726962
0.3417366183364221, 0.37530570261611845
0.3439169301210073, 0.383701888376576
0.3424997274610269, 0.3772391205591336
0.3426359969475635, 0.379122744097776
0.3402376539845198, 0.36976619492376367
0.3434263599694756, 0.3786504572308721
0.33418728878229587, 0.35976461413065497
0.3446527853483048, 0.3899293205115649
0.3392837675787638, 0.3737142620461359
0.33963806824375886, 0.3730917662978873
0.340428431265671, 0.36596324745618436
0.3405374468549002, 0.3818606799991005
0.34312656709909517, 0.3754151170095359
0.3413005559795051, 0.3746440812220191
