ATE real, ATE estimado
0.4321105418074785, 0.41940172841099616
0.43243758857516623, 0.4394514581281333
0.4336367600566881, 0.44015723462198353
0.4288945819252153, 0.4257539011342621
0.4327101275482394, 0.4322012221316212
0.43532650168974163, 0.43477841029272846
0.43284639703477595, 0.433028730507834
0.4355172789708928, 0.4339501159868043
0.43371852174861003, 0.442683110127264
0.43121116319633707, 0.4251521518789321
0.4336367600566881, 0.4247104334932414
0.43257385806170284, 0.43001271448184225
0.43205603401286385, 0.43170324860700277
0.42712307860023985, 0.4436233824700553
0.42949416766597626, 0.428012595717109
0.4333097132890003, 0.4190525432101802
0.4281042189033032, 0.4254978316391528
0.43309168211054183, 0.4366821070793079
0.4327101275482394, 0.4401840653803487
0.4297394527417421, 0.4284705896752396
0.43641665758203424, 0.4403714202620678
0.4330371743159272, 0.4289206614493661
0.43649841927395616, 0.42840671031780103
0.4354355172789709, 0.44291300299344344
0.4316744794505614, 0.43851121625378076
0.4361168647116538, 0.4260882498145715
0.434236345797449, 0.43325976319729653
0.4340728224136051, 0.43213384834387586
0.4308841164286493, 0.43467824056879834
0.42968494494712745, 0.4309201238530385
0.4330644282132345, 0.4350759543397329
0.4311839092990298, 0.4320552777148305
0.429821214433664, 0.4266489351983457
0.43573531014935135, 0.43629949235567095
0.43104763981249317, 0.4323620944723534
0.43292815872669793, 0.43700907035363074
0.4363621497874196, 0.43084627301047823
0.43148370216941023, 0.4399108082877723
0.434236345797449, 0.4365388506029741
0.43786111413932194, 0.4385116089357674
0.4331189360078491, 0.43339039962598
0.43249209636978087, 0.433493331502937
0.4370707511174098, 0.4311424787101853
0.43478142374359535, 0.4428248337291098
0.4354627711762782, 0.4430477591482074
0.4317834950397907, 0.4303438648435034
0.4323830807805516, 0.42435444912141657
0.4359533413278099, 0.43339770482806733
0.4309386242232639, 0.42227552465036244
0.43063883135288344, 0.43733345369927407
0.43156546386133215, 0.4400724942094117
0.43115665540172243, 0.4296332994350242
0.42971219884443473, 0.4271353983769355
0.43148370216941023, 0.4335145769895583
0.4359805952251172, 0.4419397857334778
0.4307478469421127, 0.42942147839777384
0.43208328791017114, 0.43303499409236895
0.4306660852501908, 0.4208871766874568
0.43570805625204406, 0.42855373929306545
0.4356808023547367, 0.42971103863678023
0.4358715796358879, 0.4312066694234337
0.4327918892401613, 0.43779827336866156
0.43557178676550745, 0.4367090747281993
0.4303117845851957, 0.43667485142491336
0.4349176932301319, 0.44644348558833147
0.43758857516624877, 0.4326042524814745
0.42976670663904937, 0.42653728146238146
0.4299847378175079, 0.43461239558874426
0.43281914313746866, 0.43791382777466176
0.4319470184236346, 0.43348752255772854
0.43121116319633707, 0.4295587031886813
0.4365529270685708, 0.434751164496246
0.42971219884443473, 0.42714935226017137
0.42892183582252263, 0.4154346593691664
0.4303117845851957, 0.43850200031360587
0.43170173334786877, 0.43026967111101616
0.43521748610051236, 0.4388391845782736
0.4281587266979178, 0.4302216806552755
0.4343453613866783, 0.4458898669861298
0.43243758857516623, 0.4401757128373215
0.4302300228932737, 0.42758347661966334
0.4330371743159272, 0.4350626690294134
0.4336640139539954, 0.43483923107710715
0.4292761364875177, 0.4274579377735531
0.4341818380028344, 0.4291739579326736
0.4360351030197318, 0.43543752065944324
0.434754169846288, 0.4288877209549325
0.42993023002289327, 0.42563101547816085
0.4360078491224245, 0.4423219945815131
0.4323013190886297, 0.44175236905120663
0.433282459391693, 0.4353553781027309
0.43393655292706856, 0.4370698704188745
0.43388204513245393, 0.42925645125289213
0.43232857298593697, 0.43147335603801823
0.4379973836258585, 0.4419506784277305
0.43445437697590755, 0.44050047650223184
0.43191976452632724, 0.4229640297616275
0.43164722555325413, 0.43112554002866865
0.4329554126240052, 0.4315959322886851
0.43314618990515646, 0.442078373286993
0.4369617355281805, 0.4305834111131156
0.4315927177586395, 0.43374332863524395
0.429902976125586, 0.4414586079615058
0.4356808023547367, 0.4332173310265628
0.43224681129401504, 0.43074139457434163
0.4383789381881609, 0.4311680417255147
0.42772266434100076, 0.42168733440503275
0.4354627711762782, 0.4316579274782338
0.43377302954322466, 0.4426777582402622
0.43260111195901013, 0.42617241277879825
0.4301482612013518, 0.44390233536812157
0.4320287801155565, 0.4280417829989687
0.43369126785130274, 0.4312880975294648
0.43208328791017114, 0.43094446009375825
0.43181074893709803, 0.4287655997730726
0.43442712307860026, 0.44002066858781635
0.4341818380028344, 0.4400997974857647
0.4376430829608634, 0.4440836998474276
0.4319742723209419, 0.4309474203925413
0.43243758857516623, 0.43367214672377047
0.42859478905483483, 0.43301649413256477
0.43042080017442497, 0.43736294560938777
0.43461790035975145, 0.4335697711740044
0.4349449471274392, 0.4421961735217487
0.4365256731712635, 0.43600396763261934
0.43099313201787853, 0.4419390723919368
0.43385479123514664, 0.43853041871750276
0.4302300228932737, 0.4328811676678026
0.437261528398561, 0.43568023164593694
0.4310748937098005, 0.43205311849802835
0.43521748610051236, 0.42825751408081786
0.43516297830589773, 0.4331499826247348
0.4333914749809223, 0.4403389278028105
0.43249209636978087, 0.4200149589015686
0.4344816308732149, 0.44677206628982646
0.4364711653766489, 0.4411726008298378
0.4357625640466587, 0.44968417854431025
0.4348631854355173, 0.4406224379619664
0.43350049057015155, 0.4381242441700799
0.43516297830589773, 0.44039021581905513
0.4341545841055271, 0.4427997729319833
0.4282949961844544, 0.422440099350604
0.43077510083942006, 0.4293324207646575
0.4305570696609615, 0.414233503344438
0.43036629237981033, 0.4332971178752112
0.433800283440532, 0.43001939129735967
0.43292815872669793, 0.4252168560074318
0.43480867764090264, 0.44216903752499354
0.4371252589120244, 0.4415843081685563
0.43350049057015155, 0.4357176714432415
0.43625313419819034, 0.4380914691838603
0.433282459391693, 0.43815196666357126
0.42987572222827863, 0.4350527897318563
0.43241033467785894, 0.4442379229950412
0.43649841927395616, 0.44216650612737424
0.4319742723209419, 0.4334496506235514
0.43265561975362476, 0.44445792885824464
0.43633489589011226, 0.4385775216034795
0.4329554126240052, 0.43332102133280065
0.4334187288782296, 0.43811600458170974
0.4309386242232639, 0.44661688030416563
0.43140194047748825, 0.42701874428165626
0.43709800501471713, 0.434205127167868
0.4306933391474981, 0.43314334021579654
0.43478142374359535, 0.45525173998543517
0.4346724081543661, 0.4312532595503747
0.43309168211054183, 0.43559806226108516
0.43516297830589773, 0.4390104398711377
0.4279952033140739, 0.4270109523449336
0.4345088847705222, 0.4397161533448222
0.4329009048293906, 0.43427581598042186
0.43121116319633707, 0.42030941186321885
0.43810639921508776, 0.4353828222882545
0.43554453286820016, 0.4341774121326892
0.43478142374359535, 0.4271293773823306
0.4299847378175079, 0.4278560265799024
0.4365256731712635, 0.44993869301382294
0.4359533413278099, 0.4471525464232892
0.4335822522620735, 0.44247089431355674
0.43148370216941023, 0.440906516124555
0.43336422108361494, 0.42686872048933017
0.4325466041643955, 0.4388853023302915
0.4355172789708928, 0.4369688245640795
0.428867328027908, 0.43243267730544416
0.43878774664777065, 0.434112326250404
0.43516297830589773, 0.448332952831886
0.4347269159489807, 0.4291582275376649
0.43393655292706856, 0.4464450536237381
0.43881500054507794, 0.43198592178723466
0.4313474326828737, 0.435079495652677
0.430856862531342, 0.4421440855805583
0.433800283440532, 0.42094393616280995
0.43461790035975145, 0.4246854605549686
0.4373160361931756, 0.44101409744259606
0.4334732366728442, 0.43123896334762596
0.43516297830589773, 0.43388432893303464
0.43442712307860026, 0.4344078516285899
0.4335822522620735, 0.4333028824359471
0.4407772811512046, 0.4432273414064428
0.4343998691812929, 0.43682000725059705
0.43164722555325413, 0.4365166308450629
0.4283767578763763, 0.43624758011348935
0.42900359751444456, 0.4309519071421105
0.4324648424724736, 0.43179771247852383
0.4354627711762782, 0.4451119976927042
0.43063883135288344, 0.42612987020897736
0.43573531014935135, 0.4356802329294887
0.4368799738362586, 0.42884035084697
0.4308841164286493, 0.43822120212255317
0.4335549983647662, 0.4360388324527652
0.43393655292706856, 0.43637827800967177
0.43181074893709803, 0.4342192652603816
0.43284639703477595, 0.4323445215504321
0.4319470184236346, 0.43089375165584454
0.43420909190014173, 0.44096910953673946
0.4315927177586395, 0.43612816086227896
0.43369126785130274, 0.434376400466586
0.43377302954322466, 0.4269267570075215
0.42780442603292274, 0.4301696608913304
0.43385479123514664, 0.4321766926901776
0.43227406519132233, 0.4215942344039485
0.4355172789708928, 0.4204636731257273
0.43682546604164396, 0.4415057059244358
0.43260111195901013, 0.4328844638212808
0.4325193502670882, 0.4263169345840544
0.4356808023547367, 0.43945375745612064
0.4376703368581707, 0.4273116743102013
0.43385479123514664, 0.4303365017316967
0.4339092990297613, 0.4401284417689339
0.4367164504524147, 0.4343457544760363
0.43309168211054183, 0.4314675280436656
0.4350267088193612, 0.42464174889100137
0.429902976125586, 0.42916450292078195
0.43753406737163414, 0.4399087097940373
0.43581707184127333, 0.4163985543320678
0.4315927177586395, 0.43099965071731516
0.4308296086340347, 0.42810776356736835
0.4321105418074785, 0.4409281216163998
0.43993241033467784, 0.443987342152622
0.43208328791017114, 0.4262553458273636
0.42987572222827863, 0.4338163297581174
0.435789817943966, 0.4494724847191223
0.430339038482503, 0.42623294500846237
0.4314291943747956, 0.4366339833274271
0.4320015262182492, 0.43106786404082587
0.4334732366728442, 0.4310718482592628
0.4329009048293906, 0.451982185171653
0.43993241033467784, 0.4368662264473322
0.4339092990297613, 0.42667015304161127
0.43649841927395616, 0.4232077325401597
0.4345361386678295, 0.43057048301281026
0.4319742723209419, 0.4380300677765641
0.4326283658563175, 0.4314140895005163
0.43170173334786877, 0.4270676779673016
0.4384061920854682, 0.45246773096337806
0.4334459827755369, 0.4312394475590462
0.43461790035975145, 0.4370767460279925
0.4357625640466587, 0.42933360035177187
0.43608961081434644, 0.4229533574838648
0.4350812166139758, 0.42847004014623286
0.43153820996402487, 0.4414630597075105
0.436307641992805, 0.432695330570933
0.42788618772484466, 0.440147131635918
0.43412733020821975, 0.4313879634242668
0.43606235691703915, 0.4404515625986058
0.4360078491224245, 0.44471611248454396
0.43865147716123404, 0.44292011955688826
0.43257385806170284, 0.440674693426681
0.4335822522620735, 0.4289260071356605
0.4314564482721029, 0.4227998380520735
0.42840401177368365, 0.4175300752753689
0.43172898724517605, 0.4502216207041102
0.43377302954322466, 0.4432663848587114
0.43505396271666846, 0.4473207391767337
0.42859478905483483, 0.4325502949064858
0.43974163305352665, 0.44266420607891055
0.42897634361713727, 0.4213304192207921
0.43622588030088305, 0.44364459933510714
0.43385479123514664, 0.4282819994526611
0.43205603401286385, 0.4217889094956482
0.4364711653766489, 0.4399028707651894
0.4317562411424834, 0.42126116987982387
0.43077510083942006, 0.431500742108297
0.4297394527417421, 0.42594917762358636
0.43284639703477595, 0.4309789066556119
0.43243758857516623, 0.42088822214544924
0.4323830807805516, 0.4280898129680444
0.43333696718630765, 0.4299230287751488
0.4323558268832443, 0.44019999129412507
0.434236345797449, 0.44577711136451226
0.4310748937098005, 0.43957588255038693
0.4339638068243759, 0.4407852392661956
0.4274501253679276, 0.42542166082667354
0.4323558268832443, 0.4497954186975583
0.43243758857516623, 0.4219567847655815
0.43112940150441514, 0.43132000177092933
0.4339638068243759, 0.43817856311802145
0.42976670663904937, 0.4342896963525586
0.4372887822958683, 0.44137279691600123
0.4335822522620735, 0.43918530806668304
0.43483593153821, 0.43454875206402116
0.43445437697590755, 0.4425496921216527
0.4297394527417421, 0.4225013656201956
0.4333097132890003, 0.4338313272182051
0.43633489589011226, 0.436585119284391
0.4328736509320833, 0.43891823811283825
0.4372887822958683, 0.44213702573468416
0.4361986264035757, 0.43141800158402144
0.4341818380028344, 0.4353015472240219
0.4333914749809223, 0.42547371930168726
0.43513572440859044, 0.4382967516222042
0.4316199716559468, 0.4288204067318699
0.4329554126240052, 0.4262981811383731
0.43333696718630765, 0.42033816098163246
0.4317834950397907, 0.42884398571969967
0.43129292488825904, 0.42652346433568594
0.4354627711762782, 0.43618120961089296
0.43265561975362476, 0.4243965821063274
0.43115665540172243, 0.4324654788692938
0.4327373814455467, 0.43242199632897194
0.43442712307860026, 0.4265534221087483
0.43464515425705874, 0.43121645535663555
0.43249209636978087, 0.4405433975525783
0.4346996620516734, 0.43941390146160886
0.4312384170936444, 0.44669860038058035
0.4305570696609615, 0.4373757833235231
0.43846069988008285, 0.43318475687142555
0.43181074893709803, 0.43523500101729296
0.4333914749809223, 0.4401784506398006
0.4329554126240052, 0.44260604081842697
0.43099313201787853, 0.4326173516330181
0.4336367600566881, 0.4232843489097434
0.433282459391693, 0.4339087725718135
0.4344816308732149, 0.43613944148974415
0.4343998691812929, 0.4339058263960542
0.42856753515752755, 0.42705487980569073
0.43709800501471713, 0.4414341512743615
0.4287310585413714, 0.4418584252310352
0.4304753079690396, 0.4323785210039993
0.4364711653766489, 0.4300215746516126
0.43208328791017114, 0.4375226377843561
0.43181074893709803, 0.4173364837919021
0.4329009048293906, 0.43283069121913587
0.4332552054943857, 0.4203287519823299
0.4329554126240052, 0.44109264532040443
0.4320015262182492, 0.4408314021600372
0.42826774228714704, 0.4261910023841569
0.4310203859151859, 0.4369289478814311
0.43412733020821975, 0.43608869901300623
0.4350812166139758, 0.4346002095040074
0.4318652567317126, 0.42107006430267657
0.43115665540172243, 0.4336564558672638
0.43649841927395616, 0.4360172399413812
0.4379973836258585, 0.4423671753691919
0.4383516842908536, 0.4459392851741624
0.4343998691812929, 0.4466896737921836
0.43003924561212253, 0.42578764308017114
0.4323830807805516, 0.44402578750961424
0.4330644282132345, 0.42769109299523883
0.4358715796358879, 0.44042817279592333
0.43300992041861985, 0.44442201876648274
0.43369126785130274, 0.45277766971386135
0.4343998691812929, 0.4307373395086711
0.43641665758203424, 0.43554907263752973
0.43846069988008285, 0.4286069078679252
0.42900359751444456, 0.42535649179386864
0.43516297830589773, 0.4464387000756637
0.43352774446745884, 0.43145280634151567
0.4328736509320833, 0.42633473193744215
0.43061157745557616, 0.4327838257043532
0.4309113703259566, 0.43734942823442546
0.43181074893709803, 0.42492703730875225
0.436307641992805, 0.42912570356016394
0.43153820996402487, 0.4394469247757672
0.4355990406628148, 0.4314554144863549
0.4335549983647662, 0.4316892595904723
0.4349176932301319, 0.42138040268628046
0.4319470184236346, 0.44183904800825774
0.4292488825902104, 0.4210849218076276
0.4325466041643955, 0.4352442018808394
0.43505396271666846, 0.44696456625828357
0.43622588030088305, 0.4360189843819939
0.4321650496020931, 0.4305641394007603
0.4310748937098005, 0.433554533799405
0.4320015262182492, 0.4241216864949568
0.4385969693666194, 0.43463927788109735
0.4367164504524147, 0.44164943578685945
0.4335549983647662, 0.4282433611897526
0.4351902322032051, 0.43496352947184924
0.4333097132890003, 0.4289955989095023
0.4345361386678295, 0.44127804914181123
0.4438842254442385, 0.44980556289597834
0.434754169846288, 0.44595661411886495
0.4361441186089611, 0.433188083141142
0.42935789817943965, 0.42671674161979445
0.43499945492205383, 0.44677173822013744
0.43320069769977104, 0.4395427508309093
0.429385152076747, 0.42857230057964013
0.43350049057015155, 0.43414373360745473
0.4384061920854682, 0.44156269011415167
0.43276463534285403, 0.4295208465412243
0.4338275373378393, 0.43512724349419757
0.43570805625204406, 0.4379998933544384
0.4328736509320833, 0.4460976692139789
0.4327373814455467, 0.433092812875509
0.43401831461899054, 0.44032211639953206
0.43557178676550745, 0.44579183150168755
0.4358443257385806, 0.43024111136241644
0.4310748937098005, 0.4388785107254072
0.4316744794505614, 0.4301953462352807
0.4292488825902104, 0.4329124251868022
0.4319742723209419, 0.43175326882842474
0.4327918892401613, 0.4344563793922579
0.43140194047748825, 0.4398368049465163
0.43549002507358553, 0.43678108091446155
0.4388422544423853, 0.439975292179702
0.4303935462771176, 0.43460837290865995
0.4307205930448054, 0.43574566913794094
0.43265561975362476, 0.4457383576169159
0.4290308514117519, 0.4211507143597226
0.43521748610051236, 0.4356208884864012
0.4345361386678295, 0.4352510570674109
0.4318380028344053, 0.433428990534438
0.4330371743159272, 0.43158076271402973
0.42908535920636653, 0.41416389560427713
0.4358715796358879, 0.4454003314562417
0.4320015262182492, 0.44784283491277305
0.43437261528398563, 0.43405609685182334
0.4336367600566881, 0.44411835571610797
0.4283767578763763, 0.42391202218830687
0.4311839092990298, 0.43735775804192617
0.43153820996402487, 0.43365787606862916
0.4379973836258585, 0.44700023980562215
0.4337457756459174, 0.4331753699470434
0.43352774446745884, 0.43837532065257323
0.43104763981249317, 0.43565071638658
0.43826992259893166, 0.434519461132979
0.4299847378175079, 0.4352526177256913
0.43644391147934153, 0.45558140856040036
0.4327373814455467, 0.43952191287024356
0.4318652567317126, 0.43060693039970604
0.4334459827755369, 0.4438669818674315
0.43284639703477595, 0.43975234291109355
0.43298266652131256, 0.42890016953468624
0.4355990406628148, 0.4440690488103187
0.43096587812057124, 0.43232060618467194
0.43554453286820016, 0.43285840258214997
0.43333696718630765, 0.42994721107352746
0.43148370216941023, 0.42852037536898313
0.4345633925651368, 0.431923792846133
0.4339910607216832, 0.439969127022581
0.4332552054943857, 0.44230323670392113
0.430856862531342, 0.42909196169535835
0.43628038809549763, 0.4379560854854106
0.4294669137686689, 0.43179082169024435
0.42952142156328355, 0.4117872401072938
0.4319742723209419, 0.42267617137743735
0.4361713725062684, 0.42463710047047365
0.43232857298593697, 0.4395187273779704
0.4343998691812929, 0.42863353507749463
0.4335549983647662, 0.45721564234703177
0.4394690940804535, 0.4361938843203234
0.4344816308732149, 0.4485335681354698
0.43685271993895125, 0.4381889148946307
0.43589883353319525, 0.4461504483427836
0.4319742723209419, 0.4343048712928525
0.4363621497874196, 0.4250650376319155
0.43709800501471713, 0.446259013393324
0.43257385806170284, 0.4295229413738325
0.4312656709909517, 0.416395070743233
0.4316744794505614, 0.4372096442780613
0.4330644282132345, 0.42639735268871304
0.4330644282132345, 0.42960381742224735
0.43012100730404446, 0.4404913009387483
0.43360950615938076, 0.43641178535002384
0.4314564482721029, 0.4270433325342196
0.4295759293578982, 0.4384319352218929
0.4332279515970784, 0.43156968803136797
0.4323558268832443, 0.43605898160324325
0.4328736509320833, 0.43373769183744254
0.43483593153821, 0.43399726009820033
0.4343998691812929, 0.43137463448224944
0.4341545841055271, 0.42800656771466794
0.4314291943747956, 0.429613076383128
0.43505396271666846, 0.4352937978759997
0.4357625640466587, 0.4417009462435349
0.43003924561212253, 0.43254386921587423
0.42824048838983975, 0.43310353706154053
0.4331189360078491, 0.42994914333889345
0.43276463534285403, 0.42187796063891486
0.4325193502670882, 0.43082809348450773
0.43693448163087323, 0.43143824510366213
0.43499945492205383, 0.4354377855198122
0.43573531014935135, 0.42691105612975705
0.43393655292706856, 0.4277702940316582
0.43360950615938076, 0.4514579196137913
0.4299574839202006, 0.4403409736639087
0.43369126785130274, 0.43660681032391174
0.4350812166139758, 0.42540384621975835
0.4356262945601221, 0.44169063516628315
0.43292815872669793, 0.43377375110161864
0.4331189360078491, 0.4364570552837825
0.43388204513245393, 0.4389739721245964
0.43529924779243434, 0.4372238270674047
0.4334459827755369, 0.4316308188640672
0.4325466041643955, 0.43837997125950595
0.4316199716559468, 0.4309547353530447
0.4275046331625422, 0.439109565065596
0.4309113703259566, 0.42353741314695253
0.4351084705112831, 0.43306090826314514
0.43298266652131256, 0.4354052698679263
0.43099313201787853, 0.43923554807604237
0.4367164504524147, 0.4398748052227063
0.43063883135288344, 0.44367592284072566
0.42984846833097134, 0.4304378042525964
0.43333696718630765, 0.4325491878159201
0.4358715796358879, 0.4326140951750394
0.43420909190014173, 0.42663041540361907
0.43350049057015155, 0.44250626952957234
0.43557178676550745, 0.4475927437660371
0.434236345797449, 0.43045025230843226
0.43532650168974163, 0.43510158064795246
0.4327373814455467, 0.43738698975569673
0.43360950615938076, 0.4240107882959847
0.43377302954322466, 0.43852299279221213
0.43737054398779024, 0.44213223962380077
0.43698898942548786, 0.43913320567975156
0.43497220102474654, 0.43483280075568026
0.4323830807805516, 0.4399884006534883
0.43483593153821, 0.4334261846219355
0.434754169846288, 0.42851054620585904
0.4337457756459174, 0.44406853060853424
0.4312384170936444, 0.4533766458016754
0.43420909190014173, 0.44305791422802787
0.43164722555325413, 0.433268152234721
0.435353755587049, 0.4348685952310804
0.4339092990297613, 0.44473902158959416
0.43437261528398563, 0.44652485218286786
0.434318107489371, 0.4271935081345969
0.4317562411424834, 0.43510882320887906
0.429303390384825, 0.421835837530249
0.4329554126240052, 0.4351090172202862
0.43189251062901995, 0.43338798435133286
0.434236345797449, 0.419593615369845
0.4323013190886297, 0.43816847444718643
0.43044805407173226, 0.43380895283639903
0.43276463534285403, 0.42924830150010507
0.4307205930448054, 0.4277885451528819
0.43846069988008285, 0.44218124455266883
0.4346724081543661, 0.4405170467052337
0.43464515425705874, 0.43802757760088
0.4350812166139758, 0.4336309132220743
0.42908535920636653, 0.4266341930303429
0.4318380028344053, 0.4307178655564709
0.4315927177586395, 0.4292956963374799
0.43549002507358553, 0.4403117678653387
0.4329554126240052, 0.42579081654756157
0.4331189360078491, 0.4299628388078954
0.4303117845851957, 0.41711063924358244
0.4333097132890003, 0.4378716340531882
0.43284639703477595, 0.4247976024927172
0.4338275373378393, 0.44340501920328745
0.4328736509320833, 0.42234372447374546
0.43309168211054183, 0.43330667925049504
0.43314618990515646, 0.43850670093463107
0.42747737926523494, 0.42855445523628155
0.42971219884443473, 0.44023232032575305
0.4350812166139758, 0.44467084374400523
0.42807696500599585, 0.4323507044627773
0.4360351030197318, 0.41999308291632625
0.42935789817943965, 0.4346873092009069
0.4349449471274392, 0.42918049272748204
0.4317562411424834, 0.43027657638884803
0.43554453286820016, 0.42735239123846236
0.43129292488825904, 0.43312739097276287
0.435353755587049, 0.4305002111871229
0.4321650496020931, 0.4415316141511677
0.43009375340673717, 0.42669406028610646
0.4323558268832443, 0.426313030701604
0.43401831461899054, 0.4412776006020298
0.4321923034994004, 0.4356856454988327
0.439251062901995, 0.4409393472676074
0.43227406519132233, 0.4394108830743404
0.4301482612013518, 0.42197772562303837
0.4323830807805516, 0.4288964458811202
0.4388967622369999, 0.44117646733129634
0.43140194047748825, 0.4257745721537927
0.42728660198408375, 0.42437458089704677
0.4328736509320833, 0.4466372677333709
0.4375613212689415, 0.44463001244510214
0.43080235473672734, 0.43728414711744273
0.4361986264035757, 0.43001871221454685
0.4308296086340347, 0.4259450771647333
0.43260111195901013, 0.42058615977303915
0.43333696718630765, 0.42825385811797523
0.43371852174861003, 0.42649206802330064
0.43300992041861985, 0.4351601787375177
0.4319742723209419, 0.4265433987359561
0.43658018096587814, 0.441648465053621
0.4323830807805516, 0.4277335298970965
0.4341818380028344, 0.4402510737827639
0.43099313201787853, 0.43147686783071815
0.4335822522620735, 0.4318696189310841
0.434754169846288, 0.4319190642906663
0.4315927177586395, 0.4321736753549026
0.42875831243867873, 0.42879262244947214
0.4314564482721029, 0.4260036103630786
0.43483593153821, 0.4302888635054856
0.4381609070097024, 0.4277327131960257
0.4334187288782296, 0.43021801851405334
0.4305298157636542, 0.4337593433147249
0.4299847378175079, 0.42792396487200407
0.43369126785130274, 0.4376099933912872
0.4343998691812929, 0.42011131489551934
0.43505396271666846, 0.44924086085710696
0.43461790035975145, 0.42336986131976356
0.43737054398779024, 0.43484761553178125
0.43540826338166355, 0.43429586553394683
0.4360078491224245, 0.43236369320145807
0.4327373814455467, 0.4403617780817256
0.4348631854355173, 0.43129698134913436
0.4323013190886297, 0.4406703131342897
0.4328736509320833, 0.42701302427688365
0.4324648424724736, 0.43287931787832007
0.43063883135288344, 0.42502638807418297
0.4355990406628148, 0.4399935840892129
0.42916712089828846, 0.4309985619290441
0.430856862531342, 0.43921747427385477
0.4336367600566881, 0.44844339623972523
0.43480867764090264, 0.44367461195574964
0.435353755587049, 0.4328732973415472
0.4260601766052545, 0.41904673260440006
0.43224681129401504, 0.4319299358054405
0.43426359969475636, 0.42830506807145546
0.4346724081543661, 0.44291130206644214
0.43099313201787853, 0.4398812909049426
0.4338275373378393, 0.43653038459535703
0.43137468658018097, 0.43337142569217124
0.43388204513245393, 0.43234302294399585
0.4334732366728442, 0.4417819781533977
0.4345088847705222, 0.44051316355882314
0.43404556851629783, 0.4392444523781773
0.4339638068243759, 0.433604052439227
0.4316744794505614, 0.43499439851264426
0.4338275373378393, 0.4359741991370973
0.4267415240379374, 0.42066973428893795
0.43521748610051236, 0.43761810602056667
0.4341545841055271, 0.4328506298356551
0.4305843235582688, 0.44158982365140226
0.4309386242232639, 0.4292826064979307
0.4338275373378393, 0.43603163679464974
0.4350267088193612, 0.4367087865757754
0.43377302954322466, 0.4292419629551621
0.4281042189033032, 0.4336385319763743
0.43442712307860026, 0.4334912949843852
0.43371852174861003, 0.44823544307943997
0.4340728224136051, 0.4450829439354479
0.4325193502670882, 0.4227348051508319
0.4354627711762782, 0.4382607533144669
0.4310748937098005, 0.4302008921134983
0.43810639921508776, 0.4352223356333395
0.43369126785130274, 0.43974132519749726
0.43505396271666846, 0.4389272178016288
0.43241033467785894, 0.43237972086301674
0.43464515425705874, 0.4330893502286125
0.4328736509320833, 0.4321073578507037
0.43445437697590755, 0.43720818294621766
0.42881282023329337, 0.42852583582395537
0.43955085577237546, 0.44383765317337154
0.4321377957047858, 0.4324982259429062
0.43401831461899054, 0.4469613510850696
0.436743704349722, 0.437119074269349
0.43241033467785894, 0.43496515502692895
0.4296576910498201, 0.4268856542029398
0.434754169846288, 0.4341174781182923
0.43257385806170284, 0.4506180042674392
0.434236345797449, 0.43150843909596315
0.43404556851629783, 0.4351248987879424
0.4319470184236346, 0.4225222821254379
0.43429085359206365, 0.43171215120371736
0.4335822522620735, 0.4142288514471212
0.4315927177586395, 0.4225763445589909
0.43393655292706856, 0.4387307462293122
0.4309386242232639, 0.43378899522913567
0.43404556851629783, 0.4373470414126094
0.43191976452632724, 0.4307627546741575
0.42984846833097134, 0.4198588192279562
0.43677095824702933, 0.44084594449613806
0.43442712307860026, 0.4374281016697419
0.4361168647116538, 0.4302014307901578
0.4285130273629129, 0.4324008438705258
0.43513572440859044, 0.4279313163491843
0.43208328791017114, 0.4383985156034515
0.42987572222827863, 0.4272447765345027
0.4364711653766489, 0.4422824903033859
0.4312384170936444, 0.4251667068125754
0.4340728224136051, 0.43870514766323904
0.43420909190014173, 0.4321035298098423
0.4364711653766489, 0.4339100863843197
0.43685271993895125, 0.44269746105522284
0.43205603401286385, 0.4199012536637206
0.4357625640466587, 0.4288313083163693
0.43810639921508776, 0.4463376596234369
0.4321105418074785, 0.43006831038060606
0.43336422108361494, 0.43208881812070915
0.43557178676550745, 0.43813584057365235
0.4317834950397907, 0.4317492363050998
0.4341545841055271, 0.43518719137683604
0.43497220102474654, 0.43686127996024404
0.4335549983647662, 0.4244409856364601
0.4349449471274392, 0.4208379001865814
0.43540826338166355, 0.43262533260788466
0.43521748610051236, 0.43565920303208205
0.43243758857516623, 0.43404857661517704
0.43170173334786877, 0.43741947501827305
0.4327101275482394, 0.43682559393219206
0.4284585195682983, 0.4333161705478349
0.4318652567317126, 0.4289588143214666
0.4267415240379374, 0.42004621033472583
0.43521748610051236, 0.44371423501671947
0.43099313201787853, 0.4269838089263108
0.435271993895127, 0.44599395245889273
0.43445437697590755, 0.4322052964462905
0.4305025618663469, 0.4274996598327577
0.4349176932301319, 0.4311986941680219
0.43794287583124386, 0.4514147626997744
0.4330371743159272, 0.43103699537698514
0.4379973836258585, 0.43609325833452023
0.43516297830589773, 0.4401286720067234
0.43096587812057124, 0.4424804232598679
0.4351902322032051, 0.42371157471454535
0.433800283440532, 0.4231697039001029
0.4281859805952251, 0.43424019580357986
0.4370707511174098, 0.4348764147842981
0.43532650168974163, 0.429131686303523
0.43292815872669793, 0.44438470378133677
0.43388204513245393, 0.43722120200239073
0.4297939605363567, 0.4221413444668721
0.4314564482721029, 0.42303252778549855
0.4352447399978197, 0.43005673590503407
0.43020276899596643, 0.4287148767566067
0.4344816308732149, 0.44916215730495634
0.4327918892401613, 0.4345663801035594
0.43137468658018097, 0.44168401558469006
0.43608961081434644, 0.4357413889614163
0.4305843235582688, 0.4317936151365466
0.43529924779243434, 0.43635188307392003
0.42971219884443473, 0.43841861888447065
0.43208328791017114, 0.4369725868540374
0.43224681129401504, 0.4366576516280654
0.435789817943966, 0.42681163476922884
0.4313474326828737, 0.43408318318966366
0.43063883135288344, 0.42767569792540067
0.43538100948435626, 0.44998825660390734
0.4358443257385806, 0.429263769420661
0.43565354845742943, 0.4322349519703315
0.4345906464624441, 0.42449658470179524
0.43063883135288344, 0.4281721213204792
0.43377302954322466, 0.42370231217393484
0.43156546386133215, 0.4299687991818915
0.43189251062901995, 0.42671745830635516
0.435353755587049, 0.4473674012916585
0.4319470184236346, 0.4379134916789135
0.4350267088193612, 0.43220299314195715
0.4380518914204731, 0.43997736430819584
0.4281859805952251, 0.42963110641965274
0.429385152076747, 0.4235279759093818
0.4312384170936444, 0.4181245848514257
0.4299847378175079, 0.43419505883254733
0.43129292488825904, 0.4313171248799234
0.4369617355281805, 0.4328079103770385
0.4348904393328246, 0.4426826532534584
0.42892183582252263, 0.4274869332856601
0.43660743486318543, 0.44497180848422174
0.4309113703259566, 0.438611941106936
0.4299574839202006, 0.42945848161537187
0.4321105418074785, 0.4285650098980958
0.4334732366728442, 0.43589809501065296
0.43276463534285403, 0.42960224189260404
0.4369072277335659, 0.43143533872929296
0.4351902322032051, 0.4348801025993045
0.4296304371525128, 0.43130028197461573
0.43606235691703915, 0.4293338615592941
0.43205603401286385, 0.4392150916467137
0.43385479123514664, 0.44158815960628167
0.43497220102474654, 0.4425670915905847
0.4326828736509321, 0.4399104724396881
0.43333696718630765, 0.43358855658178314
0.43532650168974163, 0.43502113004167653
0.43148370216941023, 0.43608593366280946
0.4339638068243759, 0.4406320466492341
0.4310203859151859, 0.44602018356472267
0.4321923034994004, 0.4278122662710756
0.43208328791017114, 0.43596221631267806
0.43480867764090264, 0.443878186370217
0.43153820996402487, 0.4333454865561239
0.4309386242232639, 0.44000309564038625
0.4343998691812929, 0.43922653247856075
0.4312656709909517, 0.43142458701308983
0.4305025618663469, 0.44279763300836367
0.4333097132890003, 0.4411420671087818
0.4358715796358879, 0.44392097676919895
0.43265561975362476, 0.44080848606197987
0.43698898942548786, 0.43875777307426383
0.4310748937098005, 0.4226719387649836
0.4343453613866783, 0.4323432170385153
0.4304753079690396, 0.42838000044776287
0.43132017878556633, 0.428878096990824
0.43388204513245393, 0.4345087620024977
0.43170173334786877, 0.4394122118091563
0.43682546604164396, 0.4519228076558846
0.4323558268832443, 0.4233909331217523
0.4336640139539954, 0.4326153998670156
0.4327918892401613, 0.42527776323015587
0.44023220320505835, 0.4408007316303401
0.4338275373378393, 0.42842822059935964
0.43641665758203424, 0.43885097895016967
0.4315109560667175, 0.4447919660680909
0.4383789381881609, 0.4456439470520644
0.4333914749809223, 0.439283474761511
0.4277771721356154, 0.4319320858423399
0.4291126131036738, 0.44002099844222153
0.4310203859151859, 0.4290452546864934
0.4346996620516734, 0.44218515399116076
0.42807696500599585, 0.4319647070854429
0.43483593153821, 0.43988365643001376
0.43025727679058107, 0.4319284741100939
0.4330371743159272, 0.43104193064915397
0.4313474326828737, 0.43328988553341
0.43009375340673717, 0.4289421334359729
0.4315109560667175, 0.42765687498921584
0.4345361386678295, 0.43862084160445075
0.43794287583124386, 0.4385652923374262
0.4311021476071078, 0.4298048808212744
0.4335549983647662, 0.4378098243409584
0.43505396271666846, 0.4329243122066408
0.42884007413060066, 0.4247802537173797
0.4325193502670882, 0.44417833751306496
0.4292216286929031, 0.4237202819601518
0.4316744794505614, 0.4217512983897773
0.4327918892401613, 0.4261118608350766
0.43532650168974163, 0.4379387905889251
0.43129292488825904, 0.44194277419576367
0.42971219884443473, 0.43042627055228316
0.43715251280933176, 0.4436722178965555
0.43232857298593697, 0.4355928106454946
0.4305025618663469, 0.4285384091084722
0.43099313201787853, 0.4250292997021942
0.42843126567099094, 0.43230336277504006
0.4305298157636542, 0.4297345918583613
0.4331189360078491, 0.4407892158256774
0.42840401177368365, 0.427727046467458
0.4330371743159272, 0.432882302256463
0.4359805952251172, 0.4324717563690054
0.43132017878556633, 0.4379647811108624
0.42933064428213236, 0.4295652598832043
0.4306660852501908, 0.43862477389891424
0.4354627711762782, 0.43544615907867057
0.4296576910498201, 0.4399142377440015
0.43660743486318543, 0.4336865370100609
0.4318380028344053, 0.4342218504849746
0.4334459827755369, 0.44783580199035256
0.4360351030197318, 0.4454906256487816
0.4329009048293906, 0.45195812804957886
0.43284639703477595, 0.43678343187038043
0.4378883680366292, 0.4313425103650563
0.43221955739670775, 0.43190282765648536
0.4307205930448054, 0.4182791134965242
0.4305570696609615, 0.42847712241937447
0.43025727679058107, 0.43049285339045795
0.4329554126240052, 0.43146776109756374
0.43077510083942006, 0.4235782388747648
0.4308841164286493, 0.4342820786523482
0.43589883353319525, 0.4426741522807411
0.4339638068243759, 0.43872031786230337
0.43227406519132233, 0.44148353624705683
0.43300992041861985, 0.4419999473646
0.4354627711762782, 0.4355995340537613
0.43148370216941023, 0.4312739480715626
0.43445437697590755, 0.4297119165254425
0.42933064428213236, 0.4280912201207476
0.4323830807805516, 0.4290317941567275
0.4323558268832443, 0.4289699786222303
0.43401831461899054, 0.44170098726784246
0.4296304371525128, 0.4320232747034642
0.43224681129401504, 0.4364580459327405
0.4279952033140739, 0.4285815416229131
0.4301482612013518, 0.4334298578515344
0.43429085359206365, 0.43215392945335845
0.43281914313746866, 0.42628347395213817
0.43393655292706856, 0.43520233243294293
0.4306660852501908, 0.42568259955280585
0.43137468658018097, 0.43294434219783046
0.43388204513245393, 0.4218030713967571
0.43115665540172243, 0.42462277140828314
0.4345361386678295, 0.43184155610034064
0.4318652567317126, 0.4329384061792256
0.4359805952251172, 0.4394445062180922
0.436307641992805, 0.4448858673592106
0.43622588030088305, 0.44808670493534053
0.43480867764090264, 0.434560094383867
0.4292761364875177, 0.42413344493922744
0.4339638068243759, 0.42651994602501336
0.4336367600566881, 0.4445525187427549
0.43625313419819034, 0.4397409511169819
0.4346724081543661, 0.42937263193512404
0.4332552054943857, 0.43381574365395
0.43129292488825904, 0.43381580321980107
0.43442712307860026, 0.434140349874544
0.43132017878556633, 0.42803841852341595
0.4332279515970784, 0.4430995531076791
0.43260111195901013, 0.4248904947833433
0.4361168647116538, 0.4213059289652889
0.43369126785130274, 0.4335558775639718
0.436743704349722, 0.43726801157009854
0.4281587266979178, 0.4281257708700003
0.4334187288782296, 0.42833092100677467
0.4329554126240052, 0.4373551247892478
0.43121116319633707, 0.42680661429483446
0.43529924779243434, 0.4272436715529403
0.434236345797449, 0.4450131522954839
0.4333097132890003, 0.42703011092078913
0.43377302954322466, 0.439881163117204
0.43227406519132233, 0.44035817901249896
0.43257385806170284, 0.43384649268418485
0.42635996947563504, 0.428890305810007
0.4290308514117519, 0.4357885922106439
0.43137468658018097, 0.42478322832950616
0.4331189360078491, 0.4514129991323877
0.4325193502670882, 0.4243974405183508
0.43205603401286385, 0.43605813017937267
0.43003924561212253, 0.4453183454514529
0.4341818380028344, 0.429973536317947
0.4305298157636542, 0.4326420572619187
0.4281314728006105, 0.42946452407957614
0.4317834950397907, 0.4161176528303288
0.4339910607216832, 0.44157875064939855
0.4339092990297613, 0.4392167270988679
0.4341545841055271, 0.4382305353206181
0.4300664995094298, 0.42552023291955043
0.4374795595770195, 0.43841989228177425
0.4333097132890003, 0.43143925132072486
0.43191976452632724, 0.4223635139404077
0.42576038373487407, 0.43639943249602253
0.43063883135288344, 0.4226643276894596
0.4341545841055271, 0.43989308721016157
0.4366346887604928, 0.43635855134365925
0.4304753079690396, 0.43263377510560164
0.4345088847705222, 0.4390978737206951
0.43243758857516623, 0.43729105615900365
0.436743704349722, 0.4513889843172787
0.43505396271666846, 0.4339398861210849
0.43388204513245393, 0.43614403368655463
0.4336367600566881, 0.4314769751825815
0.43666194265780006, 0.43726659990639904
0.43538100948435626, 0.44061845450572495
0.4332279515970784, 0.4380029201679439
0.4314291943747956, 0.4329429169701976
0.4307205930448054, 0.426066712627738
0.4300664995094298, 0.4430705737439289
0.43352774446745884, 0.42295064201123533
0.4338275373378393, 0.4247559648157385
0.43042080017442497, 0.43022595875379654
0.43191976452632724, 0.4353097702287869
0.4369072277335659, 0.4455837912019644
0.4336367600566881, 0.4363870733771977
0.4350812166139758, 0.44815009831858604
0.43298266652131256, 0.435124167789399
0.4329554126240052, 0.43400055508336716
0.4334459827755369, 0.4338266901396839
0.43020276899596643, 0.4483307328975074
0.4336640139539954, 0.43177621309923464
0.43292815872669793, 0.440972461407468
0.4346724081543661, 0.426267736670876
0.4325193502670882, 0.42426617147246276
0.4329554126240052, 0.4178733491578957
0.43658018096587814, 0.44742225886831466
0.43140194047748825, 0.43556519856328585
0.43565354845742943, 0.43341797091745876
0.43243758857516623, 0.43563992799540296
0.43513572440859044, 0.4383769023181037
0.43401831461899054, 0.43576302131007155
0.43532650168974163, 0.4450284199626062
0.4317834950397907, 0.43120978217309536
0.43401831461899054, 0.4358469933568657
0.4306660852501908, 0.4355302337885909
0.43205603401286385, 0.43670969338276955
0.43420909190014173, 0.4329110007281739
0.43682546604164396, 0.4468494949430262
0.4350267088193612, 0.4374405889717973
0.4356808023547367, 0.4386421363172467
0.43404556851629783, 0.4360475586873704
0.43221955739670775, 0.42921171179861606
0.43505396271666846, 0.45078096054091843
0.4320287801155565, 0.4407325479313013
0.428867328027908, 0.4288905331670432
0.4374523056797122, 0.4432261968984021
0.43554453286820016, 0.44662483229101907
0.435789817943966, 0.44514122194768807
0.4301755150986591, 0.434289029746587
