ATE real, ATE estimado
0.4321105418074785, 0.2882244839875775
0.43243758857516623, 0.2939181050459413
0.4336367600566881, 0.29952803269424066
0.4288945819252153, 0.28304727982377764
0.4327101275482394, 0.29020318078042506
0.43532650168974163, 0.291122708899585
0.43284639703477595, 0.2881039787886367
0.4355172789708928, 0.29690621858795063
0.43371852174861003, 0.2986907866041041
0.43121116319633707, 0.29025721438932983
0.4336367600566881, 0.2943814450993797
0.43257385806170284, 0.2987122901085113
0.43205603401286385, 0.2891865645022901
0.42712307860023985, 0.2966900841523318
0.42949416766597626, 0.28836266561980817
0.4333097132890003, 0.2903585842326839
0.4281042189033032, 0.283264418568432
0.43309168211054183, 0.29257013512666075
0.4327101275482394, 0.2948945370773439
0.4297394527417421, 0.2880834320520088
0.43641665758203424, 0.2979304890083204
0.4330371743159272, 0.2877071103252343
0.43649841927395616, 0.292539518557722
0.4354355172789709, 0.2978042432027035
0.4316744794505614, 0.290768847444997
0.4361168647116538, 0.29400562552712295
0.434236345797449, 0.2975440974492348
0.4340728224136051, 0.29170509522966726
0.4308841164286493, 0.2912422573307466
0.42968494494712745, 0.2881226119897057
0.4330644282132345, 0.2896264875157627
0.4311839092990298, 0.2904494296304653
0.429821214433664, 0.28867780174996094
0.43573531014935135, 0.29434367654272386
0.43104763981249317, 0.28877771267101804
0.43292815872669793, 0.29123555995629125
0.4363621497874196, 0.29505281083294077
0.43148370216941023, 0.2885544262476819
0.434236345797449, 0.29389851507709286
0.43786111413932194, 0.2939152347426033
0.4331189360078491, 0.29499353877187773
0.43249209636978087, 0.2884411205777142
0.4370707511174098, 0.2972380743836138
0.43478142374359535, 0.2991670192519357
0.4354627711762782, 0.29793955453159615
0.4317834950397907, 0.2879739059119023
0.4323830807805516, 0.28226114949795167
0.4359533413278099, 0.29651650211226543
0.4309386242232639, 0.28870937508667915
0.43063883135288344, 0.2950939043061964
0.43156546386133215, 0.2946396773172898
0.43115665540172243, 0.28560312449454917
0.42971219884443473, 0.29062683874164896
0.43148370216941023, 0.29390903952266556
0.4359805952251172, 0.3026749221463647
0.4307478469421127, 0.2868932337338075
0.43208328791017114, 0.28881885368552973
0.4306660852501908, 0.2877386361206964
0.43570805625204406, 0.2846644610198025
0.4356808023547367, 0.29145597607628904
0.4358715796358879, 0.2898574280813334
0.4327918892401613, 0.29103851333500297
0.43557178676550745, 0.29078606926502515
0.4303117845851957, 0.2916381690263695
0.4349176932301319, 0.2994816532275707
0.43758857516624877, 0.29706544911132693
0.42976670663904937, 0.2881403359642516
0.4299847378175079, 0.2903097890759375
0.43281914313746866, 0.2875153496973605
0.4319470184236346, 0.29200733876542695
0.43121116319633707, 0.29165156377528023
0.4365529270685708, 0.2934710300447516
0.42971219884443473, 0.2891784557467937
0.42892183582252263, 0.2852602896400517
0.4303117845851957, 0.2938903587803404
0.43170173334786877, 0.29118389449620674
0.43521748610051236, 0.2921818300320166
0.4281587266979178, 0.2887901506521494
0.4343453613866783, 0.29450723629173514
0.43243758857516623, 0.297922332711568
0.4302300228932737, 0.2915544756163052
0.4330371743159272, 0.29176728513532457
0.4336640139539954, 0.2894151369190404
0.4292761364875177, 0.28020500205623367
0.4341818380028344, 0.28934005441899013
0.4360351030197318, 0.2882197001486808
0.434754169846288, 0.2981088073460274
0.42993023002289327, 0.28924538195009153
0.4360078491224245, 0.30146800416265296
0.4323013190886297, 0.2886634502332708
0.433282459391693, 0.2946588126728765
0.43393655292706856, 0.2892745871379896
0.43388204513245393, 0.2926533263822074
0.43232857298593697, 0.2842298239997443
0.4379973836258585, 0.2986759329328963
0.43445437697590755, 0.29126184729959503
0.43191976452632724, 0.27862750295242344
0.43164722555325413, 0.29636779603446206
0.4329554126240052, 0.289179412514573
0.43314618990515646, 0.29385495837250475
0.4369617355281805, 0.30043179791566954
0.4315927177586395, 0.29225358761546716
0.429902976125586, 0.2946764891061663
0.4356808023547367, 0.2927680909744723
0.43224681129401504, 0.2892721239066569
0.4383789381881609, 0.29419210016158226
0.42772266434100076, 0.28407296162518825
0.4354627711762782, 0.292909142910041
0.43377302954322466, 0.2965552274367007
0.43260111195901013, 0.293086097407963
0.4301482612013518, 0.2882923669586547
0.4320287801155565, 0.291859039759629
0.43369126785130274, 0.29276859312899006
0.43208328791017114, 0.287589930042893
0.43181074893709803, 0.2906961806350231
0.43442712307860026, 0.2957040844431357
0.4341818380028344, 0.2941108224415945
0.4376430829608634, 0.29193507902745863
0.4319742723209419, 0.28706636116061224
0.43243758857516623, 0.2925007932332866
0.42859478905483483, 0.29047858727710707
0.43042080017442497, 0.2920909846342351
0.43461790035975145, 0.2930286913412026
0.4349449471274392, 0.29688804000014324
0.4365256731712635, 0.29637353664113797
0.43099313201787853, 0.29390662383258914
0.43385479123514664, 0.29982740592666235
0.4302300228932737, 0.2926045787667171
0.437261528398561, 0.2953306330196992
0.4310748937098005, 0.2871285035250133
0.43521748610051236, 0.29190400784525805
0.43516297830589773, 0.2945220424216868
0.4333914749809223, 0.30018696044667037
0.43249209636978087, 0.2868148263171576
0.4344816308732149, 0.299556735727621
0.4364711653766489, 0.29316400267009524
0.4357625640466587, 0.3017338429815416
0.4348631854355173, 0.29731169796136714
0.43350049057015155, 0.2888226807566471
0.43516297830589773, 0.2963921698422072
0.4341545841055271, 0.29963418637649153
0.4282949961844544, 0.28686885992606237
0.43077510083942006, 0.2909969177072297
0.4305570696609615, 0.2916319738064318
0.43036629237981033, 0.2885458153376679
0.433800283440532, 0.2961158065777457
0.43292815872669793, 0.2909075312317453
0.43480867764090264, 0.2905531676226396
0.4371252589120244, 0.2973260494780572
0.43350049057015155, 0.2940290425670887
0.43625313419819034, 0.29762733624603754
0.433282459391693, 0.2942389817827701
0.42987572222827863, 0.293737371018158
0.43241033467785894, 0.29853870806844507
0.43649841927395616, 0.2971878678458265
0.4319742723209419, 0.2906827858861123
0.43265561975362476, 0.2867182403127002
0.43633489589011226, 0.2947314794828503
0.4329554126240052, 0.2859153427801078
0.4334187288782296, 0.29521491165965497
0.4309386242232639, 0.2955051718275449
0.43140194047748825, 0.28385732934408714
0.43709800501471713, 0.2953181950385677
0.4306933391474981, 0.29299046817128493
0.43478142374359535, 0.29623631177668674
0.4346724081543661, 0.29265715345332477
0.43309168211054183, 0.2898144210725191
0.43516297830589773, 0.28977232329022806
0.4279952033140739, 0.2928446323968197
0.4345088847705222, 0.29036286591706284
0.4329009048293906, 0.28969582940913696
0.43121116319633707, 0.2901940677158933
0.43810639921508776, 0.29147702496743455
0.43554453286820016, 0.29660830427782614
0.43478142374359535, 0.2870036691004373
0.4299847378175079, 0.29017402313378327
0.4365256731712635, 0.29481945457729364
0.4359533413278099, 0.30048391798901564
0.4335822522620735, 0.29166541313745264
0.43148370216941023, 0.29181553059629706
0.43336422108361494, 0.29394872161488017
0.4325466041643955, 0.2877367225851378
0.4355172789708928, 0.2939314997948521
0.428867328027908, 0.28811596215650637
0.43878774664777065, 0.29950844272539223
0.43516297830589773, 0.30013342899228335
0.4347269159489807, 0.29497198772621447
0.43393655292706856, 0.29996221510103727
0.43881500054507794, 0.29209239601527615
0.4313474326828737, 0.29171561967524007
0.430856862531342, 0.2910017490873824
0.433800283440532, 0.28788351512738264
0.43461790035975145, 0.29065790992384943
0.4373160361931756, 0.29174236163180545
0.4334732366728442, 0.2945741624950329
0.43516297830589773, 0.2941457206949123
0.43442712307860026, 0.2955625778943054
0.4335822522620735, 0.29789075937484966
0.4407772811512046, 0.2970859958479547
0.4343998691812929, 0.29128909141067816
0.43164722555325413, 0.28755885886069255
0.4283767578763763, 0.2921785051154169
0.42900359751444456, 0.28510297265223417
0.4324648424724736, 0.2950083449018295
0.4354627711762782, 0.3000014425799903
0.43063883135288344, 0.29535550898196206
0.43573531014935135, 0.29397500895818396
0.4368799738362586, 0.29019885155478997
0.4308841164286493, 0.28872272229433393
0.4335549983647662, 0.29287424465672307
0.43393655292706856, 0.28649591065714364
0.43181074893709803, 0.2907956369428185
0.43284639703477595, 0.2951790566385578
0.4319470184236346, 0.2898932831024307
0.43420909190014173, 0.29311142798348755
0.4315927177586395, 0.2944804467939135
0.43369126785130274, 0.2932041869168276
0.43377302954322466, 0.2915984869341548
0.42780442603292274, 0.286825805375992
0.43385479123514664, 0.29562472025870645
0.43227406519132233, 0.2948462440751153
0.4355172789708928, 0.2918107942986564
0.43682546604164396, 0.2973155250324845
0.43260111195901013, 0.28979241541359435
0.4325193502670882, 0.28629312342917934
0.4356808023547367, 0.2932993139989879
0.4376703368581707, 0.29454545946165267
0.43385479123514664, 0.2935958169280716
0.4339092990297613, 0.2912666311384917
0.4367164504524147, 0.29281064337002494
0.43309168211054183, 0.28750386848400844
0.4350267088193612, 0.28768893173742693
0.429902976125586, 0.29066652083386346
0.43753406737163414, 0.29527755617857376
0.43581707184127333, 0.2862764037636688
0.4315927177586395, 0.291962370679798
0.4308296086340347, 0.2881202438408854
0.4321105418074785, 0.2918681528241608
0.43993241033467784, 0.2956443102275549
0.43208328791017114, 0.28999132802918515
0.42987572222827863, 0.2936307151813894
0.435789817943966, 0.302974749992048
0.430339038482503, 0.2901768458958651
0.4314291943747956, 0.2941873163226856
0.4320015262182492, 0.2894337701201096
0.4334732366728442, 0.29317931095456473
0.4329009048293906, 0.3005929419746044
0.43993241033467784, 0.2937382802446812
0.4339092990297613, 0.2831300164660626
0.43649841927395616, 0.29219139770980995
0.4345361386678295, 0.2927881830978385
0.4319742723209419, 0.2977420532970463
0.4326283658563175, 0.2962984541410878
0.43170173334786877, 0.2840466267406283
0.4384061920854682, 0.2943733363438834
0.4334459827755369, 0.2836196438628049
0.43461790035975145, 0.29872709623846305
0.4357625640466587, 0.2953229788774645
0.43608961081434644, 0.2904111589192916
0.4350812166139758, 0.28579438296790527
0.43153820996402487, 0.2993114436453601
0.436307641992805, 0.29485389821735
0.42788618772484466, 0.29203604179880716
0.43412733020821975, 0.2930435450124105
0.43606235691703915, 0.29360392568356786
0.4360078491224245, 0.2969554683579587
0.43865147716123404, 0.30112894883801666
0.43257385806170284, 0.2922664802098601
0.4335822522620735, 0.290607703386062
0.4314564482721029, 0.2871662720816692
0.42840401177368365, 0.2861970395792397
0.43172898724517605, 0.29188824494752696
0.43377302954322466, 0.28954425302799536
0.43505396271666846, 0.3036241100666841
0.42859478905483483, 0.28694968303278867
0.43974163305352665, 0.29325343668683557
0.42897634361713727, 0.2908573246939581
0.43622588030088305, 0.29597807955877664
0.43385479123514664, 0.2933108427535961
0.43205603401286385, 0.2879313535163496
0.4364711653766489, 0.29643089516664234
0.4317562411424834, 0.2912867232618579
0.43077510083942006, 0.2903906121826638
0.4297394527417421, 0.2891244221378889
0.43284639703477595, 0.29654807544898365
0.43243758857516623, 0.2947501126839195
0.4323830807805516, 0.29861233164619816
0.43333696718630765, 0.28839806602764384
0.4323558268832443, 0.2929010341545447
0.434236345797449, 0.2940998433827601
0.4310748937098005, 0.2967340479289253
0.4339638068243759, 0.29573993946423294
0.4274501253679276, 0.28967956435688813
0.4323558268832443, 0.29333330302578253
0.43243758857516623, 0.29282257919663857
0.43112940150441514, 0.2930473720835278
0.4339638068243759, 0.29374784792247466
0.42976670663904937, 0.28857401621653045
0.4372887822958683, 0.3004494743489593
0.4335822522620735, 0.29746664680036417
0.43483593153821, 0.2932744855779811
0.43445437697590755, 0.29583748223646966
0.4297394527417421, 0.2833078801905079
0.4333097132890003, 0.28671345647380353
0.43633489589011226, 0.2968593845080191
0.4328736509320833, 0.2917524790053727
0.4372887822958683, 0.29542339195303924
0.4361986264035757, 0.29933868775644334
0.4341818380028344, 0.2889278776711185
0.4333914749809223, 0.28992535859366664
0.43513572440859044, 0.29056656237155043
0.4316199716559468, 0.2843201672430078
0.4329554126240052, 0.2923807901888634
0.43333696718630765, 0.29381623304806936
0.4317834950397907, 0.29284221670674326
0.43129292488825904, 0.2905087016915283
0.4354627711762782, 0.2951044762930253
0.43265561975362476, 0.2950566379040581
0.43115665540172243, 0.29090083385728993
0.4327373814455467, 0.29042838073931976
0.43442712307860026, 0.29254097748001906
0.43464515425705874, 0.2968091304289756
0.43249209636978087, 0.29152914504078065
0.4346996620516734, 0.2938784229537267
0.4312384170936444, 0.300187462601188
0.4305570696609615, 0.2935470217713251
0.43846069988008285, 0.29476013497497444
0.43181074893709803, 0.29949600474426075
0.4333914749809223, 0.29204938900646193
0.4329554126240052, 0.2952369173185798
0.43099313201787853, 0.29764360129828626
0.4336367600566881, 0.2882115438519284
0.433282459391693, 0.29502889163845725
0.4344816308732149, 0.2904709331348724
0.4343998691812929, 0.2914670026763796
0.42856753515752755, 0.28527318223444476
0.43709800501471713, 0.30130781687149744
0.4287310585413714, 0.28605452872137394
0.4304753079690396, 0.28937208236897016
0.4364711653766489, 0.2945124747438934
0.43208328791017114, 0.29314104024339105
0.43181074893709803, 0.2871438118094828
0.4329009048293906, 0.2923597412977179
0.4332552054943857, 0.2925328211832665
0.4329554126240052, 0.2931683318957302
0.4320015262182492, 0.2913737415885218
0.42826774228714704, 0.2896479910201698
0.4310203859151859, 0.29271979797224357
0.43412733020821975, 0.29351499382134527
0.4350812166139758, 0.29621380396324415
0.4318652567317126, 0.28434504320527076
0.43115665540172243, 0.29377513957481394
0.43649841927395616, 0.29704057314906407
0.4379973836258585, 0.2962745349466043
0.4383516842908536, 0.30098648552140705
0.4343998691812929, 0.30145747971708015
0.43003924561212253, 0.2914076830740604
0.4323830807805516, 0.29710226090020353
0.4330644282132345, 0.2869204778448906
0.4358715796358879, 0.29209481170535256
0.43300992041861985, 0.3007473886590839
0.43369126785130274, 0.288996717409975
0.4343998691812929, 0.2881857586631422
0.43641665758203424, 0.2892113929232969
0.43846069988008285, 0.2910160530628164
0.42900359751444456, 0.28741493662178585
0.43516297830589773, 0.2948662886572253
0.43352774446745884, 0.29532922163865827
0.4328736509320833, 0.29792615978268533
0.43061157745557616, 0.2873503785673083
0.4309113703259566, 0.29063781780048326
0.43181074893709803, 0.29056943267488833
0.436307641992805, 0.2950064313662707
0.43153820996402487, 0.291475111431876
0.4355990406628148, 0.2922028789231621
0.4335549983647662, 0.28519714296661514
0.4349176932301319, 0.2919595003764599
0.4319470184236346, 0.29597807955877664
0.4292488825902104, 0.28056269058193906
0.4325466041643955, 0.2871973432638698
0.43505396271666846, 0.2980088964249703
0.43622588030088305, 0.29251801505331476
0.4321650496020931, 0.2866144547792697
0.4310748937098005, 0.2899516459369704
0.4320015262182492, 0.2906311204260279
0.4385969693666194, 0.29671637149563557
0.4367164504524147, 0.2959431813054588
0.4335549983647662, 0.29010896292478794
0.4351902322032051, 0.28741539123504733
0.4333097132890003, 0.2948577252884673
0.4345361386678295, 0.2953387417751956
0.4438842254442385, 0.3002075547245542
0.434754169846288, 0.2951001470673902
0.4361441186089611, 0.2911925054062209
0.42935789817943965, 0.2864385045903831
0.43499945492205383, 0.2979304890083204
0.43320069769977104, 0.28840713155091957
0.429385152076747, 0.2908635199138957
0.43350049057015155, 0.28593830520681207
0.4384061920854682, 0.29591256473651983
0.43276463534285403, 0.2943704660405453
0.4338275373378393, 0.29328737817237416
0.43570805625204406, 0.2986391211440197
0.4328736509320833, 0.2978042432027035
0.4327373814455467, 0.2943111464382261
0.43401831461899054, 0.2955065832085858
0.43557178676550745, 0.29004153456697257
0.4358443257385806, 0.29436376866608993
0.4310748937098005, 0.2907884374138454
0.4316744794505614, 0.28741015278288906
0.4292488825902104, 0.28957532421019605
0.4319742723209419, 0.28430294542297974
0.4327918892401613, 0.29207330820094546
0.43140194047748825, 0.2903294265860421
0.43549002507358553, 0.29217563481207887
0.4388422544423853, 0.29627312356556335
0.4303935462771176, 0.29078939418162475
0.4307205930448054, 0.2896365573480738
0.43265561975362476, 0.2905039178526315
0.4290308514117519, 0.28706203193497704
0.43521748610051236, 0.29236356836883526
0.4345361386678295, 0.2964395060766565
0.4318380028344053, 0.29265861237562185
0.4330371743159272, 0.2943178913539377
0.42908535920636653, 0.28175958627459563
0.4358715796358879, 0.2932333445634695
0.4320015262182492, 0.29416485605049913
0.43437261528398563, 0.2917318847274889
0.4336367600566881, 0.29594459268649975
0.4283767578763763, 0.2897728254447458
0.4311839092990298, 0.2966412889955854
0.43153820996402487, 0.2883545568643119
0.4379973836258585, 0.2991191808629686
0.4337457756459174, 0.29407446526597936
0.43352774446745884, 0.2940204316570747
0.43104763981249317, 0.2930210371989679
0.43826992259893166, 0.29008025989140773
0.4299847378175079, 0.28558494590674166
0.43644391147934153, 0.3024597444785251
0.4327373814455467, 0.29073727410827865
0.4318652567317126, 0.28598901389911713
0.4334459827755369, 0.30010281242334436
0.43284639703477595, 0.29684120592021157
0.43298266652131256, 0.2915019009296974
0.4355990406628148, 0.29671828503119424
0.43096587812057124, 0.29074014441161666
0.43554453286820016, 0.29331321090241647
0.43333696718630765, 0.29381003782813175
0.43148370216941023, 0.29068182911833307
0.4345633925651368, 0.2919231432008449
0.4339910607216832, 0.2945067341372173
0.4332552054943857, 0.3018634612450143
0.430856862531342, 0.28878823711659074
0.43628038809549763, 0.29586618526984987
0.4294669137686689, 0.2860124309390829
0.42952142156328355, 0.28471849462870713
0.4319742723209419, 0.28658625390040726
0.4361713725062684, 0.29386789850815387
0.43232857298593697, 0.29285178438453663
0.4343998691812929, 0.2908606496105577
0.4335549983647662, 0.30129104966473086
0.4394690940804535, 0.29526703173300106
0.4344816308732149, 0.2983880884550829
0.43685271993895125, 0.29715725127688764
0.43589883353319525, 0.29904938435633277
0.4319742723209419, 0.29460477906397176
0.4363621497874196, 0.29077121559381724
0.43709800501471713, 0.3005436922045963
0.43257385806170284, 0.29023233842706697
0.4312656709909517, 0.2862214133869848
0.4316744794505614, 0.2908324487316951
0.4330644282132345, 0.2928981638512066
0.4330644282132345, 0.28719830003164903
0.43012100730404446, 0.2965777352501432
0.43360950615938076, 0.28972785735911677
0.4314564482721029, 0.29115473684956483
0.4295759293578982, 0.2926093150643577
0.4332279515970784, 0.2884473157976518
0.4323558268832443, 0.2985367945328863
0.4328736509320833, 0.2948826012507302
0.43483593153821, 0.2881862132764039
0.4343998691812929, 0.29542006703643964
0.4341545841055271, 0.28584604842798966
0.4314291943747956, 0.28602104184909694
0.43505396271666846, 0.2922970967787991
0.4357625640466587, 0.29830676319383886
0.43003924561212253, 0.2888991746377382
0.42824048838983975, 0.2901051358536706
0.4331189360078491, 0.29290199092232405
0.43276463534285403, 0.289482565276856
0.4325193502670882, 0.28611047586583727
0.43693448163087323, 0.29405628667817196
0.43499945492205383, 0.2982656697205832
0.43573531014935135, 0.29111314122179155
0.43393655292706856, 0.29365080730475557
0.43360950615938076, 0.292155088075451
0.4299574839202006, 0.29900350704418055
0.43369126785130274, 0.29835888326718485
0.4350812166139758, 0.28935868762005934
0.4356262945601221, 0.2955310045575871
0.43292815872669793, 0.28710317294948884
0.4331189360078491, 0.29199439862977783
0.43388204513245393, 0.295222063647372
0.43529924779243434, 0.291044253941679
0.4334459827755369, 0.2864982788059639
0.4325466041643955, 0.29423656609269355
0.4316199716559468, 0.2898053080079873
0.4275046331625422, 0.293525518266918
0.4309113703259566, 0.28277665716599243
0.4351084705112831, 0.2927867241755414
0.43298266652131256, 0.29625781528109385
0.43099313201787853, 0.295571643417581
0.4367164504524147, 0.2880269827530276
0.43063883135288344, 0.29578969138875866
0.42984846833097134, 0.29100316046842334
0.43333696718630765, 0.29967386846870603
0.4358715796358879, 0.2958700123409672
0.43420909190014173, 0.29558216786315383
0.43350049057015155, 0.2964758632522715
0.43557178676550745, 0.2926753320411323
0.434236345797449, 0.29327352881020174
0.43532650168974163, 0.2939166461236442
0.4327373814455467, 0.2961607271221187
0.43360950615938076, 0.28905795054785277
0.43377302954322466, 0.28958106481687196
0.43737054398779024, 0.29500305890841505
0.43698898942548786, 0.2976220502526231
0.43497220102474654, 0.2912379281051115
0.4323830807805516, 0.29320610045238626
0.43483593153821, 0.2903298811993036
0.434754169846288, 0.29092520766503516
0.4337457756459174, 0.2989322516152476
0.4312384170936444, 0.2991436022119699
0.43420909190014173, 0.2911671748306963
0.43164722555325413, 0.29399510108155025
0.435353755587049, 0.29570599797869435
0.4339092990297613, 0.2955979307608849
0.43437261528398563, 0.2947697026527679
0.434318107489371, 0.28693915858721586
0.4317562411424834, 0.29401947488929536
0.429303390384825, 0.2915903306374025
0.4329554126240052, 0.2931836401801998
0.43189251062901995, 0.28544293720339364
0.434236345797449, 0.285530912297837
0.4323013190886297, 0.2928861804833368
0.43044805407173226, 0.2939085373681478
0.43276463534285403, 0.28922050598782867
0.4307205930448054, 0.2967924107634652
0.43846069988008285, 0.2986085045750808
0.4346724081543661, 0.294318800580461
0.43464515425705874, 0.2948782720250951
0.4350812166139758, 0.29076789067721764
0.42908535920636653, 0.2907956369428185
0.4318380028344053, 0.2941562451404851
0.4315927177586395, 0.286853551641593
0.43549002507358553, 0.29406394082040666
0.4329554126240052, 0.2933222764256921
0.4331189360078491, 0.29063494749714525
0.4303117845851957, 0.2906904400283471
0.4333097132890003, 0.30520493408709404
0.43284639703477595, 0.28965614731692224
0.4338275373378393, 0.2962969952187907
0.4328736509320833, 0.28085340536309045
0.43309168211054183, 0.2918294274997255
0.43314618990515646, 0.2943886446283528
0.42747737926523494, 0.2883028914042275
0.42971219884443473, 0.28657572945483445
0.4350812166139758, 0.2987567560396226
0.42807696500599585, 0.2928359739455494
0.4360351030197318, 0.28182314002003783
0.42935789817943965, 0.290183088657059
0.4349449471274392, 0.2913555630007143
0.4317562411424834, 0.29279246478221743
0.43554453286820016, 0.29170177031306765
0.43129292488825904, 0.2878882989662792
0.435353755587049, 0.2939152347426033
0.4321650496020931, 0.29382534611260125
0.43009375340673717, 0.28542430400232455
0.4323558268832443, 0.28487535700326316
0.43401831461899054, 0.29533013086518145
0.4321923034994004, 0.2908157290661847
0.439251062901995, 0.29223873394425925
0.43227406519132233, 0.2955243071831317
0.4301482612013518, 0.2857580733335463
0.4323830807805516, 0.28656998884815843
0.4388967622369999, 0.3018175363916059
0.43140194047748825, 0.2903097890759375
0.42728660198408375, 0.2947941240017692
0.4328736509320833, 0.30019894381454015
0.4375613212689415, 0.29812169994042037
0.43080235473672734, 0.294856768520688
0.4361986264035757, 0.29018258650254125
0.4308296086340347, 0.2915525620807464
0.43260111195901013, 0.2904446457915686
0.43333696718630765, 0.29000709092691623
0.43371852174861003, 0.2901390773392092
0.43300992041861985, 0.28849606341314216
0.4319742723209419, 0.2920924435565322
0.43658018096587814, 0.29848850153065765
0.4323830807805516, 0.29410699537047713
0.4341818380028344, 0.29595944635770766
0.43099313201787853, 0.28798971635088944
0.4335822522620735, 0.2897427110303247
0.434754169846288, 0.29006882621931174
0.4315927177586395, 0.295652921137569
0.42875831243867873, 0.29166208822085304
0.4314564482721029, 0.28935057886456295
0.43483593153821, 0.2949084339807724
0.4381609070097024, 0.2911174229061706
0.4334187288782296, 0.29281018875676335
0.4305298157636542, 0.283174482397174
0.4299847378175079, 0.2876569037874469
0.43369126785130274, 0.2951895810841305
0.4343998691812929, 0.2873503785673083
0.43505396271666846, 0.30048391798901564
0.43461790035975145, 0.28953659888576067
0.43737054398779024, 0.2975751686314353
0.43540826338166355, 0.2895748220556783
0.4360078491224245, 0.2989480145129787
0.4327373814455467, 0.2958853206254367
0.4348631854355173, 0.287751074101828
0.4323013190886297, 0.29849424213733367
0.4328736509320833, 0.29424422023492847
0.4324648424724736, 0.291080611117294
0.43063883135288344, 0.28682917783384776
0.4355990406628148, 0.29090989938056566
0.42916712089828846, 0.2935231501180976
0.430856862531342, 0.2922621985254813
0.4336367600566881, 0.2958886455420364
0.43480867764090264, 0.29188492003092736
0.435353755587049, 0.28897425713778846
0.4260601766052545, 0.2898722817525412
0.43224681129401504, 0.28739197419508156
0.43426359969475636, 0.2934030995324184
0.4346724081543661, 0.29252612380881116
0.43099313201787853, 0.29382821641593926
0.4338275373378393, 0.29778032400821997
0.43137468658018097, 0.2913737415885218
0.43388204513245393, 0.28726623054398226
0.4334732366728442, 0.2919857877197638
0.4345088847705222, 0.29590204029094713
0.43404556851629783, 0.2906201413671936
0.4339638068243759, 0.2915669135974367
0.4316744794505614, 0.29334236854905815
0.4338275373378393, 0.2894667548378689
0.4267415240379374, 0.28973984072698655
0.43521748610051236, 0.2882852149709376
0.4341545841055271, 0.28947919281900025
0.4305843235582688, 0.29555875082318805
0.4309386242232639, 0.29015247208812
0.4338275373378393, 0.2911202932095086
0.4350267088193612, 0.29705301113019544
0.43377302954322466, 0.296636050543427
0.4281042189033032, 0.29524119900295887
0.43442712307860026, 0.28825268486644007
0.43371852174861003, 0.29778510784711665
0.4340728224136051, 0.2956208931875891
0.4325193502670882, 0.2914430359406399
0.4354627711762782, 0.2915496917774085
0.4310748937098005, 0.29368666232585283
0.43810639921508776, 0.29383345486809753
0.43369126785130274, 0.2868640760871657
0.43505396271666846, 0.2905025064715907
0.43241033467785894, 0.29170222492632925
0.43464515425705874, 0.2943661368149102
0.4328736509320833, 0.290996463093968
0.43445437697590755, 0.29054792917048133
0.42881282023329337, 0.2948677475795223
0.43955085577237546, 0.29726723203025573
0.4321377957047858, 0.2832476038204095
0.43401831461899054, 0.2971759320192129
0.436743704349722, 0.29037671527923536
0.43241033467785894, 0.2931778995735237
0.4296576910498201, 0.2858474598090306
0.434754169846288, 0.2998771103099319
0.43257385806170284, 0.3044776212090695
0.434236345797449, 0.2995500383531655
0.43404556851629783, 0.296408434894456
0.4319470184236346, 0.2870715996127705
0.43429085359206365, 0.2937560042192271
0.4335822522620735, 0.28309748636156495
0.4315927177586395, 0.289673823750212
0.43393655292706856, 0.2931917489356961
0.4309386242232639, 0.28894509949114666
0.43404556851629783, 0.2943106918249646
0.43191976452632724, 0.28699606249945864
0.42984846833097134, 0.29028637203597174
0.43677095824702933, 0.287578448829541
0.43442712307860026, 0.30070387949575195
0.4361168647116538, 0.2940553299103926
0.4285130273629129, 0.29009174110475977
0.43513572440859044, 0.29089030941171723
0.43208328791017114, 0.29670252213346315
0.42987572222827863, 0.29303780440573435
0.4364711653766489, 0.2971773434002537
0.4312384170936444, 0.2828794383903874
0.4340728224136051, 0.28777690683187007
0.43420909190014173, 0.29617699217436755
0.4364711653766489, 0.29476255066505097
0.43685271993895125, 0.2950953632284935
0.43205603401286385, 0.2797488139905121
0.4357625640466587, 0.29546020374191584
0.43810639921508776, 0.2952129981240964
0.4321105418074785, 0.2935068850658489
0.43336422108361494, 0.2915831786496854
0.43557178676550745, 0.29314058563012946
0.4317834950397907, 0.2895160521491329
0.4341545841055271, 0.29217563481207887
0.43497220102474654, 0.296352033136731
0.4335549983647662, 0.28844253195875513
0.4349449471274392, 0.2949347213240763
0.43540826338166355, 0.29467074849949026
0.43521748610051236, 0.2928034913823079
0.43243758857516623, 0.29457320572725343
0.43170173334786877, 0.29085682253944023
0.4327101275482394, 0.2932864214045948
0.4284585195682983, 0.29273223595337505
0.4318652567317126, 0.2888394004221575
0.4267415240379374, 0.28263605984368523
0.43521748610051236, 0.2959881018498318
0.43099313201787853, 0.2858857305202043
0.435271993895127, 0.2962955838377498
0.43445437697590755, 0.29075212777948656
0.4305025618663469, 0.28934005441899013
0.4349176932301319, 0.2934088401390944
0.43794287583124386, 0.2985291403906516
0.4330371743159272, 0.2934145807457704
0.4379973836258585, 0.29276139360001685
0.43516297830589773, 0.2920206859730816
0.43096587812057124, 0.3009903125925244
0.4351902322032051, 0.292147888546478
0.433800283440532, 0.2819269255534683
0.4281859805952251, 0.2887533388632729
0.4370707511174098, 0.29711278534577623
0.43532650168974163, 0.28933527058009345
0.43292815872669793, 0.29755603327584856
0.43388204513245393, 0.29204269163200647
0.4297939605363567, 0.2882441214976821
0.4314564482721029, 0.29273797656005107
0.4352447399978197, 0.29761968210380285
0.43020276899596643, 0.2964218296433667
0.4344816308732149, 0.3004097922567446
0.4327918892401613, 0.2919073803031139
0.43137468658018097, 0.29192364535536264
0.43608961081434644, 0.290562735300433
0.4305843235582688, 0.29772724716709453
0.43529924779243434, 0.29593215470536827
0.42971219884443473, 0.2908324487316951
0.43208328791017114, 0.293120995661281
0.43224681129401504, 0.2957495071420263
0.435789817943966, 0.2836086648039705
0.4313474326828737, 0.2895528639380095
0.43063883135288344, 0.29271884120446434
0.43538100948435626, 0.30215800309728313
0.4358443257385806, 0.29682302733240407
0.43565354845742943, 0.2911781538895306
0.4345906464624441, 0.2902796746615163
0.43063883135288344, 0.29410266614484204
0.43377302954322466, 0.2923601959109796
0.43156546386133215, 0.29284267132000485
0.43189251062901995, 0.28905840516111436
0.435353755587049, 0.29196811128647393
0.4319470184236346, 0.29325056638349767
0.4350267088193612, 0.2953459413041687
0.4380518914204731, 0.2974551655870121
0.4281859805952251, 0.28411218910414127
0.429385152076747, 0.28541377955675173
0.4312384170936444, 0.2882852149709376
0.4299847378175079, 0.2936976889259433
0.43129292488825904, 0.2915013987751798
0.4369617355281805, 0.28816612115303775
0.4348904393328246, 0.3002108796411538
0.42892183582252263, 0.2853659411677847
0.43660743486318543, 0.28584982795785097
0.4309113703259566, 0.2944852306328103
0.4299574839202006, 0.28565046072899847
0.4321105418074785, 0.2891129409245369
0.4334732366728442, 0.2935130802857865
0.43276463534285403, 0.29328929170793283
0.4369072277335659, 0.29274608531554747
0.4351902322032051, 0.29423082548601764
0.4296304371525128, 0.2965829737023016
0.43606235691703915, 0.29151338214304967
0.43205603401286385, 0.3002060958022571
0.43385479123514664, 0.29223253872432164
0.43497220102474654, 0.29473530655396774
0.4326828736509321, 0.29177252358748273
0.43333696718630765, 0.29533204440074023
0.43532650168974163, 0.29249742077543095
0.43148370216941023, 0.2947372200895264
0.4339638068243759, 0.2908573246939581
0.4310203859151859, 0.29503896147076847
0.4321923034994004, 0.28891493753546926
0.43208328791017114, 0.29401947488929536
0.43480867764090264, 0.3007655672468914
0.43153820996402487, 0.294070638194862
0.4309386242232639, 0.29403765347710276
0.4343998691812929, 0.29114229886843346
0.4312656709909517, 0.2966121313489435
0.4305025618663469, 0.28985027609361647
0.4333097132890003, 0.2957083661275146
0.4358715796358879, 0.29504994052960276
0.43265561975362476, 0.2970539678979749
0.43698898942548786, 0.29611913149434543
0.4310748937098005, 0.2911279473517433
0.4343453613866783, 0.2963898016933869
0.4304753079690396, 0.2894534076302141
0.43132017878556633, 0.29009365464031855
0.43388204513245393, 0.2956710997253764
0.43170173334786877, 0.296147332373208
0.43682546604164396, 0.2982886321472875
0.4323558268832443, 0.2933921204735841
0.4336640139539954, 0.2900334258114762
0.4327918892401613, 0.2889809545122439
0.44023220320505835, 0.30174199927829404
0.4338275373378393, 0.29747621447815764
0.43641665758203424, 0.2978726283282983
0.4315109560667175, 0.2951192824229769
0.4383789381881609, 0.29983551468215874
0.4333914749809223, 0.297791805221572
0.4277771721356154, 0.28523445691000937
0.4291126131036738, 0.2923080758376334
0.4310203859151859, 0.2874789925217456
0.4346996620516734, 0.29698749630793864
0.42807696500599585, 0.28757179899634167
0.43483593153821, 0.2972538372813449
0.43025727679058107, 0.28967432590472975
0.4330371743159272, 0.29224925838983196
0.4313474326828737, 0.29396926835150805
0.43009375340673717, 0.28461470909527664
0.4315109560667175, 0.28999132802918515
0.4345361386678295, 0.2886481419488014
0.43794287583124386, 0.2991966790530952
0.4311021476071078, 0.2888441842610542
0.4335549983647662, 0.2887920641877081
0.43505396271666846, 0.2901845000380998
0.42884007413060066, 0.29344328377915063
0.4325193502670882, 0.2924276242687951
0.4292216286929031, 0.28563852490238484
0.4316744794505614, 0.28855538301546135
0.4327918892401613, 0.2877410518107729
0.43532650168974163, 0.29324482577682154
0.43129292488825904, 0.2988796769286399
0.42971219884443473, 0.288117828150809
0.43715251280933176, 0.2974676035681436
0.43232857298593697, 0.2902151166070388
0.4305025618663469, 0.2851440661254897
0.43099313201787853, 0.2870529664117014
0.42843126567099094, 0.28854485856988865
0.4305298157636542, 0.29148946294856604
0.4331189360078491, 0.28745174841066246
0.42840401177368365, 0.29322186335011724
0.4330371743159272, 0.29573183070873654
0.4359805952251172, 0.29459183892832264
0.43132017878556633, 0.29326829035804347
0.42933064428213236, 0.2925797028044542
0.4306660852501908, 0.2903160318371313
0.4354627711762782, 0.2918648279075612
0.4296576910498201, 0.2957939730731377
0.43660743486318543, 0.291981003880867
0.4318380028344053, 0.2941767918771129
0.4334459827755369, 0.2998919639811398
0.4360351030197318, 0.2949026458328403
0.4329009048293906, 0.2947391336250852
0.43284639703477595, 0.2880489884119526
0.4378883680366292, 0.29445078699275395
0.43221955739670775, 0.29303302056683767
0.4307205930448054, 0.2945932978506197
0.4305570696609615, 0.29109496263398404
0.43025727679058107, 0.28220761804356465
0.4329554126240052, 0.2940405237804409
0.43077510083942006, 0.2879686674597439
0.4308841164286493, 0.2932228201178967
0.43589883353319525, 0.2938535469914638
0.4339638068243759, 0.2962745349466043
0.43227406519132233, 0.28835979531647016
0.43300992041861985, 0.29698417139133904
0.4354627711762782, 0.29052975058267383
0.43148370216941023, 0.300054064807854
0.43445437697590755, 0.2951790566385578
0.42933064428213236, 0.2912346031885118
0.4323830807805516, 0.2924510413087609
0.4323558268832443, 0.28494898058101625
0.43401831461899054, 0.2960904284609651
0.4296304371525128, 0.2883636223875875
0.43224681129401504, 0.2965365942356316
0.4279952033140739, 0.29132257828295516
0.4301482612013518, 0.29049580909713524
0.43429085359206365, 0.2897627556124348
0.43281914313746866, 0.29172614412081277
0.43393655292706856, 0.29527614479753295
0.4306660852501908, 0.28733698381839745
0.43137468658018097, 0.29076265222505926
0.43388204513245393, 0.29050920384604595
0.43115665540172243, 0.2851129949432891
0.4345361386678295, 0.2970415299168434
0.4318652567317126, 0.2880174626164904
0.4359805952251172, 0.2940878600148902
0.436307641992805, 0.29311042367445206
0.43622588030088305, 0.2989265110085715
0.43480867764090264, 0.2930028586111604
0.4292761364875177, 0.29249983646550726
0.4339638068243759, 0.28947153867676556
0.4336367600566881, 0.29646151173558133
0.43625313419819034, 0.29390375352925113
0.4346724081543661, 0.2942844044816607
0.4332552054943857, 0.2939974692303705
0.43129292488825904, 0.29231094614097153
0.43442712307860026, 0.291978133577529
0.43132017878556633, 0.28387359439633597
0.4332279515970784, 0.29282882195783244
0.43260111195901013, 0.29101368491399615
0.4361168647116538, 0.28721124016729827
0.43369126785130274, 0.2904862414193419
0.436743704349722, 0.29087595789502707
0.4281587266979178, 0.28058706438968417
0.4334187288782296, 0.29276426390335497
0.4329554126240052, 0.29538945046750065
0.43121116319633707, 0.28568873144017215
0.43529924779243434, 0.2951139964295625
0.434236345797449, 0.2931137961323078
0.4333097132890003, 0.295557291900891
0.43377302954322466, 0.29404863253593727
0.43227406519132233, 0.29113655826175733
0.43257385806170284, 0.28754068027288504
0.42635996947563504, 0.28673692105502546
0.4290308514117519, 0.288384671278733
0.43137468658018097, 0.2895251176724086
0.4331189360078491, 0.2992765453920422
0.4325193502670882, 0.28541090925341384
0.43205603401286385, 0.2931472830045847
0.43003924561212253, 0.2955075875176213
0.4341818380028344, 0.287533528285168
0.4305298157636542, 0.28729251788728616
0.4281314728006105, 0.2860358479790487
0.4317834950397907, 0.2870763834516672
0.4339910607216832, 0.2983986129006556
0.4339092990297613, 0.29297848480341515
0.4341545841055271, 0.3025668549285553
0.4300664995094298, 0.28776210070191843
0.4374795595770195, 0.2928077730666869
0.4333097132890003, 0.2984540578906013
0.43191976452632724, 0.29118389449620674
0.42576038373487407, 0.2889828680478025
0.43063883135288344, 0.29196952266751497
0.4341545841055271, 0.29755749219814565
0.4366346887604928, 0.29415574298596736
0.4304753079690396, 0.29509631999627284
0.4345088847705222, 0.2998761535421527
0.43243758857516623, 0.289167931301221
0.436743704349722, 0.2994572794198256
0.43505396271666846, 0.29197098158981205
0.43388204513245393, 0.2947281545662507
0.4336367600566881, 0.28903116105003124
0.43666194265780006, 0.3029761613730889
0.43538100948435626, 0.294518669963831
0.4332279515970784, 0.28894842440774615
0.4314291943747956, 0.2887815397421354
0.4307205930448054, 0.28914547102903443
0.4300664995094298, 0.29354415146798707
0.43352774446745884, 0.29149379217420124
0.4338275373378393, 0.2911934621740001
0.43042080017442497, 0.2904326624236987
0.43191976452632724, 0.2872643170084237
0.4369072277335659, 0.2987806752341061
0.4336367600566881, 0.2914349271851435
0.4350812166139758, 0.29803901083939155
0.43298266652131256, 0.29251227444663874
0.4329554126240052, 0.28961455168914907
0.4334459827755369, 0.28837031976204297
0.43020276899596643, 0.29534402776861
0.4336640139539954, 0.288703586938747
0.43292815872669793, 0.29420977659487213
0.4346724081543661, 0.29102944781172724
0.4325193502670882, 0.2932180362789999
0.4329554126240052, 0.2886926078799127
0.43658018096587814, 0.29662456933007497
0.43140194047748825, 0.29669486799122846
0.43565354845742943, 0.2926131896767312
0.43243758857516623, 0.2896661696079773
0.43513572440859044, 0.29836799633171673
0.43401831461899054, 0.29709223860914846
0.43532650168974163, 0.2961315694754769
0.4317834950397907, 0.29409264385378686
0.43401831461899054, 0.28635476363906265
0.4306660852501908, 0.2933768121891145
0.43205603401286385, 0.2991861546075225
0.43420909190014173, 0.2942250848793415
0.43682546604164396, 0.29772054979263907
0.4350267088193612, 0.2971175691846729
0.4356808023547367, 0.292155088075451
0.43404556851629783, 0.2918629143720025
0.43221955739670775, 0.29371249505589514
0.43505396271666846, 0.304633526815846
0.4320287801155565, 0.29085682253944023
0.428867328027908, 0.2859383527480681
0.4374523056797122, 0.2997585186465498
0.43554453286820016, 0.2938234325770426
0.435789817943966, 0.2994166405598315
0.4301755150986591, 0.29767512709374844
