0 0.43636363636363634
1 0.5283018867924528
1 0.3333333333333333
1 0.7777777777777778
1 0.5294117647058824
0 0.5
0 0.5188284518828452
0 0.519496855345912
0 0.5555555555555556
0 0.375
0 0.5
0 0.0
1 0.6666666666666666
0 0.5217391304347826
0 0.5294117647058824
1 0.4734848484848485
0 0.47619047619047616
0 0.49122807017543857
0 0.5384615384615384
0 0.36363636363636365
1 0.5483870967741935
0 0.49122807017543857
0 0.453125
0 0.46153846153846156
1 0.47107438016528924
0 0.5333333333333333
1 0.5263157894736842
0 0.5416666666666666
1 0.42857142857142855
1 0.5045045045045045
1 0.40540540540540543
1 0.4874715261958998
0 0.49079754601226994
0 0.4342105263157895
1 0.4583333333333333
1 0.48148148148148145
1 0.5
1 0.4528301886792453
1 0.4375
0 0.45662100456621
0 0.5
0 0.5714285714285714
0 0.37037037037037035
0 0.4166666666666667
0 0.5
0 0.48847926267281105
0 0.6363636363636364
1 0.48333333333333334
1 0.4558139534883721
0 0.5276381909547738
1 0.6097560975609756
1 0.38596491228070173
1 0.42857142857142855
0 0.45549738219895286
0 0.5146198830409356
1 0.47619047619047616
1 0.5714285714285714
0 0.7
1 0.5454545454545454
0 0.7142857142857143
1 0.6176470588235294
1 0.6666666666666666
0 0.36363636363636365
0 0.375
0 0.4
1 0.6428571428571429
1 0.625
1 0.5925925925925926
0 0.52
1 0.4807692307692308
1 0.7
1 0.75
0 0.2608695652173913
0 0.5
0 0.8
1 0.3
0 0.6428571428571429
0 1.0
1 0.75
0 0.5135135135135135
0 0.6410256410256411
1 0.4153846153846154
0 0.4166666666666667
0 0.5625
1 0.4536082474226804
1 0.5078125
0 0.3235294117647059
1 0.45454545454545453
0 0.6363636363636364
0 0.475
1 0.5517241379310345
1 0.6666666666666666
1 0.5339805825242718
1 0.5714285714285714
1 0.47619047619047616
1 0.4666666666666667
0 0.5510204081632653
0 1.0
0 0.5294117647058824
0 0.6666666666666666
1 0.5517241379310345
0 1.0
1 1.0
0 0.5
0 0.42857142857142855
1 1.0
1 1.0
1 0.4
0 0.6
1 0.6666666666666666
1 0.6666666666666666
0 0.75
0 0.6666666666666666
1 0.3333333333333333
0 0.3333333333333333
0 1.0
1 1.0
0 0.5
0 0.5833333333333334
0 0.5
1 0.5
0 0.5813953488372093
1 0.3333333333333333
1 0.5409836065573771
1 0.42424242424242425
0 0.45977011494252873
0 1.0
0 0.6666666666666666
1 0.2222222222222222
1 0.3333333333333333
1 0.5
1 0.42857142857142855
0 0.45454545454545453
1 1.0
0 0.5416666666666666
1 0.36363636363636365
0 0.6666666666666666
1 0.4
0 1.0
0 0.6153846153846154
0 0.8461538461538461
0 0.43103448275862066
0 1.0
0 0.8
0 1.0
1 0.5161290322580645
0 0.3888888888888889
0 1.0
1 1.0
0 0.4444444444444444
1 0.16666666666666666
1 0.6
1 0.5
1 0.5
1 0.5
0 1.0
0 0.3333333333333333
0 0.4
1 1.0
1 0.4444444444444444
1 0.5454545454545454
1 0.6
1 0.6666666666666666
0 0.6666666666666666
1 0.43859649122807015
1 0.4
0 0.48148148148148145
0 0.4
0 0.3448275862068966
1 0.5
1 0.5
0 1.0
0 1.0
0 0.4
0 0.4166666666666667
0 0.5
0 1.0
0 0.4883720930232558
1 0.5555555555555556
1 1.0
1 0.3333333333333333
0 0.5918367346938775
0 0.6521739130434783
1 0.47058823529411764
0 0.5
0 0.5230769230769231
1 0.8888888888888888
0 0.6666666666666666
1 0.6
1 0.4107142857142857
1 0.6666666666666666
0 0.5211267605633803
1 0.4166666666666667
1 0.75
1 0.32653061224489793
0 0.5
1 0.4
1 0.5625
1 0.46153846153846156
0 0.4642857142857143
0 0.5384615384615384
0 0.48214285714285715
0 0.42857142857142855
0 0.45454545454545453
0 0.44047619047619047
1 0.5441176470588235
0 0.5405405405405406
0 0.6
0 0.45714285714285713
1 0.5714285714285714
0 1.0
1 0.6235294117647059
0 0.45901639344262296
1 0.3333333333333333
0 0.5277777777777778
1 0.423728813559322
1 0.6923076923076923
0 0.5555555555555556
1 0.5238095238095238
1 0.5
0 0.42105263157894735
1 0.49230769230769234
1 0.4791666666666667
1 0.4
0 0.5306122448979592
0 0.4
1 0.5
0 0.5116279069767442
1 0.5121951219512195
0 0.6666666666666666
0 0.5071428571428571
0 0.2857142857142857
1 0.4782608695652174
0 0.49375
1 0.6666666666666666
0 0.6
1 0.47058823529411764
0 0.5352112676056338
1 0.48
0 0.625
0 0.5757575757575758
0 0.45614035087719296
1 0.5
1 0.4945054945054945
0 0.46296296296296297
0 0.5
1 0.543859649122807
0 0.4
1 0.3333333333333333
1 0.625
0 0.75
1 0.34146341463414637
0 0.5263157894736842
0 0.4482758620689655
0 0.4444444444444444
0 0.3333333333333333
1 0.4444444444444444
1 0.52
1 0.4642857142857143
1 0.6
0 0.5
1 0.48717948717948717
1 0.3888888888888889
0 0.575
1 0.2857142857142857
1 0.2903225806451613
0 0.59375
0 0.4166666666666667
0 0.4891304347826087
0 0.4954128440366973
1 0.4852941176470588
1 0.5116279069767442
0 0.45
0 0.4074074074074074
0 0.5050505050505051
1 0.45754716981132076
0 0.477124183006536
0 0.4383561643835616
0 0.48095238095238096
1 0.675
1 0.7142857142857143
0 0.4716981132075472
1 0.5630252100840336
1 0.48464163822525597
1 0.6666666666666666
0 0.6666666666666666
0 1.0
1 0.4860335195530726
1 0.4358974358974359
1 0.45
1 0.45348837209302323
0 0.5517241379310345
0 0.5227272727272727
0 0.6060606060606061
1 0.4864864864864865
0 0.417910447761194
0 0.5555555555555556
1 0.7142857142857143
0 0.5657894736842105
1 0.5909090909090909
0 0.5714285714285714
0 0.5263157894736842
1 0.5185185185185185
1 0.4444444444444444
0 0.3333333333333333
0 0.2857142857142857
1 0.35294117647058826
1 0.5
0 0.5
1 0.5588235294117647
1 0.75
1 0.25
1 0.3333333333333333
1 0.09090909090909091
0 0.0
1 0.5
0 0.4166666666666667
0 0.5151515151515151
1 0.6666666666666666
1 1.0
1 0.5833333333333334
1 0.5
1 0.8333333333333334
1 0.5
1 0.5
0 0.42857142857142855
0 0.5555555555555556
0 0.6153846153846154
1 0.5555555555555556
1 1.0
0 0.5454545454545454
0 0.5789473684210527
0 1.0
0 0.42857142857142855
1 0.5
0 0.5
1 0.6666666666666666
1 0.4823529411764706
0 0.4482758620689655
0 0.6666666666666666
1 0.6
0 1.0
0 0.45454545454545453
1 0.5
0 0.5686274509803921
0 0.3333333333333333
1 0.3
1 1.0
0 0.5
1 0.3333333333333333
0 0.6
1 1.0
0 0.42857142857142855
0 0.4523809523809524
1 1.0
1 0.5555555555555556
0 0.8
0 0.5
1 0.25
0 1.0
0 0.5
0 0.3333333333333333
1 0.5
1 0.3
1 0.5
1 0.6111111111111112
0 1.0
0 1.0
1 0.5454545454545454
1 0.532258064516129
0 0.5
0 1.0
1 0.6666666666666666
0 0.3333333333333333
0 0.5
1 0.6
1 0.6666666666666666
0 0.4603174603174603
0 0.5
1 1.0
1 0.75
0 0.3333333333333333
1 0.38095238095238093
0 0.5540540540540541
1 0.5
0 1.0
0 1.0
1 0.6
1 0.5833333333333334
0 0.5
0 0.5555555555555556
0 0.5176470588235295
1 0.4
0 1.0
0 0.4444444444444444
0 0.5
0 0.75
0 0.8
0 1.0
1 0.2857142857142857
0 0.42857142857142855
0 0.4375
1 0.4
0 0.5882352941176471
0 0.4470588235294118
0 0.6666666666666666
1 0.3333333333333333
1 0.6470588235294118
0 1.0
0 0.2857142857142857
0 0.45614035087719296
1 0.6470588235294118
1 0.42857142857142855
1 0.16666666666666666
0 0.2
1 0.42105263157894735
1 0.8
1 0.5714285714285714
0 0.16666666666666666
0 0.3333333333333333
0 0.38235294117647056
0 0.42105263157894735
0 0.5384615384615384
0 0.2
0 0.42857142857142855
1 0.38095238095238093
1 0.5862068965517241
1 0.5
1 1.0
1 0.631578947368421
1 0.5384615384615384
0 0.5454545454545454
0 0.5
0 1.0
0 0.42857142857142855
0 0.5
1 0.4342105263157895
1 0.6666666666666666
0 0.7
0 0.4778761061946903
0 0.5294117647058824
1 0.6
1 0.29411764705882354
0 0.5111111111111111
0 0.3
0 0.4782608695652174
0 1.0
0 0.3125
1 0.4
0 0.4
0 0.5625
0 0.5
0 1.0
1 0.48214285714285715
1 0.25
0 0.7142857142857143
1 0.75
1 0.5294117647058824
0 0.5
0 0.475
0 0.47549019607843135
1 0.6
1 0.8
0 0.32653061224489793
0 0.6666666666666666
0 0.6666666666666666
0 0.5089285714285714
0 0.3
0 0.5263157894736842
0 0.3333333333333333
0 0.4
1 0.4444444444444444
0 0.6666666666666666
1 0.6666666666666666
0 0.5714285714285714
0 0.5882352941176471
1 0.4857142857142857
0 0.54
1 1.0
1 0.47058823529411764
0 0.5
0 1.0
1 0.5
0 0.5714285714285714
1 1.0
1 1.0
1 1.0
0 0.4
1 0.42857142857142855
0 0.0
0 0.0
0 0.45454545454545453
1 0.5
1 0.25
0 0.5
0 0.0
0 0.5
0 0.5
1 0.0
1 0.0
0 0.6153846153846154
1 0.5
0 0.0
1 0.0
1 0.2857142857142857
0 0.0
1 0.5625
1 0.5714285714285714
0 0.5714285714285714
1 0.0
1 0.42857142857142855
0 0.46153846153846156
1 0.3333333333333333
0 0.6923076923076923
1 0.5
1 0.5
1 0.0
1 0.5833333333333334
0 0.3333333333333333
0 0.0
1 0.35
0 0.5
1 0.06666666666666667
0 0.0
0 0.0
1 0.2222222222222222
1 0.0
1 0.5
0 0.3333333333333333
1 0.5
0 0.0
1 0.42857142857142855
0 0.5714285714285714
0 0.5714285714285714
1 0.0
1 0.3333333333333333
0 0.4
0 0.2
1 0.0
1 0.0
1 0.6
1 0.5
1 0.3
1 0.6666666666666666
1 0.5263157894736842
1 0.3333333333333333
1 0.0
0 0.5454545454545454
0 0.4
0 0.6
0 0.625
1 0.29411764705882354
0 0.16666666666666666
0 0.0
0 0.0
0 0.2857142857142857
1 0.5238095238095238
1 0.0
1 0.6666666666666666
0 0.3333333333333333
0 0.625
0 0.3
0 0.0
0 0.0
1 0.5
1 0.0
0 0.25
1 0.4444444444444444
1 0.4
1 0.25
1 0.0
1 0.5
1 0.3333333333333333
0 0.6
1 0.25
1 0.6666666666666666
0 0.3333333333333333
1 0.0
0 0.3
1 0.5
1 0.5
0 0.0
0 0.0
0 0.6875
0 0.0
1 0.5483870967741935
1 0.75
0 0.625
1 0.3333333333333333
1 0.0
1 0.4
1 0.5454545454545454
1 0.3333333333333333
1 0.2
0 0.0
0 0.45454545454545453
1 0.2857142857142857
0 0.25
0 0.0
1 0.3333333333333333
1 0.25
1 0.36363636363636365
0 0.0
0 0.0
0 0.4166666666666667
0 0.5
0 0.3
1 0.0
1 0.4925373134328358
0 0.559322033898305
0 0.5625
0 0.0
0 0.4166666666666667
0 0.0
1 0.3333333333333333
1 0.35714285714285715
1 0.34615384615384615
1 0.42857142857142855
1 0.0
0 0.3333333333333333
0 0.0
1 0.2
1 0.5
0 0.5052631578947369
0 0.25
1 0.6666666666666666
0 0.5
1 1.0
0 0.5
1 0.5
1 0.46153846153846156
1 0.417910447761194
0 0.5
0 0.6666666666666666
1 0.38461538461538464
1 0.41
0 0.5
1 0.5142857142857142
0 0.5454545454545454
1 0.53125
1 0.5
0 0.6666666666666666
1 0.5555555555555556
0 1.0
1 0.4
1 0.5
0 0.5
0 0.6666666666666666
0 1.0
1 0.3333333333333333
1 1.0
1 0.4
0 0.35
0 0.5
1 0.46153846153846156
0 0.6
0 0.7
0 0.3333333333333333
0 0.5555555555555556
0 0.5428571428571428
0 0.2631578947368421
0 0.4444444444444444
0 0.7142857142857143
0 0.5
0 0.3
1 0.5
0 0.4722222222222222
0 0.2222222222222222
1 0.2857142857142857
1 0.4157303370786517
0 0.4444444444444444
1 0.44360902255639095
0 0.4
1 0.375
1 0.4
1 0.5161290322580645
0 0.5625
0 0.45454545454545453
1 0.5
1 0.14285714285714285
1 0.2
1 0.45535714285714285
0 0.25
0 0.5
1 0.4533333333333333
1 0.4838709677419355
0 0.5
0 0.41304347826086957
1 0.2
1 0.5526315789473685
0 0.34615384615384615
0 0.21739130434782608
1 0.4166666666666667
1 0.30434782608695654
0 0.39285714285714285
1 0.5
0 0.5454545454545454
1 0.5
0 0.4444444444444444
0 0.36
0 0.28
1 0.3333333333333333
1 0.43010752688172044
1 0.3333333333333333
1 0.5652173913043478
1 0.4782608695652174
1 0.375
1 0.5
1 1.0
0 1.0
1 1.0
1 0.3333333333333333
0 0.36363636363636365
0 0.4166666666666667
1 0.0
1 0.0
1 0.0
1 0.5
0 0.5833333333333334
1 0.5263157894736842
0 0.4722222222222222
1 0.3333333333333333
0 0.0
1 0.0
1 0.5
0 0.0
1 0.4166666666666667
1 0.5833333333333334
0 0.4716981132075472
0 0.5263157894736842
1 0.0
1 0.0
0 0.2
0 0.6666666666666666
0 0.0
1 0.5
0 0.5
0 0.0
1 0.5263157894736842
0 0.3
0 0.0
0 0.4
1 0.25
0 0.2
1 0.0
0 0.5
1 0.5
1 0.0
0 0.0
0 0.0
1 0.35294117647058826
0 0.25
1 0.0
0 0.0
1 0.3333333333333333
1 0.0
1 0.0
0 0.0
0 0.42857142857142855
1 0.5
1 0.4
1 0.0
0 0.0
0 0.0
0 0.25
0 0.0
0 0.5
0 0.0
1 0.0
1 0.0
1 0.0
1 0.3333333333333333
0 0.0
0 0.0
0 0.0
0 0.0
1 0.4
0 0.75
0 0.5
0 0.0
0 0.5
1 0.0
0 0.0
0 0.0
0 0.0
1 0.5
1 0.44
0 0.2
0 0.0
1 0.0
0 0.6
1 0.5
1 0.6
0 0.0
1 0.0
0 0.0
1 0.5
1 0.0
0 0.375
0 0.0
0 0.0
0 0.3888888888888889
0 0.0
1 0.0
1 0.3888888888888889
0 0.4
1 0.0
0 0.0
0 0.0
1 0.0
0 0.0
1 0.5
0 0.0
1 0.0
0 0.2
0 0.6666666666666666
1 0.0
1 0.0
0 0.0
0 0.4166666666666667
0 0.0
0 0.0
0 0.0
1 0.0
1 0.0
0 0.25
1 0.0
1 0.25
0 0.7777777777777778
0 0.0
0 0.0
1 0.0
0 0.0
1 0.0
1 0.0
1 0.0
1 0.5
0 0.0
1 0.4166666666666667
0 0.0
1 0.0
1 0.0
1 0.3333333333333333
0 0.5
1 0.375
0 0.0
1 0.0
1 0.0
1 0.5
1 0.625
1 0.25
0 0.0
1 0.3333333333333333
0 0.0
0 0.3333333333333333
1 0.0
0 0.25
0 0.5
0 0.0
1 0.4
1 0.42857142857142855
1 0.5
1 0.0
0 0.3333333333333333
1 0.0
1 0.0
1 0.25
1 0.0
1 0.4444444444444444
0 0.14285714285714285
0 0.0
1 0.5
0 0.5
0 0.5
0 0.42857142857142855
0 0.5
1 0.4
0 0.25
0 0.4666666666666667
1 0.5
0 0.25
0 0.0
1 0.0
0 0.2857142857142857
1 0.0
1 0.0
1 0.5
1 0.4
0 0.0
1 0.0
0 0.0
1 0.6666666666666666
1 0.38461538461538464
1 0.0
1 0.14285714285714285
0 0.42857142857142855
0 0.0
1 0.6666666666666666
1 0.0
1 0.0
1 0.0
0 0.5
1 0.0
0 0.0
0 0.0
1 0.0
0 0.0
0 0.6666666666666666
1 0.0
0 0.0
1 0.0
0 0.0
0 0.0
1 0.5454545454545454
0 0.3125
0 0.3333333333333333
1 0.0
0 0.2
1 0.4098360655737705
1 0.0
1 0.0
0 0.5294117647058824
0 0.6428571428571429
1 0.5
1 0.25
1 0.5
1 0.0
0 0.0
0 0.5
1 0.3333333333333333
0 0.0
1 0.125
1 0.5
1 0.0
1 0.0
0 0.0
0 0.0
1 0.25
1 0.4
1 0.0
1 0.0
0 0.0
0 0.0
1 0.0
1 0.0
0 0.0
0 0.5
1 0.0
0 0.0
1 0.4444444444444444
0 0.0
1 0.0
0 0.5714285714285714
1 0.0
0 0.0
0 0.0
1 0.3333333333333333
1 0.0
1 0.2
1 0.0
0 0.5357142857142857
0 0.25
0 0.0
0 0.0
1 0.5
0 0.52
0 0.0
1 0.0
1 0.0
0 0.0
1 0.375
1 0.3333333333333333
1 0.4827586206896552
0 0.5
1 0.0
1 0.0
1 0.40625
1 0.5652173913043478
0 0.0
1 0.4
1 0.0
0 0.0
0 0.42105263157894735
0 0.16666666666666666
1 0.16666666666666666
1 0.0
0 0.16666666666666666
0 0.0
1 0.0
1 0.5
0 0.0
1 0.5
0 0.25
0 0.0
1 0.0
0 0.0
1 0.0
0 0.0
0 0.6666666666666666
1 0.0
0 0.5
1 0.0
0 0.0
1 0.5
0 0.0
0 0.0
1 0.0
1 0.0
0 0.0
1 0.3333333333333333
1 0.0
0 0.4520547945205479
1 0.0
1 0.5
1 0.5
0 0.0
1 0.0
1 0.0
1 0.0
1 0.55
0 0.16666666666666666
0 0.5
1 0.0
1 0.0
0 0.6666666666666666
1 0.0
0 0.5
1 0.36363636363636365
0 0.42105263157894735
1 0.0
0 0.45454545454545453
1 0.75
0 0.0
1 0.0
1 0.0
0 0.0
0 0.0
0 0.2
1 0.4444444444444444
0 0.0
0 0.3333333333333333
0 0.29411764705882354
0 0.0
0 0.0
0 0.0
1 0.0
0 0.0
1 0.5
1 0.0
0 0.3888888888888889
0 0.5
1 0.0
1 0.0
0 0.6666666666666666
1 0.0
1 0.0
0 0.0
1 0.5
0 0.0
1 0.0
1 0.6666666666666666
0 0.0
1 0.0
1 0.375
1 0.3333333333333333
1 0.38461538461538464
1 0.0
0 0.0
1 0.0
0 0.0
1 0.0
1 0.0
0 0.0
1 0.25
1 0.0
1 0.25
1 0.0
0 0.75
1 0.0
0 0.625
1 0.3333333333333333
0 0.0
1 0.0
1 0.0
0 0.6363636363636364
1 0.0
1 0.0
1 0.0
1 0.0
1 0.35714285714285715
1 0.3333333333333333
1 0.0
0 0.0
0 0.0
0 0.6666666666666666
1 0.0
1 0.5
0 0.3333333333333333
0 0.0
1 0.0
1 0.0
0 0.0
1 0.2
1 0.0
0 0.0
1 0.6666666666666666
1 0.0
1 0.3333333333333333
0 0.5454545454545454
0 0.0
0 0.0
1 0.0
1 0.0
1 0.6666666666666666
1 0.0
0 0.0
1 0.0
0 0.5
1 0.0
1 0.3333333333333333
1 0.0
0 0.0
1 0.0
0 0.0
1 0.4
1 0.3333333333333333
1 0.0
1 0.0
1 0.0
1 0.0
0 0.0
1 0.0
1 0.0
1 0.0
1 0.3333333333333333
1 0.2
0 0.0
0 0.48507462686567165
0 0.5
0 0.5
1 0.0
0 0.0
0 0.0
0 0.25
1 0.0
1 0.0
0 0.0
1 0.42857142857142855
0 0.0
0 0.5
0 0.5384615384615384
1 0.0
0 0.5
1 0.0
0 0.0
1 0.3333333333333333
0 0.0
0 0.0
1 0.0
1 0.0
0 0.42857142857142855
0 0.2857142857142857
0 0.0
0 0.0
1 0.0
1 0.0
1 0.0
0 0.0
1 0.0
1 0.0
1 0.0
1 0.5
1 0.0
0 0.5
1 0.375
0 0.0
1 0.5
0 0.0
1 0.0
1 0.0
0 0.0
0 0.0
1 0.0
0 0.0
1 0.0
1 0.0
1 0.0
0 0.0
0 0.3333333333333333
0 0.5
1 0.6
0 0.5
1 0.0
0 0.0
0 0.3076923076923077
1 0.5
0 0.16666666666666666
1 0.5
0 0.0
1 0.2
1 0.4375
1 0.6
0 0.0
0 0.0
0 0.4
1 0.4444444444444444
0 0.0
1 0.0
1 0.0
1 0.4166666666666667
0 0.3333333333333333
1 0.5
0 0.0
1 0.0
0 0.3333333333333333
1 0.2
1 0.6
0 0.5
1 0.42857142857142855
0 0.16666666666666666
1 0.5
1 0.0
0 0.25
0 0.3333333333333333
0 0.0
1 0.4
1 0.5666666666666667
1 0.5
0 0.4
0 0.0
0 0.42857142857142855
1 0.3333333333333333
0 0.0
0 0.3333333333333333
1 0.5
1 0.75
0 0.0
1 0.3333333333333333
1 0.6153846153846154
0 0.35714285714285715
0 0.0
0 0.3
1 0.0
0 0.16666666666666666
0 0.0
0 0.0
1 0.0
0 0.0
0 0.46153846153846156
1 0.0
0 0.0
1 0.5454545454545454
0 0.0
0 0.5
1 0.4473684210526316
0 0.0
1 0.5555555555555556
1 0.375
0 0.3333333333333333
0 0.0
0 0.0
0 0.42857142857142855
0 0.0
0 0.0
0 0.0
1 0.6
0 0.3333333333333333
1 0.0
1 0.5384615384615384
1 0.0
1 0.0
0 0.0
0 0.38461538461538464
0 0.5714285714285714
0 0.4166666666666667
0 0.36363636363636365
1 0.0
1 0.0
1 0.0
1 0.5
1 0.0
1 0.0
1 0.6666666666666666
0 0.3333333333333333
0 0.0
1 0.0
0 0.3333333333333333
1 0.0
1 0.0
0 0.0
1 0.0
0 0.0
0 0.0
1 0.0
1 0.0
0 0.0
0 0.0
0 0.0
0 0.0
1 0.0
0 0.0
0 0.0
0 0.0
0 0.0
0 0.0
0 0.5138888888888888
0 0.5
1 0.0
1 0.0
1 0.0
0 0.0
0 0.0
0 0.0
1 0.0
1 0.35714285714285715
1 0.2
0 0.0
0 0.0
0 0.0
1 0.5
1 0.3333333333333333
1 0.14285714285714285
0 0.0
1 0.0
0 0.5714285714285714
1 0.0
0 0.0
1 0.5
1 0.0
1 0.0
1 0.0
1 0.0
1 0.0
1 0.0
1 0.16666666666666666
0 0.6
0 0.5714285714285714
0 0.2
0 0.5
1 0.5
1 0.5
0 0.0
1 0.0
0 0.0
0 0.5454545454545454
0 0.0
1 0.3333333333333333
0 0.0
1 0.0
1 0.0
1 0.0
1 0.0
1 0.0
1 0.2857142857142857
0 0.25
1 0.0
0 0.25
0 0.0
1 0.6666666666666666
0 0.0
1 0.0
1 0.36363636363636365
0 0.4
0 0.5
1 0.0
1 0.5
1 0.3333333333333333
0 0.0
1 0.0
0 0.7272727272727273
1 0.6666666666666666
1 0.0
0 0.0
1 0.0
0 0.75
0 0.0
0 0.0
0 0.0
0 0.0
1 0.5
1 0.0
0 0.0
0 0.0
1 0.5
0 0.0
1 0.0
0 0.0
1 0.0
0 0.0
1 0.0
1 0.0
0 0.0
0 0.0
0 0.36363636363636365
0 0.5
0 0.5
1 0.5
1 0.5
1 0.0
0 0.0
1 0.0
1 0.0
1 0.0
1 0.3
1 0.0
0 0.5208333333333334
0 0.0
0 0.0
0 0.0
1 0.0
1 0.0
1 0.0
0 0.0
1 0.0
0 0.5384615384615384
0 0.0
1 0.125
1 0.5
0 0.0
0 0.6666666666666666
0 0.5
1 0.0
0 0.0
1 0.0
0 0.3125
1 0.0
1 0.25
0 0.0
0 0.0
0 0.125
1 0.0
1 0.0
1 0.5
0 0.3
1 0.6666666666666666
0 0.25
0 0.3333333333333333
1 0.4230769230769231
0 0.7
1 0.6666666666666666
0 0.75
1 0.75
1 0.5
1 0.3333333333333333
0 0.5
0 0.8333333333333334
1 0.0
1 0.3333333333333333
0 0.5
1 0.6666666666666666
0 0.375
1 0.375
1 0.5
1 1.0
0 0.6666666666666666
0 1.0
0 0.3333333333333333
1 1.0
0 0.4864864864864865
0 1.0
0 0.4732142857142857
1 0.8333333333333334
1 0.5384615384615384
1 1.0
0 1.0
0 0.5
0 1.0
0 0.8
0 0.3333333333333333
1 1.0
1 0.6666666666666666
1 1.0
1 1.0
0 0.5
0 0.6666666666666666
1 0.6666666666666666
0 0.5
1 0.2
1 0.75
1 1.0
0 0.8
0 0.5
0 0.75
1 0.4666666666666667
1 0.75
0 0.4
1 0.5714285714285714
1 0.7142857142857143
0 0.6666666666666666
0 0.46153846153846156
1 1.0
1 0.3333333333333333
1 0.5
1 0.4594594594594595
1 0.5
1 0.6666666666666666
0 0.5769230769230769
1 1.0
0 0.5
0 0.5
1 0.5
1 0.5
0 0.625
0 0.75
1 0.3333333333333333
1 0.5402298850574713
0 1.0
1 0.5
0 0.6363636363636364
1 0.0
0 0.0
0 0.3
1 0.0
0 0.5
1 0.5416666666666666
1 0.5
1 0.4444444444444444
0 0.3333333333333333
0 0.4126984126984127
1 0.4722222222222222
0 0.38461538461538464
0 1.0
0 0.5106382978723404
1 0.5
1 0.5
0 0.25
1 0.0
1 0.6666666666666666
0 0.3333333333333333
1 0.5
1 0.0
1 0.3333333333333333
0 0.625
1 0.0
1 0.4444444444444444
0 0.5
0 0.0
0 0.0
1 0.3333333333333333
1 0.3157894736842105
0 0.0
1 0.46153846153846156
0 0.375
1 0.5
0 0.4827586206896552
0 0.3939393939393939
1 0.2857142857142857
0 0.5
0 0.4444444444444444
0 0.5555555555555556
1 0.25
1 0.5217391304347826
1 0.39622641509433965
1 0.47368421052631576
1 0.47058823529411764
0 0.4
1 0.0
0 0.4
0 0.2
0 0.0
1 0.3333333333333333
0 0.6666666666666666
1 0.0
1 0.0
0 0.0
0 0.125
1 0.5714285714285714
1 0.5151515151515151
0 0.5
1 0.4444444444444444
1 0.3333333333333333
1 0.6
1 0.0
0 0.0
1 0.0
0 0.0
0 0.16666666666666666
0 0.0
0 0.0
0 0.25
1 0.625
1 0.3333333333333333
1 0.4375
0 0.0
1 0.0
0 0.2
1 0.0
0 0.0
1 0.5
0 0.25
1 0.5
0 0.5652173913043478
1 1.0
0 0.46153846153846156
0 1.0
0 0.5
1 0.48
0 0.5454545454545454
0 0.3333333333333333
1 0.4074074074074074
0 0.48333333333333334
1 0.5
0 0.5
1 0.4090909090909091
0 1.0
0 0.5714285714285714
1 0.5625
1 1.0
1 0.6896551724137931
1 0.6363636363636364
0 0.8333333333333334
1 0.5714285714285714
0 1.0
1 0.3333333333333333
1 0.45454545454545453
1 0.5384615384615384
1 1.0
0 0.0
0 0.5
0 1.0
1 0.7142857142857143
1 0.5714285714285714
1 1.0
0 0.7272727272727273
0 0.5037037037037037
0 0.25
1 0.5384615384615384
0 1.0
1 1.0
0 0.3333333333333333
0 1.0
1 1.0
1 0.3333333333333333
0 0.43478260869565216
1 0.4166666666666667
1 0.5
1 0.4666666666666667
0 1.0
0 1.0
0 0.8333333333333334
0 0.0
0 0.0
0 0.2
1 0.0
0 0.6
0 0.5263157894736842
1 1.0
1 0.4444444444444444
0 0.45098039215686275
0 0.3333333333333333
0 0.5740740740740741
0 1.0
0 0.6666666666666666
0 0.42857142857142855
0 1.0
1 1.0
0 0.625
1 0.3333333333333333
0 0.5294117647058824
1 1.0
0 0.0
1 0.6666666666666666
1 1.0
0 0.6666666666666666
0 0.4166666666666667
1 1.0
0 1.0
1 0.52
1 0.42857142857142855
0 0.5
0 0.35294117647058826
1 0.35714285714285715
0 0.4
1 0.5
0 0.5
1 0.5
0 0.5833333333333334
1 0.3333333333333333
0 1.0
0 1.0
1 1.0
1 1.0
1 0.5
0 0.75
0 0.5
0 0.5714285714285714
0 0.4166666666666667
0 0.41379310344827586
1 0.2
0 0.46153846153846156
1 0.35714285714285715
1 0.3333333333333333
1 0.38461538461538464
0 0.6666666666666666
1 1.0
0 0.2222222222222222
1 0.5869565217391305
0 1.0
1 1.0
0 0.5
1 0.3333333333333333
0 0.42857142857142855
0 0.4090909090909091
1 0.25
1 0.5
0 0.5365853658536586
1 0.4666666666666667
1 0.6666666666666666
0 0.6666666666666666
1 0.47058823529411764
1 0.4
0 0.5
0 0.4
0 0.6666666666666666
0 1.0
0 0.5
0 0.5
1 0.75
0 0.375
1 0.0
1 0.0
1 0.0
1 0.25
1 0.5
0 0.38461538461538464
0 0.5
1 0.2857142857142857
0 0.35714285714285715
0 0.25
1 0.25
1 0.0
0 0.0
1 0.6666666666666666
0 0.42857142857142855
0 0.25
1 0.42857142857142855
1 0.6
0 0.5555555555555556
0 0.0
0 0.5
1 0.3125
1 0.14285714285714285
1 0.36363636363636365
0 0.25
0 0.42857142857142855
1 0.0
1 0.0
1 0.0
1 0.5405405405405406
0 0.5
0 0.45
0 1.0
0 1.0
0 1.0
1 0.42857142857142855
1 0.3333333333333333
1 0.5416666666666666
1 0.5454545454545454
1 0.5
1 0.4166666666666667
1 0.38461538461538464
0 0.55
1 0.0
0 0.35714285714285715
1 0.25
0 0.42857142857142855
1 0.4666666666666667
0 0.5161290322580645
1 0.875
1 1.0
1 0.5
0 0.4878048780487805
1 0.0
0 0.0
0 0.0
0 0.4
1 0.0
1 0.375
1 0.0
0 0.0
1 0.6666666666666666
0 0.0
1 0.425
0 0.4
0 1.0
0 0.5
0 0.6923076923076923
0 0.0
0 0.5
0 0.5
0 0.0
0 0.0
0 0.0
1 0.0
1 0.0
0 0.0
0 0.6666666666666666
1 0.46153846153846156
1 0.0
0 0.14285714285714285
1 0.0
1 0.4
0 1.0
0 0.4482758620689655
0 0.2727272727272727
0 0.5
0 1.0
1 0.0
1 0.0
1 0.0
0 0.5882352941176471
1 0.5
1 0.25
1 0.4166666666666667
0 0.0
1 0.7142857142857143
1 0.25
1 0.5
1 0.5
0 0.5454545454545454
1 0.3333333333333333
0 0.6666666666666666
0 1.0
1 0.5
0 0.5
1 1.0
1 0.3333333333333333
1 0.5
1 1.0
0 1.0
1 1.0
0 1.0
1 1.0
0 0.6666666666666666
0 0.3333333333333333
1 0.75
0 0.4
0 1.0
0 0.5
0 1.0
1 0.5833333333333334
1 1.0
0 1.0
1 1.0
0 0.5
0 0.5
1 1.0
1 0.3333333333333333
1 1.0
0 1.0
1 0.5
0 0.6
0 0.5454545454545454
0 0.75
0 0.3333333333333333
0 0.2
1 0.0
0 0.2
0 0.5
0 0.0
1 0.625
0 0.47368421052631576
1 0.5
1 0.5714285714285714
0 1.0
1 0.3333333333333333
1 1.0
1 1.0
0 0.16666666666666666
1 1.0
1 0.75
0 0.4
0 0.3333333333333333
1 1.0
0 0.5
1 0.4
1 0.6
1 0.23076923076923078
1 0.5
0 0.75
1 0.8333333333333334
0 1.0
0 1.0
1 0.75
0 0.45454545454545453
1 0.6
1 0.55
1 1.0
0 0.6666666666666666
1 0.4782608695652174
0 1.0
0 0.625
0 0.6666666666666666
0 0.5
1 0.6666666666666666
0 0.5
1 0.6
0 0.3333333333333333
1 0.4
0 0.5121951219512195
0 0.6666666666666666
0 1.0
0 0.36363636363636365
0 0.5
0 1.0
0 0.7142857142857143
1 0.5263157894736842
1 0.5625
0 1.0
1 0.4
0 1.0
1 0.75
1 1.0
1 0.2857142857142857
1 1.0
1 0.6666666666666666
1 1.0
0 0.5
0 1.0
1 0.6
1 1.0
0 1.0
1 0.5
0 0.6666666666666666
0 1.0
1 1.0
1 0.2
0 0.16666666666666666
1 0.3333333333333333
1 0.0
0 0.375
1 0.5
1 0.375
0 0.3
0 1.0
0 1.0
0 0.6666666666666666
0 0.6666666666666666
1 0.3333333333333333
1 0.47058823529411764
0 1.0
1 1.0
0 0.0
0 1.0
0 1.0
0 1.0
0 0.5
0 1.0
0 1.0
1 0.5
1 0.5
1 0.5
1 0.0
1 0.25
0 0.4
0 0.5454545454545454
1 0.14285714285714285
1 0.0
0 0.42857142857142855
0 0.6666666666666666
0 0.0
1 0.0
1 0.0
1 0.0
1 0.0
0 0.0
0 0.0
0 0.25
1 0.0
0 0.0
0 0.0
0 0.0
1 0.0
1 0.0
0 0.0
1 0.0
0 0.0
1 0.5
0 0.0
1 0.5
0 0.0
1 0.0
1 0.0
0 0.0
1 0.0
1 1.0
0 1.0
0 0.7777777777777778
1 0.0
1 0.0
0 0.47058823529411764
0 0.0
1 0.3333333333333333
1 0.7142857142857143
0 0.3333333333333333
1 0.0
1 0.0
0 0.47058823529411764
1 0.5
1 0.6666666666666666
1 0.0
0 0.6666666666666666
1 0.0
0 0.0
1 0.0
0 0.0
0 0.0
1 0.0
0 0.0
1 1.0
0 0.25
1 1.0
1 1.0
1 1.0
0 0.34782608695652173
1 0.5
0 0.375
1 0.375
1 1.0
0 0.4
0 0.4782608695652174
0 0.375
1 1.0
0 1.0
0 0.5
1 1.0
1 0.6666666666666666
1 1.0
1 1.0
1 0.75
0 0.3333333333333333
0 0.5
0 1.0
0 0.5
0 0.4444444444444444
1 1.0
0 1.0
1 0.0
1 0.0
0 0.25
0 0.3333333333333333
1 0.0
0 0.0
0 0.5
1 0.3333333333333333
1 0.2
1 0.5
1 0.6666666666666666
1 0.5
0 0.5
0 0.5
1 0.5
0 0.36363636363636365
1 0.3333333333333333
1 0.0
0 0.0
1 0.0
1 0.42857142857142855
1 0.25
1 0.3333333333333333
0 0.5
0 0.5172413793103449
0 0.5
1 0.0
0 0.4
1 0.4318181818181818
1 0.4857142857142857
0 0.4
0 0.5
0 0.5
0 0.25
0 0.3333333333333333
1 0.3333333333333333
0 0.5434782608695652
1 0.375
0 0.5555555555555556
0 0.625
0 0.3333333333333333
1 0.5
1 1.0
0 1.0
0 0.3333333333333333
0 0.5
1 0.6
0 0.5
1 0.48484848484848486
1 0.0
1 0.0
0 0.5
0 0.0
0 0.0
0 0.0
0 0.0
0 0.0
1 0.0
1 0.2
1 1.0
1 0.6666666666666666
0 0.5714285714285714
0 0.5
0 1.0
1 0.0
0 0.4
0 0.5
1 0.2
1 0.3333333333333333
1 0.5
1 0.3333333333333333
1 0.0
1 0.25
1 0.42424242424242425
1 0.3333333333333333
0 0.4074074074074074
0 0.5
0 0.6666666666666666
1 0.0
0 1.0
1 1.0
0 0.75
0 0.0
1 0.0
0 0.0
0 0.0
0 0.2
1 0.25
0 0.5714285714285714
0 0.3333333333333333
0 0.0
1 0.5
1 1.0
1 0.8571428571428571
0 1.0
0 0.6666666666666666
1 1.0
1 0.6
0 0.0
1 0.5
1 0.5
1 0.0
0 0.3
1 0.0
0 0.0
1 0.4
0 0.25
0 0.0
1 0.0
0 0.5151515151515151
1 0.4666666666666667
0 0.5
1 0.55
0 0.4838709677419355
1 0.40625
0 0.5
1 0.4827586206896552
1 0.5161290322580645
0 0.59375
0 0.5
0 0.3333333333333333
1 0.5
1 0.0
0 0.0
1 0.0
0 0.0
1 0.0
0 0.0
1 0.5
1 1.0
1 1.0
0 1.0
1 0.375
0 0.0
0 0.0
0 1.0
0 0.0
0 0.4
0 0.5
1 0.0
0 0.8
0 0.375
0 0.4
0 1.0
0 0.5
1 0.4444444444444444
0 0.5
1 0.375
0 1.0
1 0.40350877192982454
0 0.0
0 0.0
0 0.0
0 0.0
1 0.0
1 0.5
0 0.5
1 0.0
1 1.0
1 0.5
0 0.6666666666666666
0 1.0
1 1.0
1 0.0
0 0.625
0 0.6153846153846154
1 0.6666666666666666
1 1.0
0 0.5555555555555556
1 0.5263157894736842
0 0.5
1 0.6666666666666666
1 0.45454545454545453
1 1.0
1 1.0
1 1.0
0 1.0
1 0.38461538461538464
1 0.5555555555555556
0 0.3076923076923077
0 0.2222222222222222
0 0.0
0 0.25
1 0.25
0 0.0
0 0.0
1 0.0
0 0.0
1 0.0
1 0.0
0 1.0
0 1.0
1 1.0
1 1.0
1 0.8333333333333334
0 0.8888888888888888
0 0.5
0 0.0
1 0.2857142857142857
1 0.3333333333333333
1 0.5454545454545454
1 0.5
0 0.42857142857142855
1 0.75
1 0.6666666666666666
1 1.0
0 0.6666666666666666
1 0.0
0 0.25
1 0.0
1 0.0
1 0.2222222222222222
0 0.3333333333333333
1 0.25
0 0.52
1 0.0
1 0.3333333333333333
1 0.0
1 0.5625
1 0.5121951219512195
0 0.5
1 0.5263157894736842
0 0.5882352941176471
0 0.0
1 0.43636363636363634
1 0.4444444444444444
0 0.625
0 0.2
0 0.0
1 0.0
0 0.0
1 0.0
1 0.0
0 0.55
0 1.0
1 0.5
0 1.0
0 1.0
1 1.0
1 1.0
1 1.0
1 1.0
0 0.5
1 1.0
1 0.75
1 0.42857142857142855
0 0.6
0 1.0
1 0.6666666666666666
1 0.8
0 0.5
0 1.0
0 0.3333333333333333
1 0.6666666666666666
0 1.0
0 0.75
0 0.5
0 0.3333333333333333
0 0.4444444444444444
0 0.5
1 0.42857142857142855
0 0.25
0 1.0
0 1.0
1 0.5
0 0.0
0 0.0
1 0.5
0 1.0
0 0.5
1 1.0
1 1.0
1 0.0
0 0.0
0 0.25
0 0.375
1 0.75
0 0.25
0 0.75
1 1.0
0 0.3333333333333333
0 0.5
0 0.45454545454545453
0 0.5
1 0.5
0 0.2
0 1.0
0 0.5555555555555556
1 0.6666666666666666
0 1.0
0 0.6
0 1.0
1 1.0
1 0.5
0 0.5
1 0.2
0 0.0
1 0.5
0 0.36363636363636365
1 0.5454545454545454
1 0.375
1 0.5
0 0.5
1 0.36363636363636365
0 0.5714285714285714
0 0.0
1 0.391304347826087
0 0.375
1 0.125
1 0.0
0 0.25
0 0.5113636363636364
0 0.5
1 0.42857142857142855
1 0.5
0 0.0
1 0.3157894736842105
1 0.4
1 0.3333333333333333
1 1.0
1 1.0
0 0.6666666666666666
0 0.5
0 0.6666666666666666
0 0.5
0 0.0
1 0.3333333333333333
1 0.0
1 0.4
1 0.0
0 0.0
1 0.0
0 0.3333333333333333
0 0.0
0 0.5
0 0.5
1 0.46153846153846156
0 0.2
1 0.4
0 0.5
1 0.625
1 0.0
0 0.3181818181818182
1 0.34285714285714286
1 1.0
0 1.0
0 1.0
0 0.5
0 0.6666666666666666
1 0.0
1 0.0
1 0.0
0 0.0
1 0.0
1 0.0
0 0.0
0 0.0
0 0.6666666666666666
1 0.0
0 0.3333333333333333
1 0.2727272727272727
0 0.09090909090909091
1 0.0
1 0.0
1 0.0
1 0.5
1 0.25
1 0.4166666666666667
1 0.46153846153846156
0 0.1
0 0.42857142857142855
1 0.47058823529411764
1 0.0
0 0.5
1 0.3333333333333333
0 0.0
0 0.0
1 0.5
1 0.25
0 0.4
1 0.2
0 0.0
1 0.6666666666666666
1 0.45454545454545453
0 0.5
0 0.2
0 0.2857142857142857
0 0.1
1 0.5714285714285714
1 0.0
1 0.0
1 0.45454545454545453
0 0.0
0 0.3333333333333333
1 0.2
0 0.125
0 0.5
1 0.3333333333333333
0 0.3333333333333333
0 0.3333333333333333
1 0.0
1 0.0
0 0.23809523809523808
1 0.4
1 0.4444444444444444
1 0.0
1 0.4666666666666667
0 0.4117647058823529
1 0.16666666666666666
0 0.5
1 0.0
0 0.6666666666666666
1 0.6
1 0.6666666666666666
1 0.0
1 0.5
0 0.0
1 0.3333333333333333
1 0.0
1 0.3783783783783784
1 0.5
1 0.8
0 0.35
0 0.3225806451612903
0 0.0
0 0.0
1 0.0
0 0.0
0 0.0
1 0.0
1 0.0
0 0.4
1 0.42105263157894735
0 0.6666666666666666
1 1.0
1 1.0
0 0.0
0 0.0
1 1.0
1 0.75
0 0.3333333333333333
1 0.6
1 1.0
1 1.0
0 1.0
1 1.0
0 0.6666666666666666
0 1.0
1 1.0
0 1.0
1 1.0
0 0.5
0 1.0
0 0.6
0 0.5
0 0.5
1 0.6666666666666666
0 0.5
0 0.5
1 1.0
0 0.0
1 0.0
1 0.0
0 0.5
0 0.5384615384615384
0 1.0
1 0.5
1 0.3448275862068966
1 0.5454545454545454
1 0.0
0 1.0
1 0.0
1 0.0
1 0.0
1 0.2222222222222222
0 0.5555555555555556
0 0.5
0 0.5555555555555556
1 1.0
0 1.0
1 0.3333333333333333
1 0.5
0 0.45454545454545453
1 0.6071428571428571
1 0.2222222222222222
0 1.0
1 0.5
0 1.0
0 0.8333333333333334
0 0.0
0 0.0
0 0.0
1 0.0
0 0.0
1 0.5
0 0.0
0 0.0
1 0.0
1 0.25
0 0.3333333333333333
0 0.4
1 0.4
0 0.375
0 0.5
0 1.0
0 1.0
1 1.0
1 1.0
1 0.6666666666666666
0 1.0
0 0.0
0 0.5
0 0.625
1 0.32
0 0.0
0 1.0
1 0.0
0 0.0
0 1.0
1 0.3333333333333333
0 0.0
0 0.6666666666666666
1 0.5
0 0.6666666666666666
0 1.0
0 1.0
1 0.5
0 1.0
0 0.625
1 0.0
0 0.0
0 0.0
0 0.0
0 0.25
1 0.5714285714285714
1 0.5454545454545454
0 0.0
1 0.25
1 0.5714285714285714
1 0.0
0 0.2
1 0.25
0 0.5
0 0.0
0 1.0
0 1.0
1 0.0
0 1.0
0 0.8
1 1.0
1 0.0
1 0.0
0 0.5555555555555556
0 0.0
1 0.5
0 0.25
1 1.0
1 0.5
1 0.625
1 0.6363636363636364
1 0.75
1 0.0
0 0.0
1 0.0
0 0.6
1 1.0
0 1.0
1 1.0
0 0.5
0 0.45454545454545453
0 0.0
0 0.4
0 1.0
1 0.3333333333333333
1 0.0
1 0.5
0 0.0
1 0.5
1 0.0
0 0.0
1 0.0
0 0.3333333333333333
1 0.5
1 0.16666666666666666
1 0.2727272727272727
0 0.0
0 1.0
1 0.5
1 1.0
1 0.0
1 1.0
0 1.0
0 1.0
1 1.0
0 1.0
1 0.0
1 0.0
1 1.0
1 0.3333333333333333
0 1.0
0 1.0
1 0.3333333333333333
1 1.0
0 0.0
1 0.6666666666666666
0 1.0
1 0.6666666666666666
0 0.6666666666666666
0 0.5
0 1.0
1 1.0
1 0.4
1 0.6666666666666666
0 0.5
0 1.0
0 1.0
1 1.0
1 1.0
0 1.0
1 1.0
1 1.0
1 1.0
0 1.0
0 1.0
0 1.0
1 0.5
0 1.0
1 0.5
1 1.0
1 1.0
1 0.5
1 0.8571428571428571
1 0.4
1 1.0
0 0.36363636363636365
0 0.3333333333333333
0 0.3333333333333333
0 1.0
1 0.25
0 0.9166666666666666
1 1.0
0 0.4
1 0.6666666666666666
0 0.3333333333333333
1 0.6666666666666666
0 0.6666666666666666
0 1.0
1 1.0
1 1.0
0 1.0
0 0.5
1 1.0
1 1.0
0 1.0
0 0.0
1 1.0
0 0.75
0 0.36363636363636365
0 0.0
0 0.0
0 0.5
1 0.0
1 1.0
1 1.0
0 1.0
1 0.3333333333333333
0 1.0
0 1.0
0 0.5
1 0.5
1 1.0
1 0.5
0 1.0
0 1.0
0 1.0
0 1.0
0 1.0
1 0.25
1 0.5
0 0.25
1 1.0
0 0.25
0 0.0
1 0.0
1 0.43333333333333335
1 0.6666666666666666
1 1.0
0 1.0
1 0.0
1 0.0
1 0.0
0 0.0
1 0.0
1 0.5
1 0.0
1 0.0
1 0.6
0 0.38461538461538464
0 0.0
1 0.42857142857142855
1 1.0
0 0.6666666666666666
0 0.5
0 1.0
1 0.0
0 0.0
1 0.8333333333333334
0 0.0
0 0.0
1 0.5
1 0.5
0 0.0
0 0.0
1 0.0
0 0.0
1 0.0
1 1.0
1 1.0
0 0.3333333333333333
0 1.0
0 0.5
1 0.0
0 0.0
1 1.0
1 1.0
0 0.0
0 0.0
1 0.2
1 0.0
1 0.6
1 0.5
1 0.0
0 0.3333333333333333
0 0.4166666666666667
0 0.0
1 0.5
1 1.0
0 1.0
0 1.0
0 1.0
0 1.0
0 1.0
0 1.0
1 0.6
1 0.0
0 0.0
1 0.0
1 0.5
1 0.0
1 0.5
1 1.0
1 0.6666666666666666
1 0.5
0 0.0
1 0.3333333333333333
1 0.0
0 0.3333333333333333
0 0.6666666666666666
1 0.0
0 0.0
1 0.5
1 0.3157894736842105
1 0.0
0 0.5555555555555556
1 0.42857142857142855
1 0.0
1 0.5
1 0.0
1 0.5
0 0.0
0 0.46153846153846156
1 0.0
1 0.0
0 0.0
0 0.25
0 0.0
0 0.5
0 0.6666666666666666
0 0.3333333333333333
1 0.0
1 0.25
1 0.0
0 0.2
0 0.0
0 0.6666666666666666
1 0.2857142857142857
1 0.2
0 0.125
1 0.0
0 0.3333333333333333
1 0.5
1 0.16666666666666666
0 0.0
0 0.5
1 0.0
0 0.5625
0 0.46153846153846156
1 0.3333333333333333
0 0.25
1 0.5
0 0.0
0 0.5652173913043478
1 0.5
0 0.4074074074074074
1 0.5
1 0.5806451612903226
1 0.4827586206896552
1 0.4827586206896552
1 0.59375
1 0.5384615384615384
0 0.5555555555555556
0 0.23076923076923078
0 0.2
0 0.55
0 0.5172413793103449
1 0.6666666666666666
1 0.5555555555555556
0 0.75
1 0.0
1 0.46153846153846156
1 0.42857142857142855
1 0.25
0 0.5
0 0.6666666666666666
0 0.0
0 0.0
1 0.6956521739130435
1 0.5
1 0.5
0 0.7142857142857143
1 0.0
0 0.625
1 0.0
0 0.25
0 0.5294117647058824
0 0.6363636363636364
0 0.4
0 1.0
1 1.0
1 0.75
0 1.0
0 1.0
1 1.0
0 0.6666666666666666
1 0.0
1 0.6666666666666666
0 0.5
0 0.6153846153846154
0 0.6666666666666666
1 1.0
1 0.4
0 0.4
0 0.5
0 0.25
0 1.0
0 0.5
1 0.25
1 1.0
1 1.0
1 0.5
1 1.0
1 1.0
0 0.4666666666666667
1 0.6666666666666666
0 0.3333333333333333
1 0.6666666666666666
1 0.5
1 0.6666666666666666
0 0.3333333333333333
0 1.0
0 0.3333333333333333
1 0.5
0 1.0
0 0.5
1 1.0
1 0.2727272727272727
0 0.625
0 0.5
0 1.0
1 0.36363636363636365
1 1.0
1 1.0
1 1.0
1 0.4444444444444444
0 0.5
1 1.0
1 0.75
0 0.3333333333333333
1 1.0
1 1.0
1 0.5
0 1.0
0 1.0
0 0.5454545454545454
1 0.38461538461538464
0 0.6
0 0.2857142857142857
1 0.6666666666666666
0 0.6666666666666666
0 0.3333333333333333
0 0.3333333333333333
0 0.5
1 1.0
1 0.5
0 0.5
1 0.45454545454545453
0 1.0
0 1.0
0 0.42857142857142855
0 1.0
1 0.0
0 0.0
1 0.8333333333333334
1 0.6666666666666666
0 1.0
0 1.0
1 0.5
0 1.0
0 1.0
0 1.0
1 0.16666666666666666
1 0.25
1 0.5
1 0.4444444444444444
1 0.7142857142857143
1 1.0
1 1.0
0 0.2857142857142857
1 0.5555555555555556
1 0.0
1 0.0
0 0.0
0 0.6666666666666666
0 1.0
0 1.0
0 0.0
1 1.0
1 0.0
0 0.0
0 0.0
0 0.0
0 0.0
0 0.0
1 0.0
1 0.0
1 0.0
1 0.0
0 0.0
1 0.3333333333333333
0 0.0
0 0.3333333333333333
0 0.0
1 0.0
1 0.0
1 0.5
0 0.0
1 0.0
0 0.4
0 0.0
1 0.0
0 1.0
0 0.3333333333333333
0 0.25
1 0.5
0 0.5
0 0.5
0 1.0
0 1.0
0 0.4166666666666667
0 0.5
0 0.0
0 0.5
0 0.0
0 0.0
1 0.0
1 0.0
0 0.0
1 0.0
1 0.5
1 0.0
1 0.5
0 0.5
0 0.0
0 0.0
1 0.5
0 0.3333333333333333
1 0.0
1 0.0
0 0.0
0 0.0
1 0.0
1 0.0
0 0.0
0 0.0
0 0.0
0 0.2
0 0.0
1 0.0
1 0.0
0 0.5
1 0.0
0 0.5
1 0.2
1 0.46153846153846156
0 0.0
1 0.0
1 0.3
0 0.0
0 0.0
0 0.5
0 0.0
1 0.5
1 0.5
0 1.0
1 1.0
0 1.0
0 1.0
0 0.6666666666666666
1 1.0
0 1.0
1 0.16666666666666666
0 0.4117647058823529
0 0.3333333333333333
0 0.4
0 0.2727272727272727
1 1.0
1 0.6666666666666666
1 0.5
0 1.0
1 0.0
0 0.2857142857142857
0 1.0
1 1.0
0 1.0
0 0.5
1 0.5
0 1.0
1 1.0
0 1.0
1 0.5
0 0.6666666666666666
1 1.0
1 1.0
1 1.0
0 1.0
0 1.0
0 0.4
0 0.5
0 1.0
0 1.0
1 0.6666666666666666
1 0.4444444444444444
0 0.42857142857142855
0 1.0
1 0.3333333333333333
1 1.0
1 0.42857142857142855
0 0.6666666666666666
1 0.3333333333333333
1 0.3333333333333333
1 1.0
0 0.5
0 0.4166666666666667
0 0.0
1 0.0
0 0.0
1 0.0
1 0.0
1 0.3333333333333333
0 0.0
0 0.3333333333333333
1 0.5
0 0.0
0 0.5
1 1.0
0 0.0
1 0.0
0 0.0
1 0.0
0 0.0
0 0.0
0 1.0
0 0.0
1 0.7
1 0.25
1 1.0
0 0.75
0 1.0
0 0.39285714285714285
0 0.5
0 0.0
1 0.0
1 1.0
0 0.5
1 0.5
1 1.0
1 1.0
0 1.0
1 1.0
0 1.0
1 0.75
1 0.5555555555555556
0 1.0
0 0.0
0 0.0
0 0.5625
0 0.5
1 0.0
1 0.0
1 0.5263157894736842
0 0.3333333333333333
1 1.0
1 0.75
0 1.0
0 1.0
1 0.75
1 1.0
1 1.0
0 1.0
0 0.5
1 0.5
1 1.0
1 0.3333333333333333
1 0.5714285714285714
0 0.3333333333333333
1 1.0
1 0.5
1 0.6666666666666666
1 1.0
1 0.8333333333333334
0 0.6666666666666666
1 1.0
1 0.0
0 0.2857142857142857
1 0.5
0 0.5
1 0.75
0 0.6
0 0.0
1 0.75
1 0.3333333333333333
0 0.0
1 0.0
0 0.14285714285714285
0 0.0
1 0.16666666666666666
1 0.3333333333333333
1 0.5
1 0.625
1 0.0
1 0.75
1 0.16666666666666666
0 0.5
1 0.0
0 0.41379310344827586
1 0.3
1 0.3333333333333333
0 0.0
1 0.25
1 0.0
0 0.5
1 0.5
1 0.7777777777777778
0 0.0
0 0.0
0 0.42857142857142855
1 0.0
0 0.0
1 0.6
1 1.0
0 0.45454545454545453
1 0.14285714285714285
0 0.2857142857142857
0 0.8
0 0.42857142857142855
1 0.0
0 0.5
0 0.7142857142857143
1 0.75
1 0.6666666666666666
0 0.0
1 0.6666666666666666
0 0.0
1 0.0
1 0.25
1 0.25
0 0.2
0 0.0
1 0.0
0 0.0
0 0.3076923076923077
1 0.3333333333333333
0 0.0
0 0.375
0 0.5
0 0.0
1 0.5454545454545454
0 0.25
0 0.5
0 0.0
0 0.0
1 0.0
0 0.375
0 0.0
1 0.0
1 0.16666666666666666
1 0.3333333333333333
1 0.375
1 0.0
0 0.0
0 0.3333333333333333
1 0.6666666666666666
1 0.0
0 0.0
1 0.5
1 0.5714285714285714
1 0.2
1 0.5
0 0.0
1 0.14285714285714285
0 0.4
0 0.2
0 0.0
1 0.0
1 0.0
0 0.0
0 0.0
1 0.0
1 0.0
1 1.0
1 1.0
1 1.0
0 1.0
0 1.0
1 1.0
1 1.0
0 0.5
1 0.5
0 1.0
1 0.7142857142857143
1 0.6666666666666666
0 1.0
0 0.46153846153846156
1 0.6
0 0.5
1 1.0
0 1.0
1 1.0
0 0.3333333333333333
1 1.0
1 1.0
0 0.5
1 1.0
0 0.2
1 0.6666666666666666
1 1.0
1 1.0
1 0.3333333333333333
1 0.6666666666666666
0 0.8333333333333334
1 1.0
1 1.0
0 1.0
0 0.6666666666666666
1 1.0
0 1.0
0 0.5
1 1.0
0 0.3333333333333333
0 1.0
1 0.5714285714285714
0 0.0
1 0.2
1 0.4444444444444444
1 0.5
0 0.43333333333333335
0 0.6666666666666666
0 0.0
0 1.0
0 0.0
0 0.0
0 0.5
1 0.0
0 0.5
0 0.0
1 0.0
0 0.8
0 0.0
0 0.0
1 0.5
0 0.0
0 0.0
0 0.0
1 0.2
0 0.5
0 0.4
1 0.0
0 0.0
0 0.0
1 0.0
0 0.5
1 0.25
1 0.5
1 0.5
1 0.3333333333333333
0 0.5
1 0.375
1 0.4
1 0.3333333333333333
0 0.5
0 0.0
1 0.0
0 0.0
0 0.7142857142857143
1 0.0
1 0.0
1 1.0
1 1.0
1 0.5
1 0.5
1 0.0
0 1.0
1 0.3333333333333333
0 0.0
0 0.3333333333333333
0 1.0
1 0.5
1 0.0
0 0.65
1 0.25
0 0.75
0 1.0
0 1.0
1 1.0
0 0.0
1 0.5714285714285714
0 0.0
1 0.0
0 0.0
0 1.0
1 0.5
1 0.25
1 0.0
1 1.0
1 0.0
1 0.0
1 0.0
1 0.0
1 0.3333333333333333
0 0.0
1 0.5
0 0.0
1 0.5
0 0.45454545454545453
1 0.25
0 0.2727272727272727
1 0.5
0 1.0
0 0.5
0 0.6666666666666666
1 0.0
1 0.5
1 1.0
0 0.25
0 1.0
1 0.3333333333333333
1 0.625
1 1.0
1 1.0
0 0.5
0 0.0
1 0.5
0 0.3333333333333333
0 0.0
1 1.0
0 0.5
0 0.5
0 1.0
1 1.0
0 1.0
0 1.0
0 0.5
1 0.0
1 0.6666666666666666
0 0.0
1 0.5
0 0.0
1 0.0
1 0.5
0 0.3333333333333333
1 0.0
1 0.0
0 0.3333333333333333
1 0.0
1 0.0
1 0.0
1 0.3333333333333333
1 0.8
1 0.6666666666666666
1 1.0
0 0.5
1 1.0
0 1.0
0 0.5
1 1.0
0 1.0
1 0.3333333333333333
1 0.75
1 0.5
0 0.6
1 0.0
1 0.0
1 0.0
1 0.0
1 0.0
1 0.0
1 0.0
0 0.0
1 0.0
0 0.0
1 0.0
0 0.0
1 0.0
1 0.3333333333333333
1 0.0
1 0.0
0 0.3333333333333333
1 0.0
1 0.0
1 0.0
0 0.0
0 0.0
1 1.0
1 1.0
0 1.0
0 0.6666666666666666
1 0.8333333333333334
0 0.5
0 0.0
0 1.0
1 1.0
0 0.6666666666666666
1 0.4166666666666667
1 1.0
1 0.5
1 0.75
0 0.6666666666666666
1 0.0
1 0.45
0 0.2
0 0.6666666666666666
0 0.6521739130434783
0 0.5
0 0.4444444444444444
1 0.5384615384615384
1 0.5714285714285714
0 0.5
0 0.2
1 0.0
1 1.0
1 1.0
0 1.0
1 0.6
1 1.0
0 0.6666666666666666
1 0.5555555555555556
1 1.0
0 0.0
1 0.5
1 0.3333333333333333
0 0.25
0 0.75
0 0.0
1 0.0
1 0.0
0 0.6666666666666666
0 0.6666666666666666
0 1.0
0 0.3333333333333333
0 0.0
1 0.0
0 0.0
1 0.0
1 0.5
1 0.6666666666666666
1 1.0
1 0.0
1 1.0
1 0.8
1 0.3333333333333333
1 0.2857142857142857
1 0.3333333333333333
1 0.3333333333333333
1 0.0
0 0.3333333333333333
0 0.0
1 0.0
1 0.0
0 0.6666666666666666
1 0.4
0 1.0
1 0.5
1 1.0
1 0.5
1 0.5
1 1.0
0 0.0
1 0.0
0 0.0
0 1.0
1 1.0
0 0.4
1 0.5
0 0.5
0 0.0
1 0.5
0 0.0
0 0.0
1 1.0
1 0.0
1 0.0
0 0.0
1 0.0
1 0.5
1 0.5
1 0.3333333333333333
0 0.0
0 0.0
1 0.0
1 0.0
1 0.5
0 1.0
1 1.0
1 1.0
1 0.3333333333333333
1 1.0
0 1.0
0 1.0
0 1.0
1 1.0
1 1.0
1 0.3333333333333333
1 0.375
1 1.0
0 0.6666666666666666
1 0.5
0 1.0
1 0.3333333333333333
1 0.5
1 0.6666666666666666
0 0.0
1 0.5
0 0.3333333333333333
1 0.5
1 0.25
0 0.5
0 0.6666666666666666
1 1.0
1 0.6666666666666666
0 0.0
0 0.0
0 0.0
0 0.0
1 0.5
1 0.5
1 0.5
1 0.42857142857142855
1 0.0
1 0.5
0 0.5
1 0.0
1 1.0
0 0.6666666666666666
1 0.3333333333333333
0 0.5
1 0.2
1 0.5
0 0.3333333333333333
1 1.0
0 0.42857142857142855
1 0.45454545454545453
1 0.5
0 0.5714285714285714
0 1.0
1 0.5
0 1.0
1 1.0
1 1.0
0 1.0
1 1.0
0 1.0
1 1.0
1 1.0
0 0.5
0 1.0
0 0.4
0 1.0
1 0.6666666666666666
0 1.0
1 1.0
0 0.3333333333333333
1 0.5714285714285714
1 0.8
0 0.5714285714285714
0 0.6666666666666666
1 0.8
0 0.42857142857142855
1 0.3333333333333333
1 0.5
1 0.5
1 0.4
0 0.5
1 0.3333333333333333
1 0.4
0 0.5
0 0.6
0 0.5833333333333334
0 0.3333333333333333
0 1.0
0 1.0
1 0.36363636363636365
1 0.4
0 0.4
1 0.5
0 0.3333333333333333
1 0.5
0 0.5
1 0.3333333333333333
1 0.6666666666666666
1 0.6666666666666666
0 0.3333333333333333
0 0.3333333333333333
1 0.5
0 1.0
0 0.3333333333333333
0 1.0
0 1.0
0 0.4
1 0.5
1 1.0
1 0.5
0 1.0
1 0.3333333333333333
0 1.0
0 0.3333333333333333
0 0.6666666666666666
1 0.6666666666666666
0 1.0
0 0.5
0 1.0
0 1.0
0 0.5
0 0.5
0 0.5
0 1.0
0 0.2
0 1.0
0 0.4
0 0.6666666666666666
0 0.5
0 0.75
0 0.25
0 0.5
0 1.0
0 1.0
1 0.5
0 1.0
0 0.5
0 1.0
1 1.0
1 1.0
1 0.5
1 0.75
0 0.6666666666666666
1 0.5
1 1.0
0 0.5294117647058824
0 0.6666666666666666
1 0.5
1 0.3333333333333333
0 0.6666666666666666
0 0.5294117647058824
1 0.55
0 0.6
0 0.5454545454545454
0 0.5
1 0.45454545454545453
0 0.8
0 0.5
1 0.5
1 0.5
1 0.8
1 0.6
1 0.5
0 1.0
1 0.2
0 0.5
1 1.0
1 0.3333333333333333
0 1.0
0 1.0
0 0.2857142857142857
0 1.0
1 1.0
1 1.0
0 0.6666666666666666
1 0.3333333333333333
0 1.0
1 1.0
1 0.8
0 0.3333333333333333
1 0.5
1 0.5
1 0.6666666666666666
0 0.3333333333333333
0 0.5
0 0.6
1 0.5
1 0.5
1 0.6666666666666666
1 0.6666666666666666
1 1.0
0 0.375
1 0.5454545454545454
0 1.0
1 0.75
0 0.4166666666666667
0 0.6086956521739131
1 1.0
0 1.0
0 0.5
1 0.5714285714285714
1 0.0
0 0.0
1 0.5
1 0.0
1 0.0
0 1.0
0 1.0
0 1.0
1 0.0
0 0.0
0 0.5
0 0.5
0 1.0
0 1.0
0 1.0
1 1.0
1 1.0
0 1.0
0 0.0
0 0.0
1 0.0
1 0.0
0 0.0
1 0.0
0 0.3333333333333333
0 0.0
0 0.0
0 0.5227272727272727
1 0.375
0 0.5
0 0.0
0 0.0
0 0.0
1 0.0
1 0.5
1 0.0
0 0.0
1 0.0
1 0.0
0 0.0
1 0.5
1 0.0
0 0.0
1 0.3333333333333333
1 0.4444444444444444
1 0.0
0 0.0
1 0.5
1 0.5625
1 0.5
1 0.7142857142857143
0 0.5
1 0.5
1 1.0
1 1.0
0 0.0
0 0.3333333333333333
0 0.5
0 0.0
0 0.0
0 1.0
0 1.0
1 0.0
1 0.0
0 0.0
0 0.0
0 0.0
1 0.0
0 0.0
1 0.0
0 0.3333333333333333
0 0.5
1 0.0
1 0.6666666666666666
1 0.0
1 0.5
1 0.4
1 0.0
1 0.0
0 0.4
0 0.2857142857142857
0 0.0
1 0.3333333333333333
1 0.0
1 0.5
1 0.0
0 0.0
0 0.0
1 0.0
1 0.0
1 0.0
1 0.0
1 0.0
0 0.0
0 0.0
1 0.5
1 0.0
0 0.0
1 0.5
1 0.0
0 0.6
1 0.0
0 0.6666666666666666
0 0.6666666666666666
0 0.5
0 0.5
1 0.0
1 0.3333333333333333
0 0.0
1 0.0
0 0.5
1 0.2857142857142857
0 0.5
1 0.3333333333333333
0 0.0
0 0.5
0 0.6
1 0.0
0 0.75
0 0.5
1 0.0
0 0.5
1 0.0
1 0.4
1 0.3333333333333333
1 0.0
0 0.6
1 0.0
1 0.0
1 0.30303030303030304
0 0.25
1 0.6666666666666666
1 0.3333333333333333
0 0.3333333333333333
1 0.3333333333333333
0 0.3333333333333333
1 0.0
0 0.0
0 0.7058823529411765
0 0.0
0 0.0
1 0.0
1 0.16666666666666666
1 0.8
1 0.0
1 0.5
0 0.5
0 0.6666666666666666
0 0.0
0 0.5
1 0.0
0 0.0
1 0.25
0 0.0
1 0.0
0 0.6
1 0.5
1 0.0
0 0.3
0 0.3333333333333333
1 0.4
1 0.45454545454545453
1 0.4444444444444444
1 0.4444444444444444
1 0.375
0 0.4666666666666667
0 0.5714285714285714
1 0.5
1 0.5
0 0.0
1 0.0
1 0.0
1 0.0
1 1.0
0 0.0
0 1.0
0 1.0
1 1.0
0 1.0
0 0.0
1 0.25
0 0.5806451612903226
1 0.6666666666666666
1 1.0
1 0.0
1 0.5
0 0.3333333333333333
0 0.42857142857142855
1 0.0
1 0.0
1 0.0
0 0.0
0 0.5
0 0.0
1 0.4
0 0.3333333333333333
0 0.0
1 0.0
0 0.0
1 1.0
1 0.5454545454545454
1 0.6
0 1.0
0 0.5714285714285714
0 0.5
1 0.0
0 1.0
0 0.5483870967741935
1 0.5666666666666667
0 0.5806451612903226
0 0.5588235294117647
0 0.5588235294117647
1 0.5588235294117647
1 0.5454545454545454
1 0.5588235294117647
0 0.5454545454545454
1 0.5588235294117647
0 1.0
1 0.0
1 0.0
0 0.25
0 0.0
0 0.0
0 0.0
0 0.0
1 0.0
1 0.0
0 0.0
0 0.0
1 0.0
0 0.0
0 0.0
0 0.0
0 0.0
1 0.0
1 0.0
1 0.3333333333333333
1 0.0
0 0.0
1 0.0
0 0.0
1 0.0
0 0.5
1 0.0
0 0.25
0 0.0
1 0.0
1 0.0
0 0.0
0 0.3333333333333333
0 0.0
1 0.0
1 0.5714285714285714
1 0.0
0 0.3333333333333333
0 0.0
0 0.0
0 0.0
0 0.25
1 0.3333333333333333
1 0.3333333333333333
1 0.0
0 0.25
1 0.25
1 0.3333333333333333
1 0.3333333333333333
0 0.0
0 0.5
1 0.0
0 0.0
1 0.5
0 0.375
1 0.0
0 0.2857142857142857
0 0.2
1 0.0
0 0.0
1 0.0
1 0.0
0 0.3333333333333333
0 0.3333333333333333
1 0.5
1 0.0
0 0.0
1 0.0
1 0.0
0 0.5
1 0.4
0 0.3333333333333333
1 0.4
0 0.5
1 0.0
1 0.0
1 0.0
1 0.5
1 0.5
1 0.3333333333333333
1 0.0
0 0.0
0 0.3333333333333333
1 0.0
1 0.5
0 0.3333333333333333
0 0.6666666666666666
0 0.0
0 0.0
0 0.42857142857142855
1 0.0
1 0.16666666666666666
0 0.0
0 0.25
0 0.3333333333333333
1 0.3333333333333333
0 0.3333333333333333
1 0.5
1 0.0
1 0.0
1 0.3333333333333333
1 0.0
0 0.0
1 0.0
0 0.3333333333333333
1 0.0
0 1.0
1 1.0
1 1.0
1 1.0
1 0.0
0 0.0
1 0.0
1 0.5
0 0.0
1 0.0
1 0.0
0 0.6666666666666666
0 0.0
1 0.0
0 0.0
1 0.3333333333333333
1 0.0
1 0.5
1 0.5
1 0.0
0 0.0
0 0.0
1 0.0
0 0.0
1 0.125
0 0.5
0 0.0
1 0.5
1 0.5714285714285714
0 0.0
1 0.2
1 0.0
1 0.0
0 0.6666666666666666
0 1.0
0 0.0
0 0.5
0 0.0
0 0.0
0 0.0
1 0.0
0 0.0
0 0.5
0 0.0
1 0.0
1 0.0
1 0.6666666666666666
0 0.0
1 0.0
1 1.0
0 1.0
0 1.0
0 0.5
1 0.0
1 0.3333333333333333
0 0.0
1 0.0
1 0.3333333333333333
0 0.0
0 0.5
0 0.5
0 0.5
1 0.5
1 0.4
1 1.0
1 0.5
1 0.5
0 0.6
0 0.0
1 0.0
0 0.0
1 0.0
0 0.0
1 0.0
1 0.0
1 0.0
1 0.3333333333333333
0 0.0
1 0.0
0 0.8
0 0.3333333333333333
0 0.0
0 0.0
1 0.25
1 0.0
0 0.0
1 0.3333333333333333
1 0.3333333333333333
1 0.0
1 0.0
0 0.16666666666666666
1 0.5
1 0.5
1 0.25
1 0.25
0 0.0
0 0.2727272727272727
1 0.0
1 0.16666666666666666
0 0.6666666666666666
0 0.25
1 0.25
0 0.42857142857142855
1 0.25
0 0.5
1 0.25
1 0.5
1 0.0
0 0.0
0 0.0
0 0.0
1 0.0
0 0.0
0 0.0
0 0.0
0 0.375
0 0.3333333333333333
1 0.4
0 0.0
0 0.5
0 0.6363636363636364
0 0.5
1 0.375
0 0.5
1 0.375
1 0.375
0 0.0
0 0.5
0 0.5
0 0.0
1 0.0
1 0.0
0 0.0
0 0.0
1 0.0
1 0.0
1 0.0
1 0.0
0 0.5
0 0.0
0 0.0
1 0.5
0 0.5
0 0.0
1 0.0
0 0.0
0 0.0
0 0.0
1 0.0
1 0.0
1 0.0
1 0.0
1 0.0
1 0.0
0 0.0
1 0.0
1 0.0
0 0.0
0 0.0
0 0.5
0 0.0
1 0.5
1 0.0
0 0.0
1 0.0
0 0.0
0 0.0
1 0.0
0 0.0
0 0.0
0 0.0
1 0.0
0 0.0
0 0.4444444444444444
1 0.6
0 0.6666666666666666
1 0.6
0 0.5
0 0.5
0 0.0
0 0.5
0 0.0
1 0.0
0 0.0
1 0.0
1 0.5
0 0.0
1 0.0
1 0.0
1 0.0
0 0.0
0 0.0
1 0.0
1 0.0
0 0.0
1 0.0
0 0.0
0 0.0
1 0.0
0 0.0
0 0.0
1 0.0
0 0.0
1 0.0
1 0.0
0 0.0
0 0.0
0 0.0
0 0.0
0 0.0
1 0.0
1 0.0
1 0.0
1 0.0
1 0.5
1 0.0
0 0.0
0 0.0
0 0.0
0 0.0
1 0.0
1 0.0
1 0.0
1 0.0
1 0.0
1 0.0
1 0.0
1 0.0
1 0.0
0 0.0
1 0.0
0 0.0
1 0.0
0 0.0
1 0.0
1 0.0
1 0.0
1 0.0
1 0.0
0 0.0
1 0.0
0 0.0
0 0.0
0 0.0
0 0.0
1 0.0
0 0.0
1 0.0
1 0.0
0 0.0
1 0.0
0 0.0
0 0.0
1 0.0
1 0.5
1 0.25
1 0.0
1 0.0
0 0.0
0 0.5
1 1.0
1 0.0
0 0.0
1 0.75
0 0.0
1 0.5
1 0.5
0 0.6
0 0.0
0 0.0
1 0.4444444444444444
1 0.0
0 0.0
1 0.0
1 0.25
1 0.0
1 0.0
0 0.0
0 0.5
0 0.0
1 0.0
1 0.0
0 0.0
0 1.0
1 0.7272727272727273
1 0.42857142857142855
1 0.0
0 0.5
1 0.0
0 0.0
0 0.3333333333333333
0 0.5
0 1.0
0 0.5
0 0.6666666666666666
0 1.0
0 0.5
0 0.0
1 0.5
0 1.0
1 1.0
1 1.0
0 1.0
1 0.0
1 0.3333333333333333
1 0.0
1 0.0
0 0.0
1 0.0
1 0.0
1 0.0
1 0.0
1 0.5
1 1.0
0 1.0
1 0.6666666666666666
0 0.0
0 0.0
0 0.0
1 0.3333333333333333
0 0.0
1 0.5
1 0.5
1 0.5
0 0.3333333333333333
0 0.5
1 0.5
1 0.0
1 0.5
1 0.0
0 0.0
0 0.0
0 0.0
1 0.5
1 0.25
1 0.0
0 0.0
0 0.6666666666666666
1 0.4
0 0.6666666666666666
0 0.6666666666666666
1 0.6666666666666666
0 0.375
0 0.5
0 0.4
0 0.25
0 0.3333333333333333
0 0.5
1 0.3333333333333333
0 0.3333333333333333
1 0.3333333333333333
1 0.5
0 0.0
1 0.0
1 0.5
0 0.3333333333333333
0 0.5
0 0.5
1 1.0
1 0.5
0 0.25
0 1.0
0 0.5
1 1.0
1 1.0
1 1.0
1 0.0
1 0.0
0 0.5
1 0.0
0 0.0
0 0.0
0 0.0
0 0.0
1 0.0
1 0.0
1 0.3333333333333333
1 0.5
0 0.0
1 0.5
1 0.4
0 0.0
0 0.0
1 0.0
0 0.0
0 0.0
0 0.25
0 0.0
0 0.0
0 0.0
1 0.3333333333333333
1 0.5
1 0.0
0 0.3333333333333333
0 0.0
0 0.4
0 0.6666666666666666
0 0.42857142857142855
1 0.0
1 0.0
0 0.14285714285714285
1 0.3333333333333333
1 0.2
1 0.5
0 0.0
0 0.0
0 0.0
0 0.0
1 0.3333333333333333
1 0.0
0 0.0
1 0.6666666666666666
0 0.5
0 0.6666666666666666
0 0.4166666666666667
1 0.25
0 0.5
1 0.5
0 0.5
1 1.0
0 1.0
0 0.3333333333333333
0 0.4
1 0.5
1 0.0
0 0.0
0 0.0
1 0.0
0 0.0
1 0.5
1 0.0
0 0.5714285714285714
1 0.6
0 0.4
1 0.6666666666666666
0 0.0
1 0.6
0 0.0
1 1.0
0 0.0
0 1.0
0 1.0
1 0.4166666666666667
1 0.6666666666666666
0 0.3333333333333333
1 0.0
1 0.0
0 0.0
1 0.0
1 0.25
1 0.4
1 0.0
0 0.0
1 0.0
0 0.5
1 0.0
0 0.0
0 1.0
1 1.0
1 1.0
0 0.8333333333333334
1 0.5
0 0.6666666666666666
0 1.0
0 0.42857142857142855
0 0.5
0 0.0
0 0.5
0 0.3333333333333333
1 0.0
1 0.3333333333333333
0 0.5
1 0.25
0 0.3333333333333333
0 0.3333333333333333
0 0.0
0 0.0
1 0.5
0 0.5
0 0.3333333333333333
1 0.0
1 0.6666666666666666
1 0.0
0 0.0
0 1.0
1 0.3333333333333333
0 0.0
1 0.0
1 0.5
1 0.3333333333333333
1 0.0
1 0.6666666666666666
1 0.5
0 0.0
0 0.6666666666666666
0 0.4
0 0.0
0 1.0
1 0.2
0 0.5
1 0.5
0 0.3333333333333333
0 0.0
0 0.5
1 1.0
1 1.0
1 0.5
0 1.0
1 0.3333333333333333
0 1.0
1 0.5
1 0.5
0 0.75
0 0.5
1 1.0
1 0.6666666666666666
0 0.6666666666666666
0 0.6666666666666666
1 0.5
0 0.5
1 1.0
0 1.0
1 0.6923076923076923
1 1.0
0 0.6
1 1.0
0 0.0
1 0.0
1 0.6666666666666666
1 0.3333333333333333
1 0.0
0 0.4
1 0.0
0 0.0
0 0.0
1 0.5
0 0.0
1 0.0
1 0.0
1 0.0
0 0.6
1 0.5
1 0.5
1 0.0
0 0.35294117647058826
0 0.3333333333333333
1 0.2
0 0.0
1 0.6666666666666666
0 0.5
1 1.0
0 1.0
0 1.0
1 0.5
0 1.0
1 1.0
0 1.0
1 1.0
0 1.0
1 0.5
1 1.0
0 1.0
0 1.0
0 1.0
1 1.0
1 1.0
1 0.5
0 0.25
1 1.0
1 1.0
0 1.0
0 0.625
0 0.5
0 0.5
0 1.0
1 0.5
0 1.0
0 1.0
0 0.5
1 1.0
1 1.0
0 1.0
0 1.0
0 0.5
1 0.375
1 0.6666666666666666
1 1.0
0 1.0
0 0.5
0 0.7272727272727273
1 1.0
1 1.0
1 1.0
1 0.5
1 0.6666666666666666
0 1.0
1 1.0
0 0.3333333333333333
1 1.0
1 0.8
1 0.3333333333333333
1 0.42857142857142855
1 0.5
1 1.0
1 0.5
1 1.0
0 1.0
0 1.0
1 1.0
1 0.0
0 0.0
0 0.0
0 0.0
1 0.0
1 0.0
0 0.5
1 0.0
0 0.5
1 0.0
1 0.0
1 0.0
1 0.0
1 0.0
1 0.0
1 0.0
0 0.5
1 0.0
0 0.5
1 0.0
0 0.0
0 0.0
0 0.0
0 0.0
1 0.5
0 0.0
0 0.0
1 0.0
0 0.3333333333333333
0 0.0
0 0.0
0 0.0
0 0.0
1 0.5
1 0.0
0 0.0
0 0.3333333333333333
1 0.0
0 0.6666666666666666
1 0.3333333333333333
0 0.0
1 0.0
0 0.0
0 0.5
1 0.0
1 0.5
0 0.0
0 0.0
1 0.0
0 0.5
0 0.5
1 0.0
1 0.0
1 0.0
0 0.0
0 0.0
0 0.0
0 0.5
1 0.0
1 0.0
1 0.8
1 0.0
1 0.0
0 0.0
0 0.0
0 0.5
0 0.0
0 0.5
1 0.0
1 0.3333333333333333
1 0.0
0 0.0
0 0.0
0 0.42857142857142855
0 0.5
0 0.0
1 0.25
0 0.0
0 0.0
1 0.0
0 0.6666666666666666
0 0.5
0 0.3333333333333333
0 0.0
1 0.3333333333333333
0 0.0
1 0.0
0 0.0
1 0.0
1 0.0
1 0.3333333333333333
0 0.25
0 0.75
0 1.0
1 1.0
1 1.0
0 1.0
0 1.0
0 1.0
0 1.0
0 0.75
0 1.0
1 1.0
1 1.0
0 1.0
1 1.0
1 1.0
0 1.0
0 0.4
0 0.3333333333333333
0 1.0
1 1.0
0 0.0
1 0.0
1 0.6666666666666666
0 0.0
0 0.0
1 0.0
1 0.0
0 0.3333333333333333
1 0.3333333333333333
0 1.0
0 1.0
1 0.0
1 0.0
0 0.0
0 0.0
1 1.0
0 1.0
0 1.0
1 1.0
0 1.0
0 0.5
0 0.0
1 0.0
0 0.0
1 0.0
1 0.0
0 0.5
0 0.0
1 0.0
0 0.5
0 1.0
1 1.0
0 1.0
1 0.3333333333333333
1 0.0
0 1.0
1 1.0
0 1.0
1 1.0
0 0.5
0 1.0
0 0.0
1 0.0
1 0.0
0 0.0
0 0.0
0 0.0
0 1.0
0 0.7272727272727273
1 0.5
1 0.0
0 1.0
1 0.25
1 0.0
0 0.4
1 1.0
0 1.0
1 1.0
0 1.0
0 1.0
1 1.0
1 0.6666666666666666
1 1.0
1 1.0
1 1.0
1 1.0
1 1.0
0 1.0
1 0.6666666666666666
1 1.0
1 0.25
1 1.0
1 1.0
1 1.0
0 1.0
1 1.0
0 0.0
1 0.5
1 1.0
1 0.5
0 0.75
0 0.5
0 0.8
0 1.0
0 1.0
1 1.0
0 0.6666666666666666
1 1.0
1 0.5
1 0.6666666666666666
1 1.0
1 0.5
1 0.3333333333333333
1 1.0
1 1.0
1 1.0
1 1.0
1 1.0
1 1.0
0 1.0
1 1.0
1 0.5
0 0.5
1 0.5
0 1.0
1 0.625
0 1.0
1 1.0
0 1.0
0 0.5
1 1.0
1 1.0
1 0.5
1 0.0
1 0.5
1 1.0
1 0.25
1 1.0
0 1.0
1 1.0
1 1.0
0 1.0
0 1.0
0 1.0
0 1.0
1 1.0
0 1.0
0 0.6666666666666666
0 1.0
1 1.0
0 1.0
0 0.3333333333333333
1 1.0
0 1.0
0 0.8
0 1.0
0 1.0
1 1.0
0 0.6666666666666666
1 0.6666666666666666
0 0.6666666666666666
1 0.6666666666666666
0 1.0
1 1.0
0 1.0
1 1.0
1 0.4
0 0.42857142857142855
1 1.0
1 0.0
1 0.0
1 0.0
1 1.0
1 1.0
1 1.0
1 0.5
1 0.6666666666666666
0 1.0
1 1.0
1 1.0
0 0.6666666666666666
0 0.0
1 0.0
0 0.0
0 0.0
1 0.0
0 0.0
0 0.0
1 0.0
1 0.0
1 0.0
1 0.0
1 0.0
0 0.0
1 0.0
0 0.0
0 0.0
0 0.0
0 0.0
0 0.0
0 0.0
1 0.5
1 0.0
1 0.0
1 0.0
0 0.0
0 0.0
1 0.0
1 0.0
1 0.0
1 0.25
0 0.5
0 0.5
1 0.0
1 0.0
1 0.0
1 0.0
1 0.0
0 0.5
0 0.8571428571428571
0 0.0
0 0.0
1 0.5
1 0.0
0 0.0
1 0.0
0 0.5
0 0.0
1 0.0
1 0.0
1 0.0
1 0.0
0 0.0
1 0.0
0 0.0
0 0.0
0 0.0
0 0.75
0 0.0
1 0.0
0 0.0
0 0.3333333333333333
1 0.0
0 0.0
0 0.0
0 0.0
0 0.25
1 0.5
1 0.0
0 0.0
1 0.0
1 0.0
0 0.0
1 0.0
1 0.0
1 0.0
1 0.0
1 0.0
0 0.0
1 0.0
1 0.3333333333333333
1 0.0
1 0.0
0 0.4444444444444444
1 0.0
0 0.0
1 0.0
0 0.0
0 0.0
1 0.0
1 0.0
0 0.0
1 0.0
0 0.3333333333333333
0 1.0
0 0.0
0 1.0
1 1.0
0 0.0
1 0.0
1 0.0
0 0.0
0 0.0
1 0.0
1 0.0
1 0.0
1 1.0
1 0.0
1 0.0
1 1.0
0 1.0
1 0.6666666666666666
0 1.0
0 1.0
1 1.0
0 0.25
1 0.5
0 0.38461538461538464
0 0.75
0 1.0
1 0.5
1 0.0
0 0.5
0 0.5
0 0.0
1 0.0
1 0.0
0 0.5
0 1.0
1 0.0
0 0.5
1 0.42857142857142855
0 0.0
1 0.0
1 1.0
1 1.0
0 1.0
0 1.0
0 0.7142857142857143
1 1.0
0 0.3333333333333333
0 1.0
0 0.5
0 1.0
1 1.0
1 0.5
0 1.0
1 0.0
1 0.0
0 0.0
0 0.6
1 0.3333333333333333
0 0.6363636363636364
1 1.0
0 1.0
0 0.5
0 1.0
1 0.3333333333333333
0 0.0
0 0.0
0 0.25
1 0.0
0 0.25
0 0.0
1 0.0
0 0.0
1 0.0
0 0.4
0 0.5
1 0.0
0 0.0
0 0.25
1 0.2
1 0.0
0 0.5714285714285714
0 0.0
1 0.5
1 0.4
0 0.6
1 0.3333333333333333
0 0.42857142857142855
0 0.0
0 1.0
1 0.25
0 0.0
0 0.14285714285714285
0 0.0
0 0.6666666666666666
0 0.5
1 0.6666666666666666
1 0.25
1 0.3333333333333333
1 0.0
0 0.0
0 0.0
0 0.6666666666666666
1 0.4
0 0.4
1 0.0
1 0.5
1 0.0
1 0.75
0 0.5
1 0.0
0 0.5
0 0.4
0 1.0
0 0.6666666666666666
0 0.5
1 1.0
0 1.0
1 1.0
0 1.0
1 1.0
0 0.5714285714285714
1 1.0
1 0.5
1 1.0
1 1.0
1 0.0
0 0.0
1 0.5
0 0.5
0 1.0
0 1.0
1 0.0
0 0.0
1 0.0
0 0.0
0 0.5
1 0.5
0 0.0
0 1.0
1 1.0
0 0.5
0 0.0
1 0.0
0 0.6
0 0.6666666666666666
1 0.0
1 0.0
0 0.0
1 0.3333333333333333
0 1.0
1 1.0
0 1.0
1 1.0
1 1.0
1 1.0
0 1.0
1 1.0
1 1.0
1 1.0
1 1.0
0 1.0
1 1.0
0 1.0
0 1.0
0 0.0
0 0.0
1 0.0
1 0.0
0 0.5
1 0.0
1 0.5
1 0.0
1 0.0
1 0.0
1 0.5
0 0.6666666666666666
0 0.5
1 0.0
0 0.0
1 0.0
0 0.0
1 0.0
0 0.0
1 0.0
1 0.5
0 0.0
1 0.5714285714285714
1 0.0
0 0.0
1 0.0
1 0.0
1 0.0
0 0.0
1 0.0
1 0.16666666666666666
0 0.2
1 0.5
0 0.0
0 0.0
1 0.0
0 0.0
0 0.3333333333333333
1 0.0
1 0.5
1 0.5
0 0.0
0 0.0
1 1.0
0 0.0
1 0.0
0 0.0
1 0.0
0 0.0
1 0.0
0 0.5
0 0.0
0 0.0
0 0.0
1 0.0
1 0.0
1 0.0
0 0.0
0 0.0
1 0.5
0 0.0
1 0.5
1 0.0
0 0.3333333333333333
1 0.0
1 0.0
1 1.0
1 0.0
1 0.0
0 1.0
0 0.0
1 0.2857142857142857
1 1.0
1 1.0
1 0.3333333333333333
1 0.0
1 0.0
1 0.0
0 0.5
1 0.0
0 1.0
1 0.0
0 0.0
0 0.0
0 0.0
0 0.5
1 0.75
0 0.5
0 1.0
1 1.0
0 1.0
1 1.0
1 1.0
1 1.0
0 0.5
0 1.0
0 0.0
0 0.0
1 0.0
1 0.0
1 0.0
1 0.0
0 0.0
0 0.3333333333333333
1 0.0
1 1.0
1 1.0
0 0.5
1 0.5
0 0.0
1 0.3333333333333333
0 0.0
0 0.6666666666666666
1 0.0
1 0.0
1 0.0
0 0.0
0 0.0
1 0.25
0 0.0
0 0.0
1 0.0
1 0.0
1 0.0
0 1.0
1 0.5
1 0.0
0 0.2
0 0.6666666666666666
1 0.0
1 0.5
0 0.6666666666666666
1 0.0
0 0.3333333333333333
1 0.5
0 0.0
1 1.0
0 1.0
0 0.0
1 1.0
0 1.0
1 0.0
0 1.0
0 0.0
0 1.0
1 0.5
0 1.0
0 0.6666666666666666
0 1.0
1 1.0
0 0.4
1 0.25
1 0.25
1 0.25
0 0.0
0 0.0
0 1.0
1 0.0
0 1.0
0 0.75
1 1.0
1 1.0
0 1.0
1 0.0
1 0.0
0 0.0
0 0.0
1 0.0
1 0.0
1 0.0
1 0.0
0 0.0
1 0.0
1 0.0
0 0.0
1 0.0
0 0.0
1 0.0
1 0.0
1 0.0
0 0.0
0 0.0
1 0.3333333333333333
1 0.5
0 0.5
0 0.7142857142857143
0 0.8333333333333334
0 0.0
1 0.0
1 0.5
1 0.0
0 0.0
1 1.0
0 1.0
0 0.5
0 1.0
1 0.5
0 0.3333333333333333
0 1.0
0 1.0
0 1.0
1 0.0
1 0.0
0 1.0
1 0.0
0 1.0
0 0.3333333333333333
0 1.0
0 0.5
1 1.0
1 1.0
1 0.6666666666666666
0 0.0
1 0.0
1 0.0
0 0.5
1 0.3333333333333333
0 0.0
1 0.0
1 0.0
0 0.0
1 0.0
0 0.0
0 0.0
1 0.0
1 0.0
1 0.25
0 0.3333333333333333
1 0.5
1 0.3333333333333333
0 1.0
1 0.6666666666666666
1 1.0
0 0.5
1 1.0
1 1.0
1 0.6666666666666666
0 1.0
1 0.6
0 1.0
1 1.0
0 0.5
1 0.5
0 0.3333333333333333
1 0.5
0 1.0
1 0.6666666666666666
0 1.0
1 1.0
1 1.0
1 1.0
0 1.0
1 0.5
1 1.0
1 1.0
0 1.0
1 1.0
0 1.0
1 0.4
0 0.6666666666666666
1 0.5
1 1.0
0 1.0
0 1.0
1 1.0
1 0.5
0 0.6666666666666666
1 1.0
0 1.0
0 0.5
1 1.0
1 1.0
0 0.0
0 0.0
1 0.6666666666666666
0 1.0
0 0.6666666666666666
0 1.0
1 0.42857142857142855
1 0.6666666666666666
0 1.0
1 0.3333333333333333
1 1.0
1 1.0
1 1.0
1 0.5
0 0.6
0 0.0
0 0.0
1 0.0
0 0.0
0 0.0
0 0.0
0 0.0
0 0.75
0 0.0
1 0.0
1 0.0
1 0.0
1 0.0
1 0.0
0 0.6666666666666666
1 0.0
1 0.0
0 0.6
0 0.5
0 0.5
1 0.0
0 0.6666666666666666
0 0.0
0 0.0
1 0.0
1 0.0
1 0.5
0 0.0
0 1.0
0 0.0
1 0.25
0 0.0
0 0.5
1 0.3333333333333333
0 0.6
0 0.5
0 0.0
0 1.0
0 1.0
1 0.6
0 1.0
1 1.0
1 0.5
0 0.6666666666666666
1 1.0
0 1.0
1 0.5
0 1.0
1 1.0
1 1.0
0 0.5
1 1.0
1 0.5
0 1.0
1 1.0
1 0.0
0 1.0
0 1.0
1 1.0
1 1.0
1 1.0
1 1.0
0 1.0
1 1.0
0 0.6842105263157895
1 0.0
0 0.75
0 1.0
0 0.0
0 0.0
0 1.0
1 1.0
1 1.0
0 1.0
1 0.3333333333333333
1 0.0
0 0.75
0 0.0
1 0.0
1 0.0
0 0.0
0 0.0
1 0.0
1 1.0
0 0.8
0 0.0
1 0.5
1 1.0
0 0.0
0 0.5
1 0.0
0 0.0
0 0.5
1 0.0
0 0.0
0 1.0
1 1.0
1 0.5
0 1.0
1 1.0
0 1.0
1 1.0
0 1.0
0 0.0
1 0.0
1 0.0
0 0.0
1 1.0
0 0.6666666666666666
0 1.0
0 1.0
1 1.0
1 0.5
0 1.0
1 1.0
0 1.0
0 1.0
1 1.0
1 1.0
0 1.0
1 1.0
0 0.0
0 0.0
1 0.0
1 1.0
0 1.0
0 0.0
1 1.0
1 1.0
0 1.0
0 1.0
0 1.0
0 1.0
1 0.0
1 0.5
1 1.0
1 0.0
0 1.0
1 1.0
0 1.0
1 1.0
1 1.0
1 1.0
1 1.0
0 0.0
1 1.0
0 0.5
1 1.0
1 0.5
1 1.0
1 1.0
0 0.5
0 0.0
1 1.0
0 1.0
0 0.5
0 0.0
1 1.0
1 1.0
0 0.5
1 1.0
1 0.5
0 0.5714285714285714
0 1.0
0 1.0
1 0.0
0 0.0
1 0.0
1 0.0
0 0.0
0 1.0
0 0.0
0 0.0
1 1.0
1 0.5
1 0.0
1 0.0
0 0.0
0 0.0
0 0.0
1 0.0
0 0.0
1 0.0
0 0.0
1 0.0
1 0.0
1 0.25
1 0.3333333333333333
0 0.0
0 0.0
1 0.0
1 1.0
0 1.0
1 0.3333333333333333
0 1.0
0 1.0
1 1.0
0 0.0
0 0.5
0 1.0
1 1.0
0 0.0
1 1.0
1 0.5
1 0.0
0 1.0
0 0.0
1 1.0
1 0.0
0 0.75
0 0.0
0 0.0
0 0.0
0 0.0
1 0.5
0 0.0
1 0.0
1 0.0
0 0.5
1 0.0
1 1.0
1 0.0
1 0.0
1 0.0
0 0.0
1 0.0
1 0.0
1 0.0
1 0.0
1 0.5
1 1.0
1 1.0
0 1.0
0 1.0
1 1.0
1 1.0
0 1.0
1 1.0
0 0.0
1 0.0
0 1.0
0 1.0
0 0.3333333333333333
1 0.6666666666666666
1 0.0
1 0.0
1 0.0
1 0.0
1 0.0
1 0.0
0 0.0
1 0.0
1 0.0
1 0.0
1 0.0
1 0.0
1 0.0
0 0.0
1 1.0
0 0.0
0 0.0
0 0.0
0 0.0
0 0.0
1 1.0
0 1.0
1 0.5
0 0.0
0 0.0
0 0.6666666666666666
0 1.0
1 0.0
0 0.0
1 0.0
0 1.0
0 0.6666666666666666
1 0.0
0 0.0
0 1.0
1 1.0
0 0.0
0 0.0
1 0.0
1 0.0
0 0.0
0 0.0
0 1.0
1 1.0
1 1.0
0 1.0
1 1.0
0 1.0
0 1.0
1 1.0
1 1.0
0 1.0
1 1.0
0 1.0
0 1.0
0 0.0
0 1.0
0 1.0
0 1.0
1 0.0
1 1.0
1 0.3333333333333333
1 1.0
0 1.0
0 0.0
0 0.0
1 1.0
0 1.0
0 1.0
0 1.0
0 1.0
1 1.0
0 1.0
1 1.0
0 1.0
0 0.0
0 0.0
0 0.5
0 1.0
0 0.0
0 0.5
0 0.0
0 0.0
1 0.0
1 0.0
1 0.0
0 0.0
1 0.5
1 0.0
0 0.0
1 0.0
1 0.0
1 0.0
0 0.0
1 0.0
0 0.0
1 0.0
1 0.0
0 0.0
0 0.0
1 0.5
0 1.0
1 1.0
1 1.0
0 1.0
1 0.0
1 0.0
0 0.0
1 0.0
1 0.0
1 0.0
1 0.0
1 0.0
0 0.0
0 0.0
1 1.0
0 0.0
0 0.0
0 0.0
