1 0.509090909090909
0 0.5660377358490566
0 0.3333333333333333
1 0.4444444444444444
1 0.5
1 0.3333333333333333
0 0.5230125523012552
0 0.5094339622641509
0 0.4444444444444444
1 0.5416666666666666
0 1.0
0 0.5
1 0.3333333333333333
1 0.5652173913043478
0 0.5490196078431373
0 0.5075757575757576
1 0.5
0 0.5263157894736842
0 0.5384615384615384
1 0.8181818181818182
0 0.46774193548387094
1 0.7017543859649122
0 0.4791666666666667
1 0.47692307692307695
1 0.48760330578512395
1 0.4
1 0.5526315789473685
1 0.5833333333333334
0 0.42857142857142855
1 0.4864864864864865
1 0.4864864864864865
0 0.4646924829157175
0 0.44171779141104295
1 0.5
1 0.4861111111111111
0 0.4537037037037037
1 0.4166666666666667
1 0.41509433962264153
0 0.375
1 0.4863013698630137
1 0.6111111111111112
1 0.5714285714285714
0 0.48148148148148145
0 0.5833333333333334
0 0.5
0 0.4930875576036866
0 0.4090909090909091
1 0.5083333333333333
1 0.5069767441860465
0 0.4824120603015075
0 0.4146341463414634
0 0.43859649122807015
1 0.5714285714285714
1 0.47643979057591623
0 0.5087719298245614
1 0.42857142857142855
0 0.39285714285714285
1 0.6
1 0.45454545454545453
1 0.14285714285714285
1 0.4117647058823529
0 0.47619047619047616
1 0.6363636363636364
0 0.5
1 0.4666666666666667
0 0.5714285714285714
1 0.5
0 0.37037037037037035
0 0.5733333333333334
0 0.4807692307692308
0 0.5
0 0.125
0 0.6086956521739131
0 0.3333333333333333
1 0.2
1 0.5
1 0.5
0 0.0
1 0.5
0 0.5945945945945946
1 0.358974358974359
1 0.5076923076923077
1 0.4166666666666667
0 0.6875
1 0.5670103092783505
0 0.5078125
0 0.3235294117647059
1 0.45454545454545453
1 0.5454545454545454
1 0.4
1 0.5172413793103449
0 0.6666666666666666
0 0.5436893203883495
0 0.42857142857142855
1 0.35714285714285715
1 0.4666666666666667
1 0.5306122448979592
0 0.5
0 0.5294117647058824
1 0.3333333333333333
0 0.4827586206896552
0 0.5
1 0.3333333333333333
0 0.0
0 0.14285714285714285
0 0.0
0 0.0
1 0.5
0 0.2
1 0.4444444444444444
0 0.4444444444444444
0 0.5
1 0.25
1 0.3333333333333333
1 0.5
0 0.5
0 0.0
1 0.5
0 0.5
1 0.5833333333333334
0 0.5
1 0.5813953488372093
0 0.16666666666666666
1 0.4918032786885246
0 0.3333333333333333
1 0.45977011494252873
1 0.0
0 0.0
1 0.2222222222222222
1 0.0
0 0.5
0 0.42857142857142855
0 0.2727272727272727
1 0.0
1 0.4166666666666667
0 0.5
1 0.16666666666666666
1 0.5
1 0.0
1 0.15384615384615385
0 0.6153846153846154
1 0.4396551724137931
0 0.25
1 0.2
0 0.5
0 0.3870967741935484
0 0.6666666666666666
1 0.0
0 0.0
0 0.6
1 0.16666666666666666
0 0.2
0 0.0
0 0.25
1 0.25
0 0.0
0 0.16666666666666666
1 0.7
1 0.0
1 0.2222222222222222
0 0.36363636363636365
0 0.3
1 0.6666666666666666
0 0.3333333333333333
0 0.47368421052631576
0 0.6666666666666666
1 0.4444444444444444
1 0.6
1 0.5862068965517241
1 0.5
1 0.0
1 0.3333333333333333
1 0.5
1 0.6333333333333333
0 0.5833333333333334
1 0.44565217391304346
1 0.0
0 0.46511627906976744
1 0.4444444444444444
0 0.3333333333333333
1 0.3333333333333333
1 0.4897959183673469
1 0.43478260869565216
0 0.47058823529411764
0 0.5555555555555556
0 0.5692307692307692
0 0.4444444444444444
0 0.3333333333333333
0 0.6
1 0.5535714285714286
0 0.0
1 0.49295774647887325
0 0.5
0 0.25
1 0.5306122448979592
1 0.5769230769230769
1 0.7
0 0.4375
0 0.46153846153846156
1 0.6785714285714286
0 0.38461538461538464
1 0.48214285714285715
1 0.6190476190476191
0 0.5757575757575758
0 0.5
0 0.4852941176470588
1 0.40540540540540543
1 0.4
0 0.45714285714285713
0 0.42857142857142855
1 0.0
0 0.4470588235294118
0 0.47540983606557374
0 0.5185185185185185
1 0.25
1 0.423728813559322
1 0.38461538461538464
0 0.5138888888888888
1 0.2857142857142857
1 0.4523809523809524
1 0.42105263157894735
0 0.5076923076923077
0 0.3541666666666667
0 0.55
1 0.5306122448979592
0 0.2
1 0.75
1 0.5116279069767442
0 0.4878048780487805
1 0.6666666666666666
0 0.4928571428571429
0 0.2857142857142857
1 0.391304347826087
0 0.484375
1 0.3333333333333333
0 0.5
1 0.5294117647058824
0 0.4507042253521127
1 0.46
1 0.125
1 0.42424242424242425
1 0.3684210526315789
1 0.25
0 0.4835164835164835
1 0.5185185185185185
1 0.375
1 0.42105263157894735
1 0.6
1 0.6666666666666666
1 0.5
0 0.75
0 0.5365853658536586
0 0.3684210526315789
0 0.4482758620689655
1 0.4444444444444444
0 0.3333333333333333
1 0.6666666666666666
0 0.48
0 0.5833333333333334
0 0.4
1 0.5
0 0.5897435897435898
0 0.46296296296296297
0 0.4375
1 0.42857142857142855
0 0.41935483870967744
0 0.46875
0 0.5416666666666666
0 0.47282608695652173
0 0.5022935779816514
0 0.4485294117647059
0 0.3488372093023256
1 0.6
1 0.5185185185185185
1 0.48484848484848486
1 0.4481132075471698
1 0.477124183006536
0 0.5342465753424658
0 0.44761904761904764
1 0.4
1 0.42857142857142855
0 0.4528301886792453
0 0.47058823529411764
0 0.4709897610921502
1 0.3333333333333333
1 0.25
0 0.0
1 0.48044692737430167
1 0.5128205128205128
1 0.45
0 0.5406976744186046
0 0.4827586206896552
1 0.5454545454545454
0 0.36363636363636365
1 0.40540540540540543
0 0.4626865671641791
1 0.7777777777777778
0 0.47619047619047616
1 0.4605263157894737
0 0.38636363636363635
1 0.5714285714285714
1 0.23684210526315788
0 0.37037037037037035
0 0.1111111111111111
1 0.0
0 0.42857142857142855
0 0.35294117647058826
1 0.3888888888888889
1 0.0
1 0.38235294117647056
0 0.375
0 0.5
0 0.3333333333333333
0 0.45454545454545453
0 0.3333333333333333
0 0.5
0 0.5
1 0.48484848484848486
1 0.3333333333333333
1 1.0
1 0.5
1 0.5
1 0.6666666666666666
0 1.0
1 1.0
0 0.2857142857142857
1 0.4444444444444444
0 0.38461538461538464
0 0.4444444444444444
1 1.0
1 0.5272727272727272
1 0.5789473684210527
1 1.0
0 0.7142857142857143
0 0.6666666666666666
0 0.5
1 0.3333333333333333
1 0.5176470588235295
1 0.4482758620689655
0 1.0
0 0.4
0 0.5
1 0.6363636363636364
0 0.25
0 0.47058823529411764
0 0.6666666666666666
0 0.5
1 1.0
0 0.25
1 0.0
0 0.2
1 0.5
0 0.42857142857142855
1 0.44047619047619047
1 1.0
0 0.5555555555555556
1 0.6
1 0.5
1 0.75
0 1.0
0 1.0
1 0.3333333333333333
1 0.75
0 0.5
0 1.0
0 0.5555555555555556
1 0.5
1 1.0
0 0.6363636363636364
0 0.5967741935483871
1 1.0
1 1.0
1 0.6666666666666666
1 0.5
0 0.5
0 1.0
0 0.4444444444444444
0 0.5238095238095238
0 0.5
1 1.0
0 0.75
1 0.3333333333333333
1 0.5238095238095238
0 0.43243243243243246
1 1.0
1 1.0
1 1.0
1 0.6
0 0.5
0 0.3333333333333333
1 0.2222222222222222
1 0.36470588235294116
1 0.8
1 1.0
0 0.4444444444444444
1 0.3333333333333333
1 1.0
0 0.6
0 1.0
0 0.5714285714285714
0 0.6190476190476191
0 0.6875
1 0.6
1 0.7647058823529411
0 0.4470588235294118
1 0.3333333333333333
1 0.4
0 0.5882352941176471
0 1.0
1 0.21428571428571427
1 0.45614035087719296
1 0.35294117647058826
1 0.42857142857142855
0 0.5
1 0.6
1 0.42105263157894735
0 0.4
1 0.5238095238095238
0 0.5
0 0.16666666666666666
0 0.5294117647058824
1 0.42105263157894735
1 0.46153846153846156
0 0.4
1 0.5714285714285714
1 0.2857142857142857
0 0.6206896551724138
0 1.0
0 1.0
1 0.3157894736842105
1 0.38461538461538464
0 0.38181818181818183
1 0.3333333333333333
0 1.0
0 0.7142857142857143
1 0.35714285714285715
0 0.39473684210526316
0 0.3333333333333333
1 0.4
1 0.49557522123893805
1 0.4117647058823529
1 0.6
0 0.5882352941176471
0 0.4888888888888889
1 0.4
0 0.34782608695652173
1 1.0
1 0.4375
1 0.6
0 0.65
0 0.5208333333333334
1 1.0
0 0.5
1 0.42857142857142855
0 0.5
1 0.2857142857142857
0 1.0
1 0.4588235294117647
0 0.6
0 0.45
1 0.45098039215686275
1 0.4
0 0.8
1 0.3469387755102041
0 1.0
0 0.3333333333333333
0 0.48214285714285715
0 0.5
1 0.47368421052631576
1 0.3333333333333333
0 0.8
1 0.4444444444444444
0 1.0
0 0.5185185185185185
0 0.2857142857142857
1 0.35294117647058826
0 0.5142857142857142
1 0.36
1 0.6666666666666666
0 0.47058823529411764
0 1.0
1 1.0
0 0.48484848484848486
0 0.2857142857142857
1 1.0
1 1.0
0 1.0
0 0.5
1 0.7142857142857143
0 0.0
1 0.0
1 0.2727272727272727
0 0.0
1 0.625
1 0.5
1 0.0
1 0.0
0 0.0
0 0.0
1 0.0
1 0.5
1 0.5
0 0.5
1 0.0
0 0.42857142857142855
0 0.0
0 0.5625
0 0.5714285714285714
1 0.42857142857142855
1 0.0
1 0.2857142857142857
1 0.38461538461538464
1 0.5
1 0.3076923076923077
1 0.0
1 0.16666666666666666
0 0.0
1 0.4166666666666667
0 0.3333333333333333
1 0.0
0 0.55
1 0.6666666666666666
1 0.5333333333333333
0 0.0
0 0.0
1 0.5555555555555556
0 0.0
0 0.0
1 0.3333333333333333
1 0.5
1 0.6666666666666666
0 0.5714285714285714
0 0.2857142857142857
0 0.35714285714285715
1 0.0
0 0.3333333333333333
1 0.2
0 0.6
1 0.0
1 0.3333333333333333
1 0.5
1 0.0
0 0.4
1 0.3333333333333333
0 0.631578947368421
0 0.4
0 0.0
0 0.45454545454545453
1 0.4
0 0.4
1 0.6875
1 0.5294117647058824
0 0.4166666666666667
1 0.0
0 0.5
0 0.5238095238095238
1 0.4523809523809524
0 0.25
1 0.0
1 0.6666666666666666
0 0.5
1 0.5
0 0.0
0 0.3333333333333333
1 0.5
0 0.0
0 0.25
0 0.2962962962962963
0 0.4
1 0.375
0 0.0
1 0.5
1 0.3333333333333333
1 0.5
1 0.5
0 0.5
0 0.6666666666666666
0 0.0
1 0.5
0 0.4
0 0.3333333333333333
1 0.0
0 0.0
1 0.5
0 0.0
1 0.41935483870967744
1 0.0
1 0.3125
0 0.6666666666666666
0 0.0
0 0.13333333333333333
0 0.2727272727272727
1 0.2
0 0.2
0 0.0
1 0.45454545454545453
1 0.2857142857142857
0 0.125
0 0.42857142857142855
1 0.6666666666666666
1 0.25
1 0.36363636363636365
0 0.0
1 0.5
0 0.08333333333333333
0 0.3333333333333333
1 0.4
0 0.3333333333333333
1 0.44776119402985076
1 0.6101694915254238
1 0.5208333333333334
1 0.0
1 0.5833333333333334
0 0.25
1 0.5555555555555556
1 0.42857142857142855
0 0.5
0 0.7142857142857143
1 0.0
0 0.3333333333333333
1 0.0
0 0.2
0 0.3
0 0.4842105263157895
0 0.25
0 0.6666666666666666
1 0.75
0 0.0
1 0.3125
0 0.3
1 0.3076923076923077
1 0.47761194029850745
1 0.5
0 0.4166666666666667
1 0.3076923076923077
1 0.52
0 0.5
0 0.4857142857142857
0 0.45454545454545453
0 0.4375
1 0.4411764705882353
0 0.5555555555555556
0 0.5555555555555556
0 0.5
0 0.8
0 1.0
1 1.0
0 0.6666666666666666
1 0.5
0 0.6666666666666666
1 1.0
0 0.5
0 0.55
1 0.625
0 0.5384615384615384
0 0.6
0 0.6
1 0.8333333333333334
1 0.6666666666666666
0 0.4
0 0.3684210526315789
0 0.2222222222222222
0 0.7142857142857143
1 0.3333333333333333
0 0.6
0 1.0
0 0.4722222222222222
0 0.4444444444444444
0 0.35714285714285715
0 0.5842696629213483
0 0.4444444444444444
0 0.5037593984962406
1 0.4
0 0.625
0 0.6
1 0.5483870967741935
0 0.625
1 0.2727272727272727
1 0.5
1 0.5714285714285714
0 0.6
0 0.5089285714285714
1 0.5
1 0.5
1 0.4
0 0.6129032258064516
0 0.4
1 0.5434782608695652
0 1.0
0 0.34210526315789475
0 0.6153846153846154
1 0.5652173913043478
0 0.5
1 0.5217391304347826
1 0.5
0 0.5
1 0.36363636363636365
0 0.6
0 0.5555555555555556
0 0.6
0 0.48
0 0.6666666666666666
1 0.46236559139784944
0 1.0
1 0.391304347826087
1 0.5434782608695652
0 0.625
0 0.5
0 1.0
0 1.0
1 1.0
0 0.6666666666666666
0 0.7272727272727273
0 0.4166666666666667
1 1.0
1 1.0
1 0.6666666666666666
1 0.375
0 0.3333333333333333
0 0.5789473684210527
1 0.4722222222222222
1 0.3333333333333333
0 0.5
1 0.5
1 0.5
1 1.0
1 0.3888888888888889
1 0.20833333333333334
0 0.4858490566037736
0 0.49624060150375937
1 0.0
0 0.0
1 0.0
1 0.3333333333333333
1 0.0
1 0.0
1 0.5
1 0.0
0 0.42105263157894735
1 0.6
0 0.0
0 0.6
0 0.6875
1 0.2
1 0.0
0 0.25
1 0.0
1 0.0
1 0.0
0 0.0
0 0.4411764705882353
1 0.25
1 0.0
1 0.2857142857142857
1 0.3333333333333333
0 0.25
1 0.0
0 0.0
0 0.14285714285714285
0 0.0
1 0.2
1 0.0
1 0.6666666666666666
0 0.0
1 0.75
1 0.0
0 0.25
0 0.0
0 0.6666666666666666
0 0.5
1 0.0
0 0.3333333333333333
0 0.0
0 0.0
1 0.5
1 0.0
1 0.2
0 0.25
1 0.0
0 0.0
0 0.5
0 0.0
1 0.0
0 0.0
1 0.0
0 0.5
0 0.48
0 0.2
1 0.0
0 0.0
1 0.4
0 0.0
0 0.4
1 0.0
1 0.0
1 0.0
1 0.5
0 0.0
1 0.375
0 0.0
1 0.0
1 0.4444444444444444
0 0.0
0 0.0
1 0.3888888888888889
1 0.4
1 0.0
1 0.0
0 0.0
1 0.0
1 0.0
1 0.5
0 0.0
0 0.0
0 0.4
1 0.0
0 0.0
1 0.5
0 0.5
1 0.3611111111111111
0 0.0
0 0.5
0 0.0
1 0.0
0 0.3333333333333333
1 0.5
0 0.6
1 0.25
0 0.6666666666666666
1 0.0
1 0.0
0 0.0
0 0.0
0 0.0
1 0.0
0 0.0
0 0.5
1 0.0
1 0.4166666666666667
0 0.0
0 0.0
1 0.25
0 0.3333333333333333
1 0.0
0 0.25
1 0.0
1 0.3333333333333333
1 0.0
1 0.0
0 0.375
1 0.375
1 0.0
0 0.3333333333333333
0 0.0
0 0.3333333333333333
1 0.0
0 0.5
0 0.0
0 0.0
0 0.0
1 0.14285714285714285
1 0.0
1 0.0
1 0.3333333333333333
1 0.3333333333333333
0 0.0
1 0.25
0 0.0
1 0.1111111111111111
1 0.2857142857142857
1 0.4
1 0.5
0 0.0
0 0.5
1 0.35714285714285715
1 0.0
1 0.5
1 0.25
1 0.26666666666666666
1 0.0
0 0.25
0 0.0
1 0.3333333333333333
0 0.2857142857142857
1 0.25
1 0.0
1 0.6666666666666666
0 0.4
1 0.0
0 0.0
1 0.0
1 0.3333333333333333
0 0.46153846153846156
0 0.0
0 0.42857142857142855
0 0.5714285714285714
1 0.0
0 0.0
0 0.5
0 0.0
0 0.0
0 0.5
0 0.0
1 0.0
1 0.0
1 0.0
1 0.0
0 0.3333333333333333
1 0.0
0 0.0
1 0.0
0 0.0
1 0.0
0 0.18181818181818182
1 0.53125
0 0.6666666666666666
0 0.0
1 0.0
1 0.47540983606557374
1 0.5
0 0.0
0 0.35294117647058826
0 0.42857142857142855
1 0.0
0 0.25
1 0.5
1 0.0
1 0.0
1 0.5
0 0.3333333333333333
0 0.0
0 0.25
1 0.5
1 0.0
0 0.0
1 0.0
0 0.5
0 0.25
0 0.3
1 0.0
1 0.0
1 0.25
1 0.0
0 0.0
0 0.0
1 0.3333333333333333
0 0.5
1 0.0
1 0.0
0 0.3333333333333333
1 0.0
0 0.0
1 0.2857142857142857
1 0.0
1 0.0
1 0.0
1 0.0
0 0.0
0 0.0
1 0.0
0 0.5
0 0.25
1 0.0
1 0.0
1 0.5
0 0.68
1 0.0
0 0.0
0 0.0
1 0.0
0 0.25
0 0.3333333333333333
1 0.4367816091954023
0 0.5
1 0.2
1 0.0
1 0.40625
0 0.4782608695652174
0 0.0
0 0.4
0 0.0
1 0.0
0 0.631578947368421
1 0.0
0 0.0
0 0.0
1 0.3333333333333333
1 0.0
0 0.5
1 0.5
1 0.0
1 0.5
1 0.0
0 0.0
0 0.0
0 0.5
0 0.0
1 0.0
1 0.5
1 0.0
1 0.0
0 0.0
0 0.0
1 0.5
0 0.0
0 0.0
1 0.0
1 0.0
0 0.0
0 0.3333333333333333
1 0.0
0 0.4931506849315068
0 0.0
0 0.5
0 0.5625
0 0.5
1 0.0
1 0.0
1 0.0
0 0.35
1 0.3333333333333333
1 0.5
0 0.0
1 0.0
1 0.0
1 0.0
0 0.0
1 0.5454545454545454
1 0.3157894736842105
0 0.0
1 0.45454545454545453
0 0.5
1 0.6666666666666666
1 0.0
1 0.0
0 0.0
0 0.0
1 0.4
1 0.4074074074074074
0 0.5
0 0.3333333333333333
1 0.35294117647058826
0 0.0
0 0.0
1 0.5
1 0.0
0 0.0
0 0.5
0 0.0
0 0.3888888888888889
0 0.5
1 0.0
1 0.0
1 0.6666666666666666
0 0.0
0 0.0
1 0.4
0 0.0
1 0.0
0 0.0
1 0.3333333333333333
0 0.6666666666666666
0 0.0
1 0.375
1 0.3333333333333333
0 0.23076923076923078
0 0.0
0 0.0
1 0.0
0 0.0
1 0.5
1 0.0
0 0.0
0 0.25
1 0.0
1 0.0
0 0.0
1 0.25
1 0.0
0 0.25
1 0.5555555555555556
1 0.3333333333333333
0 0.0
0 0.0
0 0.45454545454545453
0 0.3333333333333333
0 0.0
1 0.0
0 0.0
1 0.21428571428571427
0 0.3333333333333333
0 0.0
0 0.5
1 0.0
1 0.3333333333333333
0 0.0
0 0.16666666666666666
1 0.0
1 0.0
1 0.0
0 0.5
0 0.5
0 0.6
1 0.25
1 0.0
0 0.5
0 0.0
0 0.6666666666666666
1 0.36363636363636365
1 0.0
1 0.0
1 0.0
0 0.0
1 0.6666666666666666
0 0.0
1 0.0
1 0.5
0 0.0
0 0.0
0 0.3333333333333333
0 0.0
0 0.0
0 0.0
1 0.4
1 0.4
1 0.3333333333333333
1 0.5
1 0.0
1 0.0
0 0.0
1 0.0
0 0.0
0 0.3333333333333333
1 0.0
1 0.3333333333333333
1 0.2
1 0.5
0 0.4626865671641791
1 0.0
1 0.5
1 0.0
0 0.0
0 0.0
0 0.3125
1 0.0
0 0.0
1 0.0
0 0.7142857142857143
1 0.0
0 0.5
0 0.15384615384615385
0 0.0
0 0.0
0 0.0
0 0.0
0 0.3333333333333333
1 0.5
0 0.0
0 0.0
0 0.0
0 0.5714285714285714
1 0.14285714285714285
0 0.5
0 0.0
0 0.0
0 0.0
1 0.0
0 0.0
1 0.5
0 0.0
0 0.0
0 0.3333333333333333
0 0.75
0 0.5
1 0.375
1 0.0
0 0.5
1 0.5
0 0.0
0 0.5
1 0.0
0 0.0
1 0.5
0 0.0
1 0.0
1 0.0
1 0.0
1 0.2
0 0.0
0 0.0
0 0.0
1 0.25
1 0.0
0 0.0
1 0.38461538461538464
0 0.25
1 0.3333333333333333
1 0.5
1 0.0
0 0.0
0 0.46875
1 0.4
0 0.0
1 0.0
0 0.3
0 0.5555555555555556
1 0.5
0 0.0
0 0.2
1 0.25
1 0.0
0 0.0
0 0.0
1 0.0
1 0.0
1 0.4
1 0.4
1 0.125
0 0.5714285714285714
1 0.5
1 0.0
0 0.0
0 0.4166666666666667
1 0.38095238095238093
0 0.0
0 0.425
0 0.4
0 0.0
0 0.4
1 0.0
1 0.5714285714285714
1 0.6666666666666666
0 0.0
1 0.3333333333333333
0 0.5
1 0.25
0 0.0
0 0.3333333333333333
1 0.40384615384615385
0 0.2857142857142857
1 0.5
0 0.6
1 0.0
1 0.3333333333333333
1 0.0
1 0.0
1 0.5
1 0.0
1 0.5
0 0.0
0 0.0
0 0.5
1 0.0
1 0.5
1 0.42105263157894735
0 0.0
0 0.4444444444444444
1 0.75
1 0.0
1 0.0
1 0.0
0 0.47619047619047616
1 0.0
1 0.0
1 0.0
0 0.0
1 0.3333333333333333
1 0.0
0 0.38461538461538464
1 0.0
0 0.0
0 0.0
0 0.07692307692307693
1 0.2857142857142857
1 0.4166666666666667
0 0.2727272727272727
0 0.0
0 0.0
0 0.0
0 0.3333333333333333
0 0.0
0 0.0
1 0.6666666666666666
0 0.0
1 0.0
0 0.0
0 0.3333333333333333
1 0.0
1 0.0
1 0.3333333333333333
1 0.0
1 0.0
0 0.0
1 0.0
0 0.0
1 0.0
1 0.0
0 0.0
0 0.75
1 0.0
1 0.0
0 0.0
0 0.0
1 0.0
1 0.0
0 0.4166666666666667
1 0.5
0 0.0
0 0.0
0 0.0
0 0.3333333333333333
1 0.3333333333333333
1 0.0
1 0.3333333333333333
1 0.42857142857142855
0 0.2
1 0.0
0 0.0
0 0.0
1 0.6666666666666666
1 0.6666666666666666
0 0.42857142857142855
1 0.0
1 0.0
1 0.2857142857142857
1 0.0
0 0.0
1 0.5
1 0.0
1 0.0
0 0.0
0 0.5
1 0.0
0 0.0
1 0.6666666666666666
1 0.6
1 0.21428571428571427
0 0.6
1 0.5
0 0.75
0 0.5
1 0.0
1 0.0
0 0.5
1 0.36363636363636365
0 0.0
0 0.6666666666666666
0 0.5
0 0.5
1 0.0
1 0.0
1 0.0
1 0.0
1 0.6666666666666666
0 0.5
0 0.0
1 0.5
1 0.0
1 0.0
0 0.0
0 0.0
1 0.18181818181818182
0 0.4
0 0.0
0 0.0
0 0.5
1 0.6666666666666666
1 0.0
1 0.0
0 0.2727272727272727
0 0.2222222222222222
1 0.0
1 0.0
0 0.0
1 0.0
0 0.0
1 0.0
1 0.0
0 0.0
0 0.0
0 0.0
0 0.0
1 0.0
1 0.25
1 0.0
1 0.5
0 0.0
1 0.0
1 0.0
0 0.0
1 0.0
1 0.0
0 0.0
1 0.4090909090909091
0 0.0
0 0.2857142857142857
0 0.0
0 0.3333333333333333
1 0.0
1 0.0
1 0.0
1 0.0
0 0.0
0 0.3
0 0.3333333333333333
1 0.4583333333333333
1 0.0
0 0.0
0 0.0
1 0.0
1 0.0
1 0.3333333333333333
1 0.0
0 0.0
0 0.6153846153846154
0 1.0
0 0.625
1 0.5
0 1.0
1 0.3333333333333333
1 0.5
0 1.0
1 1.0
0 1.0
0 0.4375
0 1.0
0 0.5
0 1.0
1 1.0
0 0.125
1 0.5
0 0.3333333333333333
1 0.5
1 0.6
1 0.3333333333333333
0 0.25
1 0.0
1 0.46153846153846156
0 0.5
0 0.0
0 0.5
1 0.5
1 0.5
0 0.3333333333333333
0 0.0
0 0.3333333333333333
0 0.5
1 0.5
0 0.5833333333333334
0 0.4444444444444444
1 0.5
1 0.5
1 0.0
0 0.0
0 0.6666666666666666
0 0.0
0 0.3333333333333333
0 0.0
0 0.4594594594594595
1 0.0
0 0.4732142857142857
1 0.5
0 0.3076923076923077
1 0.0
1 0.0
0 0.0
1 0.0
0 0.2
0 0.3333333333333333
0 0.5
1 0.3333333333333333
1 0.5
0 0.0
1 0.5
1 0.3333333333333333
0 0.6666666666666666
0 0.3333333333333333
0 0.0
1 0.25
1 0.0
0 0.4
1 0.0
0 0.5
1 0.3333333333333333
1 0.0
1 0.2
0 0.2857142857142857
0 0.42857142857142855
0 0.0
1 0.46153846153846156
1 0.5
1 0.0
0 0.5
0 0.32432432432432434
1 0.0
1 0.4666666666666667
0 0.38461538461538464
1 0.0
0 0.4166666666666667
0 0.0
1 0.6666666666666666
1 0.0
0 0.125
1 0.25
0 0.4444444444444444
0 0.4482758620689655
0 0.0
1 0.25
0 0.2727272727272727
1 0.0
0 0.3333333333333333
1 0.1
1 0.0
0 0.3333333333333333
0 0.3333333333333333
0 0.5
1 0.38271604938271603
1 0.3333333333333333
0 0.4126984126984127
1 0.4305555555555556
1 0.38461538461538464
0 0.0
1 0.48936170212765956
0 0.375
1 0.0
1 0.0
0 1.0
0 0.5555555555555556
1 0.6666666666666666
0 1.0
1 1.0
1 1.0
0 0.5
1 1.0
0 0.5555555555555556
1 0.5
0 0.3333333333333333
1 1.0
1 0.5555555555555556
1 0.42105263157894735
1 1.0
0 0.5384615384615384
1 0.5
0 0.5
1 0.27586206896551724
0 0.5151515151515151
1 0.5714285714285714
1 0.5
1 0.4444444444444444
1 0.5555555555555556
0 0.75
1 0.4782608695652174
0 0.5283018867924528
1 0.42105263157894735
0 0.49019607843137253
0 0.8
1 1.0
1 0.6
0 0.4
0 0.0
1 0.6666666666666666
1 0.3333333333333333
0 0.0
1 0.0
0 0.0
1 0.25
0 0.2857142857142857
1 0.3939393939393939
1 0.0
1 0.3888888888888889
1 0.3333333333333333
1 0.4
1 0.3333333333333333
1 0.0
0 0.0
0 0.0
0 0.6666666666666666
1 0.0
1 0.0
1 0.0
1 0.125
1 0.0
0 0.4375
1 0.0
0 0.0
0 0.0
0 0.6666666666666666
0 1.0
1 0.5
1 0.5
1 0.5
1 0.6086956521739131
0 1.0
1 0.2692307692307692
0 0.0
1 0.5
1 0.4
1 0.45454545454545453
1 0.5555555555555556
0 0.4074074074074074
1 0.4666666666666667
0 0.5588235294117647
1 0.5
0 0.45454545454545453
1 1.0
1 0.5714285714285714
1 0.5625
0 1.0
1 0.5172413793103449
1 0.8181818181818182
1 0.6666666666666666
0 0.7142857142857143
0 1.0
0 0.5
0 0.45454545454545453
0 0.46153846153846156
0 1.0
1 0.0
0 0.5
0 1.0
0 0.5
0 0.5714285714285714
1 1.0
0 0.36363636363636365
1 0.4962962962962963
1 0.5
0 0.5384615384615384
1 0.0
1 0.5
1 0.6666666666666666
1 1.0
0 0.0
1 0.0
0 0.5217391304347826
0 0.6666666666666666
0 0.5
0 0.5333333333333333
1 0.6666666666666666
0 0.0
1 0.3333333333333333
0 0.5
0 1.0
1 0.6
1 1.0
0 0.4
0 0.2631578947368421
1 1.0
0 0.4444444444444444
0 0.45098039215686275
0 0.3333333333333333
0 0.46296296296296297
0 0.5
0 1.0
1 0.42857142857142855
1 1.0
0 1.0
1 0.25
1 1.0
0 0.5294117647058824
0 1.0
1 0.5
0 0.3333333333333333
1 1.0
0 0.6666666666666666
0 0.5
0 1.0
1 0.3333333333333333
0 0.68
0 0.5714285714285714
1 0.75
0 0.5294117647058824
1 0.5
0 0.4
0 0.75
0 0.5
0 0.45454545454545453
1 0.5833333333333334
0 0.7777777777777778
1 1.0
0 1.0
1 1.0
0 1.0
1 0.5
0 1.0
0 0.5
0 0.2857142857142857
1 0.4166666666666667
0 0.4482758620689655
1 0.4
1 0.46153846153846156
1 0.35714285714285715
0 0.4166666666666667
0 0.38461538461538464
0 0.6666666666666666
0 1.0
1 0.5555555555555556
1 0.4782608695652174
0 1.0
1 1.0
1 0.4583333333333333
1 0.6666666666666666
0 0.5
0 0.36363636363636365
1 0.5
1 0.5
0 0.5609756097560976
1 0.3333333333333333
1 0.3333333333333333
1 0.6666666666666666
1 0.5882352941176471
1 0.4
0 0.3333333333333333
1 0.6
0 0.5
0 0.5
1 0.5
0 0.0
1 0.5
1 0.35
0 0.0
0 1.0
0 0.3333333333333333
1 0.75
1 0.5
0 0.46153846153846156
1 1.0
0 0.14285714285714285
0 0.42857142857142855
0 0.5
1 0.25
1 0.5
1 0.5
0 0.3333333333333333
1 0.5714285714285714
1 0.0
1 0.2857142857142857
0 0.6
1 0.4444444444444444
0 0.0
1 0.75
1 0.625
0 0.42857142857142855
1 0.6363636363636364
1 0.5
0 0.42857142857142855
0 0.0
0 0.0
1 0.6666666666666666
1 0.3783783783783784
1 0.0
1 0.5
0 0.0
1 0.0
0 0.5
0 0.2857142857142857
0 0.3333333333333333
0 0.625
0 0.6363636363636364
1 0.5
1 0.3333333333333333
0 0.5384615384615384
1 0.55
0 1.0
1 0.35714285714285715
0 0.375
0 0.35714285714285715
1 0.6666666666666666
0 0.41935483870967744
1 0.375
1 1.0
1 0.25
0 0.4878048780487805
1 1.0
0 1.0
1 0.5
0 0.8
1 1.0
1 0.625
0 0.5
0 1.0
0 0.3333333333333333
1 0.5
1 0.525
1 0.6
1 1.0
1 1.0
1 0.46153846153846156
1 1.0
0 1.0
0 0.7
1 1.0
1 1.0
1 1.0
0 1.0
0 1.0
1 1.0
0 0.6666666666666666
1 0.5384615384615384
0 1.0
1 0.5714285714285714
1 1.0
1 0.4
0 0.0
0 0.4482758620689655
0 0.45454545454545453
0 0.5
1 0.0
0 0.5
1 0.0
1 0.5
0 0.47058823529411764
1 0.5
1 0.25
0 0.5833333333333334
1 0.6666666666666666
1 0.42857142857142855
1 0.75
1 0.375
1 0.5
0 0.36363636363636365
1 0.6666666666666666
0 0.6666666666666666
1 0.0
0 0.0
1 0.5
1 0.0
1 0.0
1 0.5
0 0.0
1 0.0
0 0.0
0 0.0
1 0.0
0 0.6666666666666666
0 0.0
0 0.25
0 0.6
1 0.0
0 0.0
1 0.0
0 0.3333333333333333
0 0.0
1 0.5
0 0.0
0 0.0
1 0.3333333333333333
1 0.0
1 0.3333333333333333
1 0.5
0 0.0
0 0.5
0 0.4
0 0.5909090909090909
1 0.75
0 0.3333333333333333
1 0.2
0 0.0
0 0.0
1 0.0
0 0.0
0 0.375
0 0.631578947368421
0 0.0
0 0.5714285714285714
0 1.0
0 1.0
1 0.25
0 1.0
0 0.5
1 1.0
0 0.5
0 0.4
1 0.43333333333333335
0 1.0
0 0.0
1 0.2
0 0.5
1 0.6153846153846154
0 0.25
0 0.75
1 0.3333333333333333
1 0.0
0 0.0
1 0.75
1 0.45454545454545453
0 0.0
1 0.5
1 0.0
1 0.6666666666666666
0 0.6521739130434783
1 0.0
1 0.475
0 0.0
1 0.25
0 0.6666666666666666
1 0.375
1 0.2
0 0.3333333333333333
0 0.4
0 0.36585365853658536
0 0.5
1 0.5
0 0.4090909090909091
1 1.0
0 1.0
1 0.5714285714285714
0 0.49473684210526314
1 0.65625
1 1.0
1 0.6
1 1.0
1 0.375
0 1.0
0 0.5714285714285714
0 1.0
1 0.6666666666666666
0 1.0
1 0.75
0 1.0
1 0.4
0 0.6666666666666666
1 0.0
0 0.25
1 0.6666666666666666
0 1.0
0 1.0
0 0.6
0 0.3333333333333333
0 0.2222222222222222
1 1.0
0 0.625
1 1.0
0 0.5
0 0.5
0 0.5
0 0.75
1 0.6666666666666666
1 0.5
1 0.6666666666666666
0 0.5882352941176471
1 0.6666666666666666
0 1.0
0 1.0
0 0.0
1 0.0
1 0.0
1 0.5
0 0.0
1 0.0
0 0.5
0 0.5
1 0.5
0 1.0
0 0.5
0 0.4
1 0.8181818181818182
0 0.5714285714285714
1 1.0
0 0.2857142857142857
0 0.6666666666666666
0 0.0
1 0.0
0 0.0
0 0.3333333333333333
0 0.0
0 0.0
0 0.0
0 0.5
1 0.0
0 0.0
0 0.0
0 0.0
0 0.0
0 0.0
0 0.0
0 0.0
0 0.0
1 0.5
1 0.0
1 0.5
0 0.0
1 0.0
1 0.0
1 0.5
0 0.0
1 0.0
0 1.0
1 0.7777777777777778
0 1.0
1 1.0
0 0.47058823529411764
0 0.5
1 0.5833333333333334
0 0.5714285714285714
0 0.3333333333333333
1 1.0
1 1.0
0 0.23529411764705882
0 0.5
1 0.5
0 0.3333333333333333
1 1.0
0 1.0
1 1.0
0 0.6666666666666666
0 1.0
1 0.5
1 0.6666666666666666
0 0.0
0 0.0
1 0.0
0 0.0
0 0.0
1 0.5
1 0.391304347826087
0 0.75
1 0.25
1 0.25
1 0.0
0 0.4
1 0.5217391304347826
1 0.375
0 0.0
0 0.0
1 0.0
0 0.0
1 0.4444444444444444
1 1.0
1 1.0
1 1.0
0 0.6666666666666666
0 0.5
0 0.0
1 0.5
0 0.3333333333333333
1 0.0
1 0.0
0 0.0
0 0.0
0 0.5
0 0.0
0 1.0
0 1.0
1 0.5
1 0.5
1 0.8
1 0.7142857142857143
0 0.3333333333333333
0 0.5
1 0.5
1 0.75
1 0.75
0 0.5454545454545454
0 0.3333333333333333
1 1.0
1 0.3333333333333333
0 1.0
1 0.2857142857142857
1 0.625
1 0.16666666666666666
1 0.5
1 0.5172413793103449
1 0.375
1 1.0
1 0.3333333333333333
0 0.5227272727272727
0 0.6571428571428571
0 0.4
0 0.4
1 0.6666666666666666
1 0.5
0 0.4583333333333333
0 0.5714285714285714
0 0.5217391304347826
0 0.5
0 0.4666666666666667
0 0.625
0 0.8333333333333334
1 0.0
1 1.0
1 1.0
0 1.0
0 0.5
0 0.4
1 0.5
0 0.42424242424242425
1 0.5
0 1.0
0 1.0
1 0.6666666666666666
0 0.25
1 0.0
0 0.0
1 0.0
1 1.0
0 0.3333333333333333
1 1.0
1 0.4444444444444444
0 0.35714285714285715
0 0.5
1 1.0
1 0.5
0 0.4
0 0.5
0 0.6
0 0.3333333333333333
1 0.5
0 0.6666666666666666
0 0.5
0 0.75
1 0.45454545454545453
1 1.0
0 0.5370370370370371
0 0.6
1 0.3333333333333333
1 0.0
1 0.0
1 0.0
0 0.25
0 0.0
1 0.5
1 0.0
1 0.0
0 0.2
0 0.375
0 0.42857142857142855
0 0.3333333333333333
1 0.0
1 0.75
0 1.0
1 0.5714285714285714
1 0.0
1 0.3333333333333333
0 0.0
1 0.3
0 0.0
0 0.5
0 0.5
1 1.0
1 0.5
0 0.5
1 0.5
1 0.8
0 0.75
0 0.5
0 1.0
0 0.42424242424242425
0 0.4
1 0.34375
0 0.35
1 0.3548387096774194
0 0.46875
0 0.36666666666666664
1 0.3448275862068966
1 0.3548387096774194
0 0.375
1 0.0
1 0.6666666666666666
1 0.75
1 0.0
1 0.0
1 0.3333333333333333
1 0.0
1 1.0
1 1.0
1 0.0
0 0.0
0 0.0
0 0.0
0 0.25
1 0.0
0 0.0
1 1.0
1 0.0
0 0.6
1 1.0
1 1.0
0 0.0
0 0.5
1 0.7
1 0.0
0 0.0
1 0.4444444444444444
1 0.5
0 0.375
0 0.0
0 0.43859649122807015
0 0.0
1 0.0
0 0.0
0 0.0
0 0.0
1 0.0
0 0.5
1 0.0
0 0.5
0 1.0
0 0.6666666666666666
1 0.6666666666666666
1 0.0
0 1.0
1 0.625
0 0.38461538461538464
0 0.3333333333333333
1 0.0
0 0.7777777777777778
1 0.2631578947368421
1 0.5
1 0.0
0 0.5454545454545454
1 0.5
0 0.0
0 0.0
0 1.0
0 0.7692307692307693
0 0.4444444444444444
1 0.46153846153846156
1 0.6666666666666666
0 0.0
0 0.0
0 0.5
1 0.0
1 0.0
1 0.0
0 0.0
0 0.0
1 0.0
0 1.0
1 1.0
0 1.0
0 1.0
1 0.4166666666666667
1 0.5555555555555556
0 0.5
1 0.6666666666666666
1 0.6428571428571429
1 0.6666666666666666
0 0.45454545454545453
0 0.5
1 0.2857142857142857
1 0.5
0 0.0
1 0.5
0 0.3333333333333333
1 1.0
1 0.625
1 0.3333333333333333
1 0.0
1 0.5555555555555556
1 0.6666666666666666
0 0.625
0 0.44
0 0.0
0 0.0
1 0.0
0 0.375
0 0.3902439024390244
1 0.5
0 0.39473684210526316
1 0.3235294117647059
1 0.0
1 0.32727272727272727
0 0.5555555555555556
0 0.5416666666666666
0 0.2
1 1.0
1 1.0
0 1.0
0 1.0
0 1.0
0 0.4
1 0.0
1 0.3
0 1.0
0 0.5
1 1.0
1 1.0
0 0.5
0 1.0
1 0.5
0 0.5
0 0.25
0 0.14285714285714285
0 0.6
0 1.0
0 0.5
0 0.6
1 1.0
1 0.5
0 0.6666666666666666
1 0.6666666666666666
1 0.6666666666666666
1 0.0
0 0.0
0 0.3333333333333333
1 0.6666666666666666
1 0.5
0 0.5714285714285714
0 0.25
0 0.0
0 0.0
1 1.0
0 0.5
0 0.5
0 0.5
0 1.0
1 1.0
1 0.5
0 1.0
0 0.0
0 0.0
0 0.0
1 0.375
1 0.25
0 0.5
0 0.5
0 1.0
1 0.5
1 0.5
0 0.6363636363636364
0 0.5
1 0.5
1 0.4
0 0.5
1 0.4444444444444444
0 0.3333333333333333
1 1.0
1 0.35
1 1.0
1 1.0
0 0.25
0 0.5
0 0.4
1 1.0
1 0.5
1 0.2727272727272727
1 0.2727272727272727
1 0.625
0 1.0
1 1.0
1 0.36363636363636365
1 0.42857142857142855
1 1.0
0 0.43478260869565216
0 0.375
1 0.375
1 0.5
1 0.5
1 0.5568181818181818
1 0.5
0 0.5357142857142857
0 0.3333333333333333
0 0.75
0 0.5263157894736842
1 0.2
1 0.3333333333333333
0 0.5
0 0.5
1 1.0
0 0.75
0 0.6666666666666666
1 0.5
1 1.0
0 0.6666666666666666
0 1.0
0 0.8
1 0.5
0 1.0
1 0.5
1 0.6666666666666666
1 1.0
1 0.5
0 0.5
1 0.38461538461538464
1 1.0
0 0.6
1 0.5
1 0.375
0 1.0
0 0.4090909090909091
0 0.37142857142857144
1 0.3333333333333333
0 1.0
0 0.75
1 1.0
0 0.6666666666666666
1 0.0
0 0.6666666666666666
1 0.5
1 0.5
0 0.0
0 0.0
1 0.0
1 0.0
1 0.3333333333333333
1 0.5
1 0.3333333333333333
1 0.2727272727272727
1 0.36363636363636365
1 0.0
0 0.0
1 0.0
0 0.5
1 0.0
0 0.5
1 0.46153846153846156
1 0.5
0 0.2857142857142857
0 0.29411764705882354
0 0.0
1 0.0
1 0.3333333333333333
1 0.0
0 0.0
0 0.0
0 0.25
1 0.4
0 0.2
1 0.0
1 0.3333333333333333
1 0.2727272727272727
1 0.0
1 0.4
0 0.2857142857142857
0 0.2
1 0.0
1 0.0
0 0.0
1 0.36363636363636365
1 0.0
0 0.6666666666666666
0 0.0
0 0.75
1 0.25
1 0.0
1 0.3333333333333333
0 0.3333333333333333
0 0.5
0 0.42857142857142855
1 0.5714285714285714
0 0.2
0 0.3333333333333333
0 0.0
0 0.4
0 0.4411764705882353
0 0.3333333333333333
0 0.5
0 0.0
0 0.26666666666666666
1 0.2
0 0.6666666666666666
0 0.0
0 0.5
1 0.0
1 0.3333333333333333
1 0.0
0 0.40540540540540543
1 0.75
1 0.8
1 0.6
0 0.4838709677419355
1 1.0
1 0.5
1 1.0
0 0.5
0 1.0
0 1.0
1 1.0
0 0.4
0 0.42105263157894735
0 0.6666666666666666
1 0.5
0 0.0
1 0.0
1 0.0
0 0.0
1 0.75
0 0.3333333333333333
0 0.2
1 0.0
0 0.5
1 0.0
0 0.0
1 0.5
1 0.0
1 0.0
0 0.0
0 0.0
0 0.5
1 0.0
0 0.6
1 0.0
1 0.3333333333333333
0 0.6666666666666666
0 0.0
0 0.5
0 0.0
1 0.6666666666666666
1 0.0
0 0.0
1 0.0
1 0.46153846153846156
0 0.3333333333333333
0 0.5
0 0.5517241379310345
0 0.2727272727272727
1 0.5
1 1.0
1 0.0
1 0.0
1 0.5
1 0.3333333333333333
1 0.5555555555555556
1 0.5
0 0.3333333333333333
1 0.5
0 0.0
0 0.5
1 1.0
0 0.45454545454545453
1 0.6428571428571429
0 0.6666666666666666
1 1.0
0 0.5
0 0.5
1 0.8333333333333334
1 0.6666666666666666
1 0.5
1 0.0
0 0.0
0 0.0
1 0.5
1 0.0
0 1.0
0 0.0
0 0.5
0 0.3333333333333333
1 0.4
1 0.4
0 0.5
1 0.5
1 0.0
1 0.5
1 0.0
1 0.5
1 0.3333333333333333
1 0.0
0 1.0
1 0.5
0 0.5
0 0.64
1 1.0
1 1.0
1 0.0
1 1.0
0 1.0
1 1.0
1 1.0
1 0.3333333333333333
0 0.5
1 0.6666666666666666
1 1.0
0 1.0
1 0.3333333333333333
1 0.0
0 0.375
1 1.0
1 1.0
1 1.0
0 1.0
0 1.0
1 0.42857142857142855
0 0.2727272727272727
1 1.0
1 0.5
1 0.5714285714285714
0 1.0
1 0.6
1 0.75
0 0.5
0 1.0
1 0.0
0 1.0
1 0.0
0 0.0
0 0.6
1 0.0
1 1.0
1 0.5
1 0.5555555555555556
1 1.0
0 0.5
0 0.25
1 0.0
0 0.0
1 0.4375
1 0.45454545454545453
1 0.25
0 1.0
1 1.0
0 0.0
0 0.6
1 0.0
0 0.0
0 0.0
0 1.0
0 0.5454545454545454
0 0.5
1 0.5
1 1.0
0 1.0
0 1.0
0 0.5
0 1.0
0 0.5
0 1.0
1 1.0
0 0.75
0 0.6666666666666666
1 0.6666666666666666
0 0.3333333333333333
0 0.45454545454545453
0 1.0
0 0.0
1 0.5
1 0.0
1 0.0
0 0.0
1 0.5
0 0.0
1 0.3333333333333333
1 1.0
1 1.0
0 1.0
0 0.6666666666666666
1 0.6666666666666666
1 1.0
1 1.0
0 0.6666666666666666
1 0.5
0 0.0
1 0.6666666666666666
1 0.0
1 0.3333333333333333
1 0.3333333333333333
0 0.0
0 0.0
1 0.0
0 0.5
0 0.3333333333333333
0 0.5
1 0.0
1 0.0
1 0.0
0 0.0
1 0.0
1 0.0
0 0.5
1 0.0
1 0.0
1 0.0
0 0.0
1 0.75
1 0.5
0 0.5
1 0.0
0 0.0
0 0.5
1 0.42857142857142855
0 0.8
0 0.0
1 0.45454545454545453
1 0.6666666666666666
0 0.6666666666666666
0 0.0
0 0.25
0 0.6666666666666666
1 0.0
0 0.2
0 0.3333333333333333
1 0.0
0 0.3333333333333333
0 0.6666666666666666
0 1.0
0 0.0
0 0.0
0 0.0
1 0.5
0 1.0
1 1.0
1 0.0
0 0.0
1 1.0
0 0.75
1 0.45454545454545453
1 1.0
0 1.0
0 1.0
1 0.5
0 0.0
1 0.3333333333333333
0 1.0
1 0.3333333333333333
0 1.0
0 1.0
1 0.5
1 1.0
0 0.3333333333333333
0 1.0
1 1.0
0 1.0
1 1.0
0 1.0
1 1.0
0 0.5
0 1.0
1 0.75
1 1.0
1 0.5
1 1.0
1 1.0
1 0.5333333333333333
0 0.3333333333333333
1 0.0
0 1.0
1 0.0
1 0.0
0 0.0
0 0.0
1 0.5
1 0.0
1 0.0
1 0.0
1 0.0
1 0.38461538461538464
0 0.0
0 0.42857142857142855
1 0.0
0 0.0
0 0.3333333333333333
0 0.0
0 0.0
0 0.0
0 0.3333333333333333
1 1.0
0 1.0
0 0.5
0 1.0
0 1.0
0 1.0
1 1.0
1 0.5
0 0.5
1 1.0
0 0.0
0 0.3333333333333333
1 0.0
0 0.5
1 1.0
1 0.0
1 1.0
0 1.0
1 0.0
0 0.5
0 0.4
0 0.0
1 0.6
0 0.0
0 0.6666666666666666
0 0.3333333333333333
0 0.5
1 0.0
1 0.5
1 0.0
0 0.0
1 0.0
0 0.0
0 0.0
1 1.0
1 1.0
0 0.6
1 0.5
0 0.0
1 0.0
1 0.5
1 0.0
1 0.5
1 0.0
1 0.0
0 0.25
0 0.0
0 0.6666666666666666
0 1.0
1 0.6666666666666666
1 0.16666666666666666
0 0.0
1 0.5
1 0.0
1 0.631578947368421
1 0.5
0 0.3333333333333333
1 0.42857142857142855
0 0.0
1 0.0
1 0.0
0 0.0
1 0.0
0 0.23076923076923078
0 0.0
1 0.0
0 0.3333333333333333
0 0.25
1 0.0
1 0.5
0 0.47619047619047616
0 0.3333333333333333
1 0.0
0 0.5
0 0.0
1 0.0
0 0.0
0 0.6666666666666666
0 0.14285714285714285
0 0.6
0 0.25
1 0.0
0 0.3333333333333333
0 0.5
1 0.3333333333333333
0 0.5
1 0.3333333333333333
0 0.0
1 0.6875
0 0.5384615384615384
1 0.3333333333333333
1 0.5
1 0.25
1 0.3333333333333333
1 0.5434782608695652
1 0.5555555555555556
0 0.5185185185185185
1 0.5
0 0.3225806451612903
0 0.3793103448275862
0 0.3793103448275862
0 0.34375
0 0.38461538461538464
1 0.3888888888888889
0 0.46153846153846156
0 0.4
1 0.45
1 0.41379310344827586
0 0.5555555555555556
0 0.4444444444444444
0 0.0
0 0.0
1 0.46153846153846156
1 0.42857142857142855
0 0.0
1 0.5
1 0.3333333333333333
1 0.0
0 0.5
0 0.43478260869565216
0 0.5
1 0.25
1 0.14285714285714285
0 0.4
0 0.375
1 0.0
1 0.625
0 0.47058823529411764
1 0.45454545454545453
1 0.5
1 0.0
1 0.0
0 0.5
0 0.5
1 0.0
0 0.0
1 0.0
1 0.0
1 0.5
1 0.75
0 0.5384615384615384
1 0.3333333333333333
0 1.0
1 0.2
0 0.2
1 0.5
0 0.625
0 1.0
1 0.16666666666666666
0 0.75
0 1.0
0 1.0
0 0.5
0 1.0
0 0.5
1 0.5333333333333333
1 0.6666666666666666
1 0.6666666666666666
1 0.3333333333333333
1 0.5
0 0.5
0 0.3333333333333333
1 1.0
1 0.6666666666666666
1 0.5
1 0.6666666666666666
0 1.0
0 1.0
0 0.5454545454545454
0 0.5
0 0.5
1 1.0
0 0.5454545454545454
1 1.0
1 1.0
1 1.0
0 0.4444444444444444
0 0.5
1 1.0
0 0.5
1 0.3333333333333333
0 1.0
1 1.0
1 0.25
1 1.0
1 1.0
1 0.36363636363636365
0 0.38461538461538464
0 0.4
1 0.42857142857142855
1 0.5
0 0.6666666666666666
1 0.6666666666666666
0 0.3333333333333333
1 0.75
0 1.0
1 0.4444444444444444
0 0.5
0 0.36363636363636365
1 1.0
0 1.0
0 0.5714285714285714
1 0.0
0 1.0
1 1.0
0 0.3333333333333333
0 1.0
0 0.5
1 1.0
1 0.6666666666666666
1 0.0
1 0.0
1 1.0
1 0.6666666666666666
1 0.5
0 1.0
1 0.3888888888888889
0 0.7142857142857143
0 1.0
1 0.0
1 0.42857142857142855
0 0.4444444444444444
1 0.0
0 1.0
0 0.0
0 0.3333333333333333
0 1.0
0 1.0
1 0.5
0 1.0
1 0.0
0 0.0
0 0.0
0 0.0
1 0.0
1 0.0
0 0.0
0 0.0
1 0.0
1 0.0
0 1.0
1 0.6666666666666666
0 0.0
1 0.3333333333333333
0 0.3333333333333333
0 0.0
0 0.25
0 0.5
0 1.0
0 0.0
0 0.5
0 1.0
0 0.0
0 1.0
0 0.6666666666666666
1 0.5
1 0.5
1 0.5
0 0.5
1 0.0
0 0.0
1 0.4166666666666667
0 0.0
0 0.0
1 0.5
0 1.0
1 1.0
0 1.0
0 1.0
0 1.0
1 1.0
0 0.5
0 1.0
0 1.0
1 0.5
0 1.0
0 1.0
1 1.0
0 0.6666666666666666
1 1.0
1 1.0
0 1.0
1 1.0
0 0.3333333333333333
1 1.0
1 1.0
1 0.5
0 1.0
1 0.6
1 1.0
0 1.0
1 1.0
0 0.25
1 1.0
1 0.5
0 0.4
1 0.38461538461538464
1 0.5
0 0.5
1 0.5
1 1.0
0 1.0
0 0.5
1 1.0
1 0.5
0 0.5
0 0.0
0 1.0
1 0.0
0 0.0
0 0.0
0 0.5
1 0.0
1 0.0
0 0.29411764705882354
1 0.0
0 0.2
0 0.18181818181818182
1 0.0
0 0.0
1 0.375
0 0.0
1 0.0
0 0.42857142857142855
1 1.0
0 0.0
1 0.0
0 0.0
0 0.25
1 0.0
0 0.0
0 0.0
1 0.5
1 0.6666666666666666
0 0.0
0 0.5
1 0.0
1 0.0
0 0.0
0 0.2
1 0.21428571428571427
1 0.0
1 0.0
0 0.3333333333333333
1 0.3333333333333333
1 0.14285714285714285
0 0.0
1 0.3333333333333333
0 0.0
1 0.42857142857142855
1 0.4444444444444444
0 0.6666666666666666
0 0.6666666666666666
1 0.5
0 0.0
1 0.5833333333333334
1 0.5
0 1.0
0 0.5
1 1.0
0 1.0
1 0.3333333333333333
0 1.0
0 1.0
0 1.0
1 1.0
0 0.0
1 0.0
1 1.0
0 0.0
0 1.0
0 1.0
0 0.0
0 0.5
1 0.0
1 0.5
0 0.4
1 0.25
1 0.0
1 0.5
0 0.0
1 0.5
1 0.5
1 0.0
1 0.0
1 1.0
0 1.0
0 0.75
1 1.0
1 1.0
0 0.5
1 1.0
0 1.0
1 0.75
0 0.4444444444444444
0 0.0
0 1.0
1 1.0
1 0.625
0 0.375
1 1.0
0 1.0
0 0.47368421052631576
0 0.4
0 1.0
0 0.5
1 1.0
1 1.0
0 0.5
0 0.5
1 1.0
0 1.0
0 0.25
1 1.0
1 0.5
0 0.6666666666666666
0 0.2857142857142857
1 1.0
0 1.0
1 0.25
0 0.3333333333333333
1 0.3333333333333333
1 0.3333333333333333
0 0.3333333333333333
0 0.0
1 0.0
0 0.5714285714285714
1 1.0
1 0.6
0 0.5
0 0.4
0 1.0
1 0.5
0 0.6
1 1.0
0 1.0
0 0.5714285714285714
1 1.0
0 0.6666666666666666
1 0.3333333333333333
0 0.5
1 0.625
0 0.75
1 0.5
0 0.3333333333333333
1 0.5
0 0.6666666666666666
1 0.3448275862068966
1 0.4
1 0.6666666666666666
0 1.0
1 0.4166666666666667
0 0.6666666666666666
1 0.5
0 0.75
0 0.3333333333333333
0 1.0
1 1.0
0 0.2857142857142857
1 0.0
0 0.5
0 0.8
0 1.0
1 0.45454545454545453
1 0.14285714285714285
1 0.07142857142857142
1 0.6
0 0.2857142857142857
0 0.0
1 0.0
1 0.2857142857142857
1 0.5
0 0.0
1 0.0
0 0.3333333333333333
0 0.0
1 0.0
0 0.25
0 0.25
1 0.4
0 0.5
0 0.6
0 0.0
1 0.6153846153846154
1 0.5833333333333334
1 0.0
0 0.625
1 0.7142857142857143
1 0.0
0 0.36363636363636365
1 0.75
0 0.0
0 0.5
1 0.0
1 0.0
0 0.5
0 0.0
0 0.5
1 0.3333333333333333
0 0.3333333333333333
0 0.25
1 0.0
1 0.3333333333333333
1 0.3333333333333333
0 0.0
0 0.0
0 0.0
1 0.5
0 0.5714285714285714
1 0.6
1 0.5833333333333334
1 1.0
0 0.14285714285714285
1 0.6
0 0.6
0 1.0
0 1.0
0 1.0
1 1.0
0 1.0
1 1.0
1 1.0
0 0.0
0 0.0
1 0.0
0 0.0
0 1.0
0 1.0
0 0.6666666666666666
0 0.5
1 0.5
1 1.0
0 0.14285714285714285
1 0.6666666666666666
0 0.6
1 0.5384615384615384
1 0.6
0 0.0
1 0.0
0 0.42857142857142855
1 0.0
0 0.0
0 0.0
0 0.0
0 0.0
1 0.0
0 0.0
1 0.3333333333333333
1 0.0
0 0.0
0 0.0
0 0.5
1 0.3333333333333333
1 0.5
1 0.0
1 0.0
0 0.3333333333333333
1 0.0
0 0.0
0 0.0
0 0.0
1 0.3333333333333333
0 0.0
0 0.2857142857142857
0 0.0
0 0.4
1 0.4444444444444444
0 0.0
1 0.5
1 0.3333333333333333
0 0.0
1 0.0
0 0.5
0 0.0
0 0.5
0 0.5
1 0.5
0 0.0
1 0.0
1 0.2
1 0.0
0 0.3333333333333333
1 0.25
0 0.0
0 0.0
0 0.0
0 0.2
1 0.0
0 0.0
1 0.0
1 0.0
1 0.0
0 0.0
0 0.5
1 0.5
1 0.25
0 0.5
0 0.5555555555555556
1 0.25
1 0.25
1 0.2
0 0.16666666666666666
1 0.2857142857142857
0 0.0
0 0.25
0 0.0
1 0.2857142857142857
1 0.0
1 0.0
0 0.0
1 0.0
0 0.125
1 0.5
0 0.0
0 0.0
0 0.3333333333333333
0 1.0
0 0.6666666666666666
0 0.0
1 0.0
0 0.3333333333333333
1 0.65
0 0.75
1 0.5
0 1.0
0 1.0
1 0.4
0 0.0
0 0.2857142857142857
0 0.5
0 0.5
1 0.0
1 1.0
1 0.25
1 0.75
1 1.0
0 0.6666666666666666
0 0.5
0 0.0
0 0.0
1 0.0
0 0.0
1 0.5
0 0.5
0 0.0
0 0.25
1 0.5454545454545454
0 0.375
1 0.2727272727272727
1 0.25
1 1.0
0 0.8333333333333334
0 0.6666666666666666
1 0.5
0 0.5
0 0.0
0 0.5
0 0.0
1 0.3333333333333333
0 0.5
0 0.0
1 0.0
1 1.0
1 1.0
0 1.0
1 1.0
1 1.0
1 1.0
1 1.0
1 1.0
1 1.0
0 1.0
0 1.0
1 1.0
0 0.5
1 1.0
1 0.3333333333333333
1 0.5
0 1.0
1 1.0
1 1.0
0 0.5
0 0.6666666666666666
1 1.0
0 1.0
0 0.3333333333333333
1 0.5
0 1.0
1 1.0
1 0.6666666666666666
1 0.6
0 0.6666666666666666
1 0.0
1 1.0
1 0.0
1 0.0
0 0.5
0 0.0
1 0.0
0 0.16666666666666666
1 0.25
0 0.0
1 0.4
1 1.0
0 1.0
0 1.0
1 1.0
1 1.0
1 1.0
1 1.0
0 1.0
1 0.3333333333333333
1 0.5
0 1.0
1 1.0
0 1.0
1 0.6666666666666666
1 1.0
1 1.0
0 0.3333333333333333
0 1.0
0 1.0
1 1.0
1 1.0
0 0.5
0 1.0
1 1.0
1 1.0
1 0.3333333333333333
1 0.3333333333333333
0 0.5
0 1.0
0 1.0
1 1.0
1 0.3333333333333333
0 0.5
1 1.0
1 0.5
1 0.5
1 0.6666666666666666
0 0.0
1 0.55
0 0.5
1 0.3333333333333333
0 0.5
0 0.25
1 0.4444444444444444
1 0.5384615384615384
0 0.2857142857142857
0 0.5833333333333334
0 0.4
0 0.0
0 1.0
1 1.0
0 0.0
1 0.5
1 0.5
1 0.0
1 0.6666666666666666
1 0.5
1 1.0
0 0.0
0 0.0
0 0.25
1 0.5
0 0.0
0 0.0
0 0.0
0 0.3333333333333333
0 0.3333333333333333
0 1.0
1 0.5
0 0.0
1 0.0
1 0.0
1 1.0
1 0.25
0 0.0
0 1.0
1 1.0
1 0.5
0 0.6
0 0.0
0 0.42857142857142855
1 0.3333333333333333
0 0.16666666666666666
0 0.5
0 0.0
1 0.0
0 0.0
1 1.0
0 1.0
1 0.4
0 1.0
1 0.5
0 1.0
0 1.0
1 0.5
0 1.0
1 0.0
0 0.0
0 0.0
1 1.0
0 1.0
0 0.4
1 0.0
1 0.0
0 0.0
1 0.0
0 0.0
0 0.0
0 0.0
1 0.0
1 0.0
0 0.0
1 0.0
0 0.0
0 0.0
1 0.0
0 0.0
0 0.0
1 0.5
0 0.0
1 0.6666666666666666
1 1.0
0 0.5
0 0.0
0 0.3333333333333333
0 0.0
1 0.0
0 0.0
1 0.0
1 0.0
1 0.0
1 0.3333333333333333
0 0.5
0 0.0
0 0.3333333333333333
0 0.0
1 0.0
1 0.3333333333333333
1 1.0
0 0.6666666666666666
0 0.0
1 0.0
0 0.3333333333333333
1 0.0
0 0.0
0 0.5
0 0.6666666666666666
0 0.0
0 0.0
0 0.0
0 0.0
1 0.0
0 0.0
1 0.0
1 0.16666666666666666
1 0.25
0 0.42857142857142855
1 0.0
0 0.25
0 0.25
0 1.0
0 0.0
0 0.16666666666666666
1 0.0
0 0.5
0 0.6
0 0.5
0 0.0
0 0.0
0 0.14285714285714285
1 0.2727272727272727
1 0.5
1 0.14285714285714285
0 0.0
1 0.0
0 0.0
1 0.0
0 0.0
0 0.0
0 0.0
1 0.0
1 0.0
1 0.0
1 0.5
0 0.0
0 0.0
1 0.0
0 0.0
1 0.0
1 0.0
0 0.0
1 0.42857142857142855
0 0.6
1 0.42857142857142855
0 0.3333333333333333
1 0.4
0 0.14285714285714285
1 0.0
0 0.0
1 0.25
0 0.4
0 0.0
0 0.0
1 0.6
1 0.5
1 0.6
0 0.4166666666666667
0 0.16666666666666666
1 0.0
1 0.0
1 0.36363636363636365
1 0.4
1 0.2
1 0.5
1 0.16666666666666666
1 0.5
0 0.5
0 0.0
0 0.3333333333333333
0 0.3333333333333333
0 0.0
0 0.0
1 0.3333333333333333
0 0.0
0 0.3333333333333333
1 0.0
0 0.0
0 0.4
0 0.5
0 0.25
0 0.0
1 0.0
0 0.16666666666666666
0 0.0
0 0.0
0 0.5
0 0.3333333333333333
0 0.0
1 0.5
0 0.0
0 0.3333333333333333
0 0.5
1 0.0
1 0.5
1 0.0
0 0.5
0 0.0
0 0.4
1 0.3333333333333333
0 0.0
0 0.5
1 0.25
1 0.0
0 0.0
1 0.0
1 0.5
0 0.0
0 0.0
1 0.0
1 0.0
0 0.5
0 0.5
0 0.25
0 0.6666666666666666
1 0.0
1 0.0
1 0.35294117647058826
0 0.6666666666666666
0 0.0
0 0.3333333333333333
1 0.0
1 0.47058823529411764
0 0.35
1 0.4
0 0.4090909090909091
1 0.0
0 0.2727272727272727
0 0.4
0 0.0
1 0.0
1 0.0
1 0.5
1 0.4
0 0.0
0 0.5
1 0.4
0 0.3
0 0.0
1 0.6666666666666666
1 0.3333333333333333
1 0.0
0 0.42857142857142855
1 0.0
1 0.0
1 0.0
1 0.1111111111111111
0 0.16666666666666666
0 0.0
1 0.5
1 0.4
1 0.0
1 0.0
0 0.25
0 0.0
0 0.0
1 0.0
0 0.4
1 0.0
0 0.0
1 0.3333333333333333
0 0.16666666666666666
0 0.0
1 0.25
1 0.5454545454545454
1 0.0
1 0.5
1 0.5833333333333334
0 0.5217391304347826
0 0.0
0 0.0
0 0.3333333333333333
0 0.2857142857142857
1 0.0
1 0.0
1 0.0
1 0.0
1 0.0
0 0.5
0 0.6666666666666666
0 0.0
1 0.0
0 0.0
1 0.0
0 1.0
1 1.0
1 0.0
0 0.0
1 0.0
1 0.0
0 0.0
1 1.0
0 0.3333333333333333
0 1.0
1 0.0
0 0.0
1 0.16666666666666666
0 0.0
1 0.0
0 1.0
0 0.4772727272727273
0 0.5
1 1.0
1 0.0
0 0.0
1 0.0
0 0.5
1 0.5
1 0.0
1 0.0
0 0.0
1 0.5
1 0.0
0 0.0
0 0.0
1 0.5
1 0.3333333333333333
0 0.2222222222222222
1 1.0
1 1.0
1 0.16666666666666666
1 0.3125
1 0.0
0 0.42857142857142855
0 0.0
0 0.0
1 0.0
1 0.0
0 0.5
1 0.16666666666666666
1 0.5
0 1.0
0 1.0
0 1.0
0 0.5
1 0.0
0 0.5
1 1.0
0 1.0
0 1.0
0 1.0
1 1.0
1 1.0
0 1.0
0 0.5
0 1.0
0 0.6666666666666666
0 1.0
0 1.0
0 0.4
1 1.0
1 1.0
1 0.8
0 0.42857142857142855
1 1.0
1 0.6666666666666666
1 1.0
1 0.5
1 1.0
0 1.0
1 1.0
1 1.0
0 1.0
0 1.0
0 1.0
1 1.0
1 0.5
1 1.0
1 0.5
0 1.0
0 1.0
1 0.5
0 1.0
0 0.8
0 1.0
0 0.6666666666666666
0 0.6666666666666666
1 1.0
0 1.0
1 1.0
1 1.0
0 1.0
0 1.0
1 0.5
0 0.7142857142857143
1 0.5
0 0.6666666666666666
1 1.0
1 1.0
0 0.8
1 0.5
0 1.0
0 0.5
1 1.0
1 0.5
0 1.0
1 0.6
1 0.6666666666666666
0 0.5
0 0.6
1 1.0
1 1.0
1 0.5454545454545454
1 0.5
1 1.0
0 1.0
0 0.6666666666666666
1 1.0
0 0.6666666666666666
0 1.0
0 1.0
1 0.5294117647058824
1 1.0
0 1.0
0 1.0
0 0.5
0 0.6
1 1.0
0 0.75
0 1.0
1 0.6666666666666666
1 1.0
0 1.0
0 1.0
1 1.0
0 0.75
0 1.0
0 1.0
0 0.6
0 0.5
1 1.0
0 0.2
1 0.08333333333333333
0 0.2
0 0.09090909090909091
0 0.2222222222222222
1 0.2222222222222222
1 0.25
0 0.6
1 0.7142857142857143
0 0.5
1 0.3333333333333333
1 1.0
1 1.0
1 1.0
0 1.0
1 0.0
1 1.0
1 1.0
1 1.0
0 1.0
1 1.0
0 0.0
0 0.5
0 0.4838709677419355
1 1.0
0 1.0
0 1.0
1 1.0
1 0.3333333333333333
1 0.8571428571428571
0 1.0
1 1.0
0 0.5
0 1.0
1 0.5
1 1.0
0 0.8
1 0.6666666666666666
0 1.0
0 1.0
1 1.0
1 1.0
1 0.45454545454545453
0 0.8
0 0.0
1 0.42857142857142855
1 0.0
1 0.0
0 0.5
1 0.41935483870967744
0 0.4
0 0.41935483870967744
1 0.4117647058823529
1 0.4117647058823529
1 0.4117647058823529
1 0.3939393939393939
1 0.4117647058823529
0 0.3939393939393939
0 0.38235294117647056
1 0.0
0 0.0
0 1.0
0 0.5
0 0.0
1 0.0
0 0.0
1 0.0
1 0.0
0 0.0
1 0.0
0 0.0
1 0.0
0 0.0
0 0.0
0 0.0
0 0.0
0 0.0
1 0.0
1 0.3333333333333333
1 0.0
0 0.0
1 0.0
1 0.0
1 0.0
1 0.75
0 0.0
0 0.25
1 0.0
0 0.0
1 0.0
0 0.0
0 0.3333333333333333
0 0.0
1 0.5
0 0.42857142857142855
1 0.5
0 0.5
1 0.0
1 0.0
1 0.0
0 0.75
1 0.6666666666666666
0 0.0
1 0.0
1 0.75
0 0.0
1 0.3333333333333333
1 0.0
1 0.0
0 0.5
1 0.0
0 0.5
0 0.5
1 0.625
0 0.5
0 0.42857142857142855
0 0.4
1 0.0
1 0.0
1 0.0
0 0.0
0 0.6666666666666666
1 0.5
1 0.375
0 0.5
1 0.0
1 0.25
1 0.0
1 0.7
0 0.4
1 0.3333333333333333
0 0.6
0 0.5
1 0.0
1 0.0
1 0.0
0 0.5
0 0.5
1 0.3333333333333333
1 0.3333333333333333
1 0.0
1 0.0
1 0.0
0 0.0
1 0.0
0 0.0
1 0.0
0 0.0
1 0.14285714285714285
0 0.25
0 0.16666666666666666
1 0.5
0 0.25
0 0.0
1 0.3333333333333333
0 0.3333333333333333
0 0.5
1 0.0
0 0.0
1 0.3333333333333333
1 0.0
1 0.0
1 0.0
1 0.0
0 0.0
1 0.0
1 0.0
0 0.5
1 0.5
1 1.0
1 0.6666666666666666
0 0.5
0 0.5
0 0.0
1 0.0
0 0.0
1 0.6666666666666666
1 0.3333333333333333
1 0.0
1 0.6666666666666666
0 0.3333333333333333
0 0.0
0 0.5
1 0.5
1 0.3333333333333333
0 0.5
1 0.5
1 0.5
1 0.0
0 0.625
1 0.5
0 0.0
0 0.0
1 0.14285714285714285
0 0.5
0 0.2
1 0.0
0 0.0
0 0.6666666666666666
1 0.0
0 0.6666666666666666
1 0.5
0 0.0
0 0.0
0 0.0
1 0.0
1 1.0
0 1.0
0 1.0
0 1.0
1 1.0
1 0.2777777777777778
1 1.0
1 1.0
1 1.0
1 0.0
0 0.0
0 0.0
1 0.0
0 0.3333333333333333
1 0.0
1 0.0
1 0.5555555555555556
0 0.0
1 0.8333333333333334
0 0.75
1 0.5
1 0.5
0 0.4
1 1.0
0 0.5
0 0.625
0 0.4
1 0.0
1 0.5
1 0.0
0 0.0
0 0.0
0 0.5
0 0.0
1 0.0
1 0.6666666666666666
1 0.0
0 0.0
1 0.6
0 0.3333333333333333
0 0.5
0 0.0
0 0.5
1 0.6666666666666666
0 0.0
0 0.3333333333333333
0 0.6666666666666666
0 0.0
1 0.0
1 0.16666666666666666
0 0.0
0 0.0
0 0.0
1 0.25
0 0.0
1 0.36363636363636365
1 0.0
1 0.16666666666666666
0 0.3333333333333333
0 0.0
0 0.0
0 0.42857142857142855
0 0.5
1 0.25
1 0.25
0 0.5
1 0.0
1 0.0
1 0.0
1 0.0
1 0.0
1 0.0
0 0.0
0 0.0
0 0.375
1 0.3333333333333333
0 0.4
0 0.0
0 0.625
0 0.5454545454545454
1 0.5
1 0.5
1 0.5
1 0.5
0 0.625
1 0.0
1 0.5
1 0.6666666666666666
1 0.0
0 0.0
0 0.0
1 0.0
1 0.0
1 0.0
0 0.0
1 0.0
1 0.0
0 0.0
1 0.0
1 0.0
0 0.0
0 0.0
1 0.0
1 0.0
1 0.0
0 0.0
1 0.0
1 0.0
0 0.0
1 0.0
0 0.0
0 0.0
1 0.0
0 0.0
0 0.0
0 0.0
1 0.0
1 0.0
0 0.0
1 0.0
1 0.25
1 0.0
0 0.0
1 0.5
0 0.0
0 0.0
0 0.0
0 0.0
1 0.0
1 0.0
1 0.0
1 0.0
1 0.4444444444444444
1 0.4
0 0.3333333333333333
1 0.4
0 0.75
0 0.0
1 0.0
1 0.0
0 0.0
0 0.0
1 0.0
0 0.0
1 0.0
1 0.0
0 0.0
0 0.0
0 0.0
1 0.0
1 0.0
1 0.0
1 0.0
1 0.0
0 0.0
1 0.0
0 0.0
1 0.0
0 0.0
1 0.0
1 0.0
1 0.0
1 0.0
0 0.0
0 0.0
1 0.0
1 0.0
0 0.0
1 0.0
0 0.0
0 0.0
0 0.0
0 0.0
1 0.0
0 0.3333333333333333
0 0.0
0 0.0
0 0.0
1 0.0
0 0.0
1 0.0
1 0.0
0 0.0
0 0.0
0 0.0
1 0.0
0 0.0
1 0.0
1 0.0
0 0.0
0 0.0
0 0.0
0 0.0
0 0.0
1 0.0
1 0.0
0 0.0
1 0.0
1 0.0
1 0.0
1 0.0
1 0.0
0 0.0
1 0.0
1 0.0
0 0.5555555555555556
0 0.0
1 0.0
0 0.0
1 0.0
1 0.0
1 0.3333333333333333
0 0.0
0 0.5
1 0.5
1 0.0
1 0.5
0 0.5
0 0.6666666666666666
1 1.0
1 1.0
1 1.0
1 0.25
1 0.0
0 0.5
1 0.0
0 0.2
0 1.0
1 1.0
0 0.2222222222222222
1 0.0
1 0.0
1 0.0
1 0.5
1 0.0
0 0.0
0 0.0
0 0.0
0 0.0
0 0.0
1 0.0
1 1.0
1 1.0
1 0.45454545454545453
1 0.5714285714285714
1 0.0
1 0.0
0 1.0
1 1.0
1 0.3333333333333333
0 0.25
0 0.0
1 0.6
1 0.3333333333333333
1 0.0
1 1.0
1 1.0
0 0.25
0 0.0
0 0.0
0 1.0
0 1.0
0 1.0
1 0.3333333333333333
0 0.0
1 0.5
0 0.0
1 0.0
0 0.0
0 0.0
0 0.0
0 0.5
0 0.3333333333333333
0 0.5
1 0.6666666666666666
1 1.0
1 1.0
1 1.0
1 1.0
1 1.0
1 0.75
1 0.75
1 0.75
0 0.6666666666666666
0 0.75
0 0.75
1 1.0
0 0.5
1 1.0
0 1.0
0 1.0
0 1.0
1 1.0
0 0.25
0 1.0
0 1.0
0 1.0
1 0.7
1 1.0
1 1.0
0 1.0
1 1.0
0 1.0
1 1.0
1 1.0
1 1.0
1 0.5
1 1.0
0 1.0
0 1.0
0 1.0
0 1.0
1 0.6666666666666666
0 1.0
1 0.6666666666666666
1 0.5
0 0.5
1 0.5
1 1.0
1 0.75
0 1.0
0 0.5
1 1.0
1 1.0
1 0.0
0 0.0
0 0.0
1 0.75
1 0.0
1 0.0
1 0.0
0 0.0
0 0.0
0 0.0
1 0.0
0 0.3333333333333333
1 0.5
1 0.0
0 0.5
0 0.4
0 0.0
1 0.0
1 0.0
0 0.5
0 0.3333333333333333
1 0.75
1 0.0
0 0.4
1 0.0
0 0.5
1 0.0
0 0.0
1 0.3333333333333333
1 0.0
0 0.4
0 0.3333333333333333
0 0.7142857142857143
1 0.0
1 0.0
1 0.42857142857142855
1 0.3333333333333333
1 0.4
0 0.0
1 0.0
0 0.0
1 0.0
0 0.5
0 0.0
0 0.0
0 1.0
0 0.6666666666666666
1 0.5
0 0.6666666666666666
0 0.3333333333333333
0 0.75
0 0.5
0 0.5
0 0.5
1 0.0
0 0.0
1 0.6666666666666666
0 0.6
0 1.0
1 0.5
1 1.0
1 1.0
1 0.6666666666666666
0 1.0
1 1.0
0 1.0
1 0.42857142857142855
0 0.6
0 0.4
1 0.4444444444444444
1 1.0
1 0.2
1 1.0
0 0.0
1 1.0
0 0.0
0 0.0
0 0.3333333333333333
0 0.0
0 0.3333333333333333
0 0.0
0 0.0
1 0.4
0 1.0
0 0.5
0 0.6
0 1.0
1 1.0
1 1.0
0 1.0
1 1.0
1 1.0
0 1.0
0 1.0
1 1.0
0 0.6666666666666666
0 0.5
1 0.6666666666666666
1 1.0
0 0.7142857142857143
1 0.5
0 0.0
1 0.6666666666666666
1 0.0
0 0.5
1 0.3333333333333333
1 0.5
1 0.25
0 0.6666666666666666
1 0.3333333333333333
1 0.0
1 0.0
1 0.5
1 0.5
1 0.3333333333333333
0 0.0
0 0.3333333333333333
0 0.0
1 1.0
0 0.0
1 0.3333333333333333
0 0.0
1 0.0
1 0.5
0 0.3333333333333333
0 0.0
1 0.3333333333333333
0 0.5
0 0.0
1 0.6666666666666666
1 0.2
0 0.5
1 0.0
1 0.4
1 0.5
0 0.5
1 0.0
0 0.3333333333333333
1 0.6666666666666666
0 0.0
1 1.0
1 1.0
1 1.0
0 0.6666666666666666
1 1.0
0 0.75
1 0.75
0 0.5
1 0.6666666666666666
1 1.0
0 0.6666666666666666
0 0.3333333333333333
0 0.6666666666666666
0 0.5
0 0.75
1 0.5
0 0.3333333333333333
1 0.6153846153846154
1 1.0
1 0.8
0 0.0
0 0.0
0 0.5
1 0.3333333333333333
0 0.0
0 0.3333333333333333
1 0.4
1 0.0
0 0.0
1 0.0
0 0.5
1 0.0
1 0.0
1 0.0
0 0.0
0 0.6
0 0.5
0 0.75
1 0.3333333333333333
1 0.5882352941176471
0 0.4166666666666667
0 0.4
0 0.5714285714285714
0 0.3333333333333333
1 0.5
1 0.0
1 0.0
0 0.0
0 0.0
1 0.0
1 0.5
1 0.0
1 0.0
0 0.0
1 0.0
1 0.0
1 0.0
1 0.0
0 0.5
1 0.5
1 0.0
1 0.5
0 0.25
1 0.5
1 0.4
0 0.3333333333333333
1 0.5
1 0.5
0 0.0
0 0.4
0 0.5
1 0.0
0 0.0
1 0.5
0 1.0
0 1.0
1 1.0
0 1.0
0 0.5
1 0.625
0 1.0
1 1.0
0 1.0
0 1.0
0 0.5454545454545454
0 1.0
1 1.0
0 1.0
1 0.5
1 0.6666666666666666
0 1.0
0 1.0
1 0.3333333333333333
0 0.6666666666666666
1 0.6
1 0.6666666666666666
1 0.7142857142857143
1 1.0
1 1.0
1 0.3333333333333333
1 1.0
1 1.0
1 1.0
1 1.0
1 1.0
0 1.0
0 1.0
0 1.0
0 1.0
1 1.0
0 0.5
1 1.0
1 0.5
0 1.0
0 1.0
0 1.0
1 1.0
1 1.0
0 1.0
0 1.0
0 1.0
1 0.5
1 0.5
1 1.0
1 1.0
1 1.0
1 1.0
1 1.0
1 0.5
0 1.0
0 1.0
0 1.0
1 0.6666666666666666
1 1.0
0 0.3333333333333333
0 1.0
1 0.6666666666666666
0 1.0
0 1.0
0 1.0
1 0.3333333333333333
1 1.0
1 0.6666666666666666
1 0.3333333333333333
1 1.0
0 1.0
1 1.0
0 0.5
0 1.0
1 0.5
0 1.0
1 0.5
1 1.0
0 0.5
1 0.5
1 1.0
1 1.0
0 1.0
0 1.0
1 1.0
0 0.5
0 0.5
1 1.0
0 1.0
1 0.6
0 1.0
0 1.0
1 1.0
0 1.0
1 1.0
1 0.6666666666666666
1 0.5
0 1.0
1 0.6666666666666666
1 1.0
0 1.0
1 1.0
0 0.5714285714285714
1 1.0
0 0.5
1 0.75
1 1.0
0 1.0
0 1.0
0 1.0
1 0.5
0 0.3333333333333333
1 1.0
1 0.6666666666666666
0 1.0
1 1.0
1 1.0
0 1.0
1 1.0
1 0.6666666666666666
1 0.5
0 0.25
1 1.0
0 1.0
0 1.0
0 1.0
0 1.0
1 1.0
0 1.0
0 0.5
1 1.0
0 0.6666666666666666
0 1.0
0 1.0
0 1.0
1 0.0
0 0.0
1 0.4
1 0.3333333333333333
0 1.0
1 1.0
1 0.0
0 0.0
1 0.3333333333333333
1 0.7142857142857143
1 0.0
1 0.0
1 0.0
1 0.0
1 0.6666666666666666
1 1.0
0 1.0
0 1.0
0 0.0
1 0.0
1 0.0
0 0.0
0 0.0
1 0.0
1 0.0
1 0.0
0 0.0
0 0.0
1 0.0
0 1.0
1 0.5
1 0.0
1 0.3333333333333333
0 1.0
1 1.0
1 0.5
1 0.0
0 0.0
1 0.0
0 0.5
1 0.0
0 1.0
0 1.0
0 1.0
0 1.0
0 1.0
0 1.0
0 1.0
0 1.0
1 0.0
1 0.0
0 0.0
1 0.0
1 0.5
1 0.6363636363636364
0 0.0
1 0.0
1 1.0
1 0.75
1 0.3333333333333333
0 0.4
1 0.0
1 1.0
0 0.5
1 1.0
0 1.0
1 1.0
0 0.6666666666666666
1 1.0
1 1.0
0 1.0
1 1.0
0 1.0
0 1.0
0 0.6666666666666666
0 1.0
1 0.75
1 1.0
0 0.0
0 0.0
0 0.0
1 0.0
0 0.0
1 0.5
0 0.0
0 0.5
1 0.25
1 0.0
0 0.2
0 0.0
1 0.0
1 0.0
1 0.6666666666666666
0 0.0
0 0.0
1 0.3333333333333333
1 0.0
1 0.5
0 0.0
1 0.0
1 0.0
1 0.0
0 0.0
1 0.0
1 0.0
0 0.0
0 0.5
0 0.0
1 0.0
1 0.0
0 0.0
1 0.5
1 0.0
0 0.0
1 0.0
1 0.5
0 0.0
1 0.0
0 0.0
0 0.0
1 0.5
0 0.0
1 0.375
1 1.0
1 1.0
0 1.0
1 1.0
1 1.0
0 1.0
1 1.0
0 1.0
0 1.0
1 1.0
0 0.6666666666666666
1 1.0
0 1.0
1 1.0
1 0.3333333333333333
1 1.0
0 1.0
1 0.8
0 1.0
0 1.0
1 1.0
1 0.5
0 0.6666666666666666
1 0.6666666666666666
0 0.8333333333333334
0 1.0
1 1.0
1 1.0
1 1.0
0 0.6
1 0.42857142857142855
0 0.0
0 0.0
0 1.0
1 1.0
1 0.0
0 0.0
1 0.5
0 0.5
0 0.3333333333333333
0 1.0
1 1.0
0 1.0
1 0.4444444444444444
0 0.0
0 0.0
1 0.0
1 0.0
1 0.0
0 0.0
1 0.0
1 0.0
1 0.0
1 0.0
0 0.0
1 0.0
0 0.0
1 0.0
0 0.0
0 0.0
1 0.0
0 0.0
0 0.0
0 0.0
0 0.5
0 0.0
0 0.0
1 0.0
0 0.0
0 0.0
1 0.0
1 0.0
1 0.0
0 0.0
1 0.5
0 0.25
1 0.0
0 0.0
0 0.0
0 0.0
1 0.0
1 0.0
0 0.14285714285714285
0 0.0
0 0.5
0 0.25
0 0.0
0 0.0
1 0.0
1 0.0
1 0.0
0 0.0
0 0.0
1 0.0
1 0.0
0 0.5
1 0.0
1 0.0
0 0.0
0 0.0
0 0.25
0 0.5
1 0.0
0 0.5
0 0.3333333333333333
0 0.0
1 0.0
0 0.0
1 0.0
1 0.25
1 0.3333333333333333
0 0.0
0 0.0
1 0.5
1 0.0
1 0.0
1 0.0
1 0.0
1 0.0
1 0.0
1 0.0
1 0.0
0 0.0
1 0.3333333333333333
1 0.0
0 0.0
0 0.3333333333333333
0 0.0
1 0.0
0 0.0
1 0.0
0 0.0
1 0.0
0 0.0
0 0.0
1 0.0
0 0.6666666666666666
0 0.5
0 1.0
1 0.0
0 0.0
1 0.0
0 1.0
1 0.0
1 0.0
0 0.0
1 0.0
0 0.0
1 0.0
0 0.0
0 0.0
1 0.0
1 1.0
1 1.0
0 1.0
1 1.0
1 0.5
1 1.0
0 0.5
0 0.8
0 0.46153846153846156
1 0.5
0 1.0
1 1.0
1 0.0
0 0.5
1 0.25
0 0.0
0 1.0
0 1.0
1 0.0
1 0.0
1 0.0
1 0.0
1 0.2857142857142857
1 0.0
0 1.0
1 0.0
1 0.0
1 0.5
1 0.0
0 0.21428571428571427
1 0.5
0 1.0
0 1.0
1 0.0
0 1.0
1 1.0
0 0.5
0 0.3333333333333333
1 1.0
1 1.0
1 1.0
0 0.8
0 0.0
1 0.2727272727272727
0 0.0
0 0.0
0 0.0
0 0.0
0 0.3333333333333333
0 0.0
0 0.0
1 0.5
0 0.0
1 0.25
1 0.0
0 0.0
1 0.0
1 0.0
0 0.0
1 0.0
1 0.0
0 0.0
0 0.0
1 0.2
1 1.0
0 0.5714285714285714
0 1.0
1 1.0
0 0.4
1 0.2
0 0.3333333333333333
1 0.7142857142857143
1 1.0
0 1.0
0 0.5
1 1.0
0 0.7142857142857143
1 0.0
1 0.3333333333333333
1 0.5
1 1.0
1 0.5
0 0.6666666666666666
0 1.0
1 1.0
0 1.0
0 0.3333333333333333
1 0.2
1 0.6
0 1.0
0 0.75
0 1.0
0 0.5
1 1.0
1 1.0
1 0.0
1 0.6
0 1.0
1 0.3333333333333333
0 0.3333333333333333
0 1.0
0 0.5
1 1.0
1 1.0
1 1.0
0 0.2857142857142857
1 1.0
0 1.0
0 1.0
0 1.0
0 1.0
1 1.0
1 0.5
0 0.5
0 1.0
0 0.0
1 1.0
1 0.0
0 0.0
1 0.0
1 0.0
1 0.75
0 0.5
0 0.0
0 0.0
0 0.5
1 0.0
1 0.4
0 0.2
1 0.0
1 0.0
0 0.0
0 0.0
0 0.6666666666666666
1 1.0
1 1.0
1 1.0
1 1.0
0 0.6666666666666666
1 1.0
1 1.0
0 1.0
1 1.0
1 1.0
0 1.0
0 1.0
1 0.5
1 0.0
1 0.0
0 0.0
0 0.0
1 0.0
1 0.3333333333333333
0 0.5
0 1.0
1 0.5
1 0.0
1 0.0
1 0.5
0 0.0
1 0.6666666666666666
0 0.0
1 0.0
1 0.0
1 0.0
0 0.0
1 0.0
1 0.0
0 0.0
1 0.0
0 0.0
1 0.42857142857142855
1 0.6666666666666666
1 1.0
1 1.0
1 1.0
0 1.0
0 1.0
1 1.0
0 0.3333333333333333
0 0.4
1 0.5
1 1.0
1 1.0
1 1.0
0 1.0
0 0.6666666666666666
1 0.0
0 0.0
0 0.0
1 1.0
0 1.0
1 1.0
1 0.0
0 0.0
0 0.0
0 0.0
1 0.0
1 0.0
0 0.0
1 0.0
1 0.0
0 0.0
1 0.0
1 0.0
0 0.5
0 0.0
0 0.0
0 0.5
0 0.0
0 0.5
0 0.0
0 0.3333333333333333
1 0.0
1 0.0
1 1.0
0 1.0
0 0.0
0 1.0
0 0.0
1 0.42857142857142855
0 0.0
0 0.0
0 0.6666666666666666
1 0.6666666666666666
1 1.0
1 1.0
1 0.5
0 1.0
1 0.5
1 1.0
0 0.0
0 0.0
0 0.5
1 0.0
1 0.25
0 0.5
0 0.5
0 0.0
1 0.0
1 0.0
0 0.0
1 0.0
1 0.0
1 0.0
1 0.0
1 0.0
1 0.0
0 0.0
0 1.0
0 1.0
0 1.0
0 0.3333333333333333
0 1.0
0 1.0
1 0.0
1 1.0
1 0.5
1 1.0
1 1.0
1 1.0
0 0.3333333333333333
1 1.0
1 1.0
0 1.0
1 1.0
0 0.0
0 0.25
0 0.0
0 0.0
1 0.0
1 0.0
1 0.0
0 0.0
0 0.5
1 0.5
0 0.4
1 0.6666666666666666
1 0.5
0 0.0
0 0.0
1 0.5
0 1.0
1 0.5
0 1.0
1 1.0
0 1.0
0 0.0
1 0.0
1 0.0
0 1.0
1 0.0
0 1.0
1 1.0
1 1.0
1 1.0
1 1.0
0 1.0
0 1.0
0 0.4
0 0.25
1 0.25
1 0.25
0 0.0
1 0.0
0 0.0
0 1.0
0 1.0
1 0.375
1 0.0
0 0.0
0 1.0
1 1.0
0 1.0
0 1.0
1 1.0
0 1.0
0 1.0
1 1.0
1 1.0
1 1.0
0 1.0
0 1.0
0 1.0
0 1.0
1 0.6666666666666666
0 1.0
1 1.0
0 1.0
1 1.0
0 1.0
0 1.0
0 0.5
0 0.75
1 0.5714285714285714
0 0.5
1 0.5
1 1.0
1 1.0
1 1.0
1 0.0
1 1.0
0 1.0
0 1.0
1 0.0
0 0.5
0 0.0
1 0.0
1 0.0
1 0.0
1 1.0
0 1.0
0 0.0
1 1.0
1 1.0
0 0.0
0 0.0
1 0.0
1 0.0
1 0.0
0 0.3333333333333333
1 0.0
1 0.0
1 0.0
0 0.5
1 0.0
0 0.0
0 0.0
0 0.0
0 0.0
1 0.0
0 0.0
0 0.0
1 0.0
0 0.0
1 0.0
1 0.0
1 0.0
1 0.0
1 1.0
0 0.6666666666666666
1 1.0
1 0.0
1 0.0
0 0.0
0 0.2222222222222222
1 0.0
0 0.4
0 0.0
0 0.0
1 0.0
1 0.0
1 0.3333333333333333
1 0.0
1 0.0
0 0.3333333333333333
1 0.0
0 0.0
1 0.0
0 0.0
0 0.0
0 0.0
1 0.0
0 0.0
0 0.0
0 0.0
0 0.0
1 0.2
0 0.0
0 0.0
0 0.0
0 0.5
1 0.0
1 0.0
1 0.5
1 0.3333333333333333
0 0.0
0 0.0
0 0.0
0 0.0
1 0.0
1 0.0
1 0.0
1 0.6666666666666666
0 0.6666666666666666
0 1.0
1 1.0
1 0.42857142857142855
0 0.5
0 0.6666666666666666
0 0.3333333333333333
0 1.0
0 0.3333333333333333
1 1.0
0 1.0
0 0.4
1 0.0
0 0.0
1 0.0
0 0.0
0 0.0
0 0.0
1 0.0
0 0.5
1 0.0
1 0.5
0 0.0
0 0.0
1 0.0
1 0.0
0 0.6666666666666666
1 0.0
1 0.0
1 0.6
0 0.3333333333333333
0 0.5
0 1.0
0 0.6666666666666666
1 1.0
1 1.0
0 0.0
1 0.0
0 0.0
0 0.0
0 1.0
1 1.0
1 0.5
1 1.0
0 1.0
1 0.6666666666666666
1 0.2
1 0.5
1 0.0
1 1.0
1 0.3333333333333333
0 0.4
0 1.0
1 1.0
1 0.5
0 0.6666666666666666
0 0.5
0 1.0
1 1.0
0 1.0
0 1.0
1 1.0
0 0.0
0 0.0
1 0.5
1 0.5
1 0.0
1 1.0
0 0.0
1 0.0
0 0.0
0 0.0
1 0.0
1 0.0
0 0.0
0 0.0
0 0.3684210526315789
0 0.0
0 0.25
0 1.0
0 0.5
0 1.0
1 0.0
0 0.0
0 0.0
0 0.0
1 0.0
0 1.0
1 0.75
0 1.0
1 1.0
1 1.0
0 1.0
1 1.0
1 0.5
1 0.0
1 0.4
0 0.0
1 0.0
0 1.0
1 1.0
0 1.0
1 0.0
0 0.0
1 0.5
1 0.0
0 1.0
1 0.0
1 0.0
1 0.5
1 0.0
1 0.0
0 0.0
0 0.0
0 0.0
1 0.3333333333333333
1 1.0
1 1.0
1 1.0
0 0.0
1 0.3333333333333333
0 0.0
0 0.3333333333333333
0 0.0
1 0.75
0 0.0
1 0.0
1 0.0
1 0.0
1 0.0
0 0.0
1 0.0
0 0.0
1 0.0
0 0.0
1 0.0
0 1.0
1 1.0
1 1.0
1 0.0
0 0.0
1 0.0
1 0.0
1 0.0
0 0.0
0 0.0
1 0.5
1 1.0
0 0.0
1 1.0
1 1.0
1 1.0
1 1.0
0 1.0
0 1.0
0 1.0
0 0.0
0 1.0
0 1.0
0 1.0
0 1.0
0 1.0
1 1.0
0 1.0
1 1.0
1 0.0
0 0.0
1 0.0
1 0.0
1 1.0
0 1.0
0 1.0
0 1.0
0 0.5
1 0.8571428571428571
1 0.0
0 1.0
1 1.0
0 1.0
0 1.0
0 1.0
1 1.0
0 0.0
1 0.0
1 0.0
1 1.0
1 0.5
0 0.0
0 0.0
0 0.0
1 0.0
1 0.0
0 0.0
0 0.0
0 0.0
0 0.0
0 0.0
1 0.0
1 0.0
1 0.0
0 0.0
0 0.0
1 0.0
0 0.0
0 0.0
1 0.3333333333333333
0 1.0
1 1.0
0 1.0
0 1.0
0 1.0
0 0.0
1 1.0
1 1.0
0 1.0
1 0.5
0 1.0
0 0.0
1 0.5
0 0.0
0 0.0
1 0.5
0 0.0
0 0.0
0 0.0
0 0.0
1 0.0
1 0.0
0 0.0
1 0.5
1 0.0
1 0.0
0 1.0
0 0.0
1 0.0
0 0.0
0 0.0
1 1.0
0 0.0
0 1.0
0 1.0
1 0.5
0 1.0
1 1.0
1 1.0
1 0.0
1 0.75
0 0.0
0 0.0
1 0.5
1 1.0
1 1.0
0 1.0
1 1.0
0 0.3333333333333333
1 0.6666666666666666
1 0.0
0 0.0
1 0.0
0 0.0
0 0.0
1 0.0
1 0.0
0 0.0
1 0.0
1 0.0
1 1.0
0 0.0
0 0.0
0 0.0
0 1.0
0 0.0
1 0.0
1 0.0
0 0.0
0 0.0
0 0.0
1 1.0
1 0.5
1 0.0
0 0.5
0 0.3333333333333333
1 0.0
0 0.5
1 0.5
0 1.0
0 1.0
0 0.6666666666666666
1 0.0
0 1.0
1 0.0
1 1.0
0 1.0
1 0.0
1 0.0
0 1.0
1 1.0
1 1.0
1 1.0
0 1.0
1 1.0
1 1.0
1 1.0
1 1.0
1 1.0
1 0.0
0 0.0
0 0.0
1 1.0
0 0.0
1 0.0
0 0.0
0 1.0
1 0.0
0 0.0
0 1.0
0 0.0
0 0.3333333333333333
1 1.0
0 1.0
1 1.0
1 1.0
1 1.0
0 1.0
0 1.0
0 1.0
0 1.0
0 1.0
0 1.0
0 1.0
0 1.0
1 0.0
1 0.0
1 1.0
1 1.0
1 0.0
1 0.5
0 0.0
1 0.0
0 0.0
1 1.0
0 1.0
0 1.0
0 1.0
1 1.0
1 1.0
1 1.0
1 1.0
1 1.0
1 1.0
1 1.0
1 0.0
1 1.0
1 1.0
0 0.0
0 0.0
0 0.5
1 1.0
0 1.0
0 0.0
1 1.0
1 0.0
0 0.0
0 0.0
0 0.0
1 0.0
0 1.0
0 1.0
1 0.0
1 0.0
0 0.0
1 1.0
0 1.0
1 0.0
0 1.0
