ATE real, ATE estimado
0.4982431482782853, 0.49975742804972156
0.4961349262122277, 0.506560902749658
0.5034434293745608, 0.4524348875764962
0.498805340829234, 0.48663562255040527
0.5065354884047787, 0.4869240348692403
0.49571328179901614, 0.5274431006425292
0.498805340829234, 0.4763845701319439
0.5021784961349263, 0.49008320026893015
0.5031623330990864, 0.506560902749658
0.49009135628952916, 0.48539029253795196
0.4986647926914968, 0.5025365003934632
0.4913562895291637, 0.4701579200696774
0.4847505270555165, 0.510296892787018
0.49191848208011246, 0.5342465753424658
0.5075193253689388, 0.5149898005179963
0.49571328179901614, 0.5149898005179963
0.4948699929725931, 0.5155666251556663
0.5021784961349263, 0.4966899433871449
0.502740688685875, 0.5330012453300125
0.5045678144764582, 0.5028249127122982
0.49697821503865075, 0.4891262825753119
0.4948699929725931, 0.5274431006425292
0.4971187631763879, 0.526774595267746
0.4972593113141251, 0.510296892787018
0.49697821503865075, 0.4881693648816936
0.5055516514406184, 0.4941076026251251
0.5010541110330288, 0.48261122019421043
0.498805340829234, 0.4931506849315068
0.49697821503865075, 0.46517660001986416
0.5104708362614195, 0.514321295143213
0.4927617709065355, 0.4667103423511525
0.48615600843288825, 0.4788752301568505
0.49950808151791987, 0.522750192911551
0.49262122276879833, 0.5040702427247515
0.5006324666198173, 0.5040702427247515
0.49697821503865075, 0.5003342526873916
0.5055516514406184, 0.49688667496886674
0.506816584680253, 0.5330012453300125
0.4905130007027407, 0.47360549778820227
0.5014757554462403, 0.5292652552926526
0.4997891777933942, 0.5003342526873916
0.5004919184820801, 0.5118306351183064
0.5049894588896697, 0.5118306351183064
0.49852424455375965, 0.4916169426002185
0.4948699929725931, 0.47820672478206727
0.5059732958538299, 0.522750192911551
0.4999297259311314, 0.49564134495641343
0.4948699929725931, 0.4527232998953312
0.5087842586085735, 0.5000458403685566
0.5139845397048489, 0.5155666251556663
0.5002108222066057, 0.497843592662485
0.49964862965565704, 0.45799303226397936
0.5004919184820801, 0.49688667496886674
0.502037947997189, 0.5205479452054795
0.5010541110330288, 0.5292652552926526
0.503583977512298, 0.506560902749658
0.5086437104708362, 0.472936992413419
0.493183415319747, 0.5080946450809465
0.49515108924806744, 0.49564134495641343
0.49458889669711875, 0.5242839352428393
0.4888264230498946, 0.4869240348692403
0.5051300070274068, 0.47791831246323224
0.49599437807449054, 0.5037818304059165
0.49416725228390723, 0.48261122019421043
0.500351370344343, 0.4950645203187434
0.5042867182009838, 0.4963098503311967
0.49571328179901614, 0.4881693648816936
0.5097680955727336, 0.4965982626500317
0.5009135628952917, 0.4823228078753753
0.4986647926914968, 0.48510188021911693
0.4874209416725228, 0.5040702427247515
0.49107519325368937, 0.4844333748443338
0.503583977512298, 0.49813200498132004
0.4962754743499649, 0.5180572851805729
0.5113141250878426, 0.510296892787018
0.5056921995783555, 0.5105853051058531
0.4929023190442727, 0.4919053549190535
0.49360505973295854, 0.4891262825753119
0.4978215038650738, 0.4844333748443338
0.4968376669009136, 0.5093399750933998
0.5018973998594518, 0.47571606475716066
0.4966971187631764, 0.526774595267746
0.4952916373858046, 0.5193026151930262
0.4997891777933942, 0.5025365003934632
0.4909346451159522, 0.5199711205678094
0.502037947997189, 0.49755518034365
0.49515108924806744, 0.4894146948941469
0.49655657062543923, 0.47571606475716066
0.5014757554462403, 0.47322540473225405
0.49023190442726633, 0.4894146948941469
0.492340126493324, 0.49381919030629007
0.5111735769501055, 0.5205479452054795
0.49599437807449054, 0.5118306351183064
0.4971187631763879, 0.5080946450809465
0.4976809557273366, 0.4906600249066002
0.492340126493324, 0.49564134495641343
0.5072382290934645, 0.4965982626500317
0.4905130007027407, 0.4467850621518997
0.4927617709065355, 0.5025365003934632
0.5089248067463106, 0.506560902749658
0.4992269852424455, 0.48414496252549877
0.4966971187631764, 0.47322540473225405
0.506816584680253, 0.5242839352428393
0.49402670414617006, 0.4988005103561033
0.48728039353478564, 0.45550237223907286
0.5004919184820801, 0.49381919030629007
0.49585382993675337, 0.4819427148194272
0.4929023190442727, 0.5308906783610541
0.5004919184820801, 0.5053155727372048
0.5038650737877723, 0.5180572851805729
0.49346451159522137, 0.4891262825753119
0.4829234012649332, 0.4657534246575342
0.4972593113141251, 0.5115422227994713
0.4983836964160225, 0.48165430250059216
0.49515108924806744, 0.4919970356561667
0.4992269852424455, 0.49008320026893015
0.5054111033028812, 0.5190142028741911
0.5065354884047787, 0.5006226650062267
0.4962754743499649, 0.4916169426002185
0.5006324666198173, 0.47820672478206727
0.4976809557273366, 0.5199711205678094
0.4877020379479972, 0.4570361145703612
0.5024595924104006, 0.5090515627745646
0.5051300070274068, 0.5255292652552926
0.49248067463106115, 0.49564134495641343
0.5085031623330991, 0.522750192911551
0.4914968376669009, 0.48165430250059216
0.4916373858046381, 0.47791831246323224
0.5137034434293746, 0.522750192911551
0.4972593113141251, 0.5034934180870814
0.4972593113141251, 0.49564134495641343
0.5023190442726634, 0.49937733499377335
0.4947294448348559, 0.4965982626500317
0.4944483485593816, 0.47791831246323224
0.49908643710470835, 0.4891262825753119
0.4966971187631764, 0.4629743523137926
0.4878425860857344, 0.5249524406176226
0.501194659170766, 0.48261122019421043
0.5014757554462403, 0.523038605230386
0.49950808151791987, 0.514321295143213
0.5009135628952917, 0.4894146948941469
0.49501054111033027, 0.497843592662485
0.5096275474349965, 0.5118306351183064
0.4869992972593113, 0.4819427148194272
0.4978215038650738, 0.5040702427247515
0.5010541110330288, 0.5056039850560399
0.5018973998594518, 0.510008480468183
0.49599437807449054, 0.49688667496886674
0.49360505973295854, 0.5053155727372048
0.5017568517217147, 0.472936992413419
0.5037245256500351, 0.5003342526873916
0.5114546732255798, 0.5068493150684932
0.4948699929725931, 0.5006226650062267
0.5002108222066057, 0.5078062327621113
0.5049894588896697, 0.5199711205678094
0.5026001405481377, 0.5277315129613642
0.4858749121574139, 0.5140328828243779
0.5033028812368237, 0.4692010023760591
0.5033028812368237, 0.5006226650062267
0.5006324666198173, 0.50186799501868
0.49458889669711875, 0.4869240348692403
0.4952916373858046, 0.4928622726126718
0.5047083626141954, 0.5012911703810099
0.5045678144764582, 0.5050271604183698
0.48952916373858046, 0.5043586550435866
0.5026001405481377, 0.535491905354919
0.4986647926914968, 0.5056039850560399
0.5023190442726634, 0.49813200498132004
0.4993675333801827, 0.4931506849315068
0.4874209416725228, 0.472936992413419
0.4976809557273366, 0.48289963251304546
0.5016163035839775, 0.4943960149439601
0.4972593113141251, 0.5056039850560399
0.4882642304989459, 0.4963098503311967
0.49908643710470835, 0.48050065322525193
0.4961349262122277, 0.4679556723636058
0.49810260014054814, 0.5028249127122982
0.4947294448348559, 0.5000458403685566
0.4898102600140548, 0.48788095256285857
0.48910751932536894, 0.4903716125877652
0.5070976809557274, 0.4941076026251251
0.49585382993675337, 0.4941076026251251
0.5000702740688686, 0.5152782128368312
0.506816584680253, 0.4953529326375784
0.504427266338721, 0.4931506849315068
0.5037245256500351, 0.47667298245077894
0.5047083626141954, 0.4928622726126718
0.4982431482782853, 0.5040702427247515
0.5030217849613493, 0.510008480468183
0.4892480674631061, 0.4810774778629221
0.4962754743499649, 0.5040702427247515
0.49458889669711875, 0.4990889226749383
0.49304286718200985, 0.50186799501868
0.5014757554462403, 0.5255292652552926
0.4989458889669712, 0.5078062327621113
0.5042867182009838, 0.49688667496886674
0.49641602248770206, 0.4965982626500317
0.5017568517217147, 0.49937733499377335
0.49023190442726633, 0.4738939101070373
0.5010541110330288, 0.4965982626500317
0.48966971187631764, 0.5149898005179963
0.49501054111033027, 0.48414496252549877
0.49964862965565704, 0.5006226650062267
0.49458889669711875, 0.49104011796254843
0.4961349262122277, 0.4897947879500951
0.5006324666198173, 0.48539029253795196
0.501194659170766, 0.5115422227994713
0.49852424455375965, 0.4941076026251251
0.5023190442726634, 0.5006226650062267
0.5078004216444132, 0.522750192911551
0.5028812368236121, 0.510296892787018
0.5093464511595222, 0.5255292652552926
0.5052705551651441, 0.47696139476961397
0.5090653548840478, 0.5105853051058531
0.49852424455375965, 0.49755518034365
0.4976809557273366, 0.47198007471980075
0.5038650737877723, 0.5031133250311333
0.49557273366127896, 0.5031133250311333
0.4971187631763879, 0.5031133250311333
0.5031623330990864, 0.5155666251556663
0.4933239634574842, 0.5043586550435866
0.49023190442726633, 0.4831880448318805
0.4982431482782853, 0.49688667496886674
0.4916373858046381, 0.5105853051058531
0.502037947997189, 0.547656793160617
0.4916373858046381, 0.5053155727372048
0.501194659170766, 0.4881693648816936
0.4983836964160225, 0.48539029253795196
0.5023190442726634, 0.5012911703810099
0.4914968376669009, 0.47791831246323224
0.4976809557273366, 0.5053155727372048
0.5013352073085031, 0.5068493150684932
0.49571328179901614, 0.47696139476961397
0.5049894588896697, 0.5277315129613642
0.49571328179901614, 0.5177688728617378
0.49796205200281096, 0.4667103423511525
0.48404778636683066, 0.48759254024402354
0.48418833450456783, 0.4831880448318805
0.4986647926914968, 0.46948941469489414
0.5083626141953619, 0.5115422227994713
0.4937456078706957, 0.4586615376387626
0.4909346451159522, 0.48759254024402354
0.49416725228390723, 0.5105853051058531
0.5017568517217147, 0.522750192911551
0.5004919184820801, 0.5040702427247515
0.49950808151791987, 0.49477610799990834
0.49964862965565704, 0.5140328828243779
0.4989458889669712, 0.48663562255040527
0.510049191848208, 0.547945205479452
0.4898102600140548, 0.5124991404930896
0.49852424455375965, 0.49813200498132004
0.4966971187631764, 0.48136589018175713
0.48952916373858046, 0.48040897248813885
0.4997891777933942, 0.4856787048567871
0.4992269852424455, 0.5130759651307597
0.498805340829234, 0.4919053549190535
0.49655657062543923, 0.48539029253795196
0.504427266338721, 0.5168119551681196
0.5054111033028812, 0.5237071106051693
0.4968376669009136, 0.48165430250059216
0.5021784961349263, 0.4838565502066636
0.49810260014054814, 0.5053155727372048
0.49739985945186227, 0.4844333748443338
0.49641602248770206, 0.5215048628990977
0.4983836964160225, 0.50186799501868
0.5049894588896697, 0.5152782128368312
0.49697821503865075, 0.526774595267746
0.49416725228390723, 0.5127875528119246
0.5152494729444835, 0.5289768429738175
0.5051300070274068, 0.535203493036084
0.500351370344343, 0.4869240348692403
0.5033028812368237, 0.5242839352428393
0.4961349262122277, 0.48539029253795196
0.49248067463106115, 0.5130759651307597
0.5037245256500351, 0.5165235428492845
0.49964862965565704, 0.4941076026251251
0.49908643710470835, 0.48165430250059216
0.5004919184820801, 0.5053155727372048
0.4976809557273366, 0.497843592662485
0.506816584680253, 0.5237071106051693
0.49557273366127896, 0.47791831246323224
0.4966971187631764, 0.48510188021911693
0.4933239634574842, 0.49132853028138346
0.490794096978215, 0.4806973848069739
0.4888264230498946, 0.47820672478206727
0.49599437807449054, 0.47571606475716066
0.5004919184820801, 0.447741979845518
0.514125087842586, 0.5339581630236307
0.490794096978215, 0.5205479452054795
0.49810260014054814, 0.5028249127122982
0.49515108924806744, 0.47198007471980075
0.5028812368236121, 0.5000458403685566
0.4966971187631764, 0.514321295143213
0.5034434293745608, 0.5212164505802627
0.4972593113141251, 0.4916169426002185
0.5101897399859452, 0.5339581630236307
0.4947294448348559, 0.48788095256285857
0.49121574139142654, 0.4806973848069739
0.4913562895291637, 0.5261977706300759
0.5086437104708362, 0.5075178204432764
0.4962754743499649, 0.49937733499377335
0.4971187631763879, 0.4990889226749383
0.5072382290934645, 0.5031133250311333
0.5009135628952917, 0.48040897248813885
0.4952916373858046, 0.4990889226749383
0.4927617709065355, 0.497843592662485
0.4954321855235418, 0.48040897248813885
0.493183415319747, 0.48788095256285857
0.5066760365425158, 0.5040702427247515
0.4993675333801827, 0.5105853051058531
0.49416725228390723, 0.5242839352428393
0.49641602248770206, 0.5031133250311333
0.5033028812368237, 0.5031133250311333
0.4989458889669712, 0.4941076026251251
0.48966971187631764, 0.5031133250311333
0.48418833450456783, 0.48663562255040527
0.49599437807449054, 0.47571606475716066
0.4976809557273366, 0.4916169426002185
0.5104708362614195, 0.5115422227994713
0.49304286718200985, 0.4801205601693038
0.5062543921293042, 0.5093399750933998
0.49515108924806744, 0.47073474470734744
0.4825017568517217, 0.48289963251304546
0.4916373858046381, 0.4741823224258723
0.489950808151792, 0.4869240348692403
0.49739985945186227, 0.47073474470734744
0.49796205200281096, 0.5149898005179963
0.4921995783555868, 0.4869240348692403
0.49810260014054814, 0.5264861829489109
0.5054111033028812, 0.523038605230386
0.5052705551651441, 0.5152782128368312
0.5041461700632467, 0.5031133250311333
0.5042867182009838, 0.5342465753424658
0.4954321855235418, 0.47705307550672715
0.4978215038650738, 0.5043586550435866
0.500351370344343, 0.46824408468244083
0.4916373858046381, 0.4751392401194906
0.4944483485593816, 0.5040702427247515
0.5059732958538299, 0.50186799501868
0.49655657062543923, 0.4620174346201743
0.4947294448348559, 0.49813200498132004
0.502037947997189, 0.5190142028741911
0.5066760365425158, 0.4990889226749383
0.5066760365425158, 0.513744470505543
0.4982431482782853, 0.4801205601693038
0.5080815179198875, 0.4965982626500317
0.5094869992972593, 0.49564134495641343
0.4914968376669009, 0.5015795826998449
0.49360505973295854, 0.5056039850560399
0.49557273366127896, 0.48663562255040527
0.5051300070274068, 0.4916169426002185
0.49458889669711875, 0.4632627646326276
0.49641602248770206, 0.5149898005179963
0.48966971187631764, 0.49937733499377335
0.4929023190442727, 0.5212164505802627
0.49655657062543923, 0.48759254024402354
0.5021784961349263, 0.5379825653798256
0.5051300070274068, 0.4990889226749383
0.5034434293745608, 0.510296892787018
0.49501054111033027, 0.4741823224258723
0.4971187631763879, 0.472936992413419
0.4989458889669712, 0.5193026151930262
0.49964862965565704, 0.506560902749658
0.5014757554462403, 0.5090515627745646
0.4993675333801827, 0.5187257905553561
0.5066760365425158, 0.5062724904308231
0.5048489107519325, 0.472648580094584
0.5037245256500351, 0.47916364247568555
0.48812368236120873, 0.49564134495641343
0.4983836964160225, 0.4835681378878286
0.5073787772312017, 0.49564134495641343
0.49346451159522137, 0.48414496252549877
0.4989458889669712, 0.4903716125877652
0.49416725228390723, 0.4988005103561033
0.49599437807449054, 0.4582814445828145
0.5038650737877723, 0.506560902749658
0.49964862965565704, 0.5010027580621749
0.4865776528460998, 0.4928622726126718
0.5034434293745608, 0.4844333748443338
0.5016163035839775, 0.5090515627745646
0.5007730147575544, 0.4776299001443972
0.49950808151791987, 0.5152782128368312
0.5062543921293042, 0.5053155727372048
0.4868587491215741, 0.4806973848069739
0.503583977512298, 0.5037818304059165
0.49416725228390723, 0.5165235428492845
0.5042867182009838, 0.5031133250311333
0.49515108924806744, 0.5031133250311333
0.49065354884047785, 0.4881693648816936
0.5055516514406184, 0.4844333748443338
0.4909346451159522, 0.5040702427247515
0.501194659170766, 0.47916364247568555
0.5080815179198875, 0.5015795826998449
0.49908643710470835, 0.4906600249066002
0.4982431482782853, 0.4943960149439601
0.502740688685875, 0.5330012453300125
0.5049894588896697, 0.5031133250311333
0.5092059030217849, 0.5043586550435866
0.5037245256500351, 0.5119223158554196
0.5054111033028812, 0.49257386029383676
0.4913562895291637, 0.4953529326375784
0.4982431482782853, 0.47667298245077894
0.49262122276879833, 0.47447073474470736
0.5037245256500351, 0.4928622726126718
0.4884047786366831, 0.47447073474470736
0.4954321855235418, 0.523038605230386
0.51243851018974, 0.4928622726126718
0.4947294448348559, 0.5056039850560399
0.5055516514406184, 0.49813200498132004
0.4948699929725931, 0.5015795826998449
0.4986647926914968, 0.4620174346201743
0.5094869992972593, 0.5199711205678094
0.49950808151791987, 0.4906600249066002
0.49641602248770206, 0.5252408529364576
0.49964862965565704, 0.4891262825753119
0.4917779339423753, 0.49381919030629007
0.49964862965565704, 0.5015795826998449
0.5049894588896697, 0.535203493036084
0.49599437807449054, 0.45588246529502097
0.4848910751932537, 0.4794520547945206
0.5052705551651441, 0.5302221729862708
0.4997891777933942, 0.514321295143213
0.498805340829234, 0.47791831246323224
0.49009135628952916, 0.49726676802481495
0.4909346451159522, 0.4906600249066002
0.4997891777933942, 0.5177688728617378
0.49585382993675337, 0.4928622726126718
0.501194659170766, 0.5087631504557297
0.49009135628952916, 0.4657534246575342
0.5034434293745608, 0.5043586550435866
0.5049894588896697, 0.4794520547945206
0.5085031623330991, 0.5053155727372048
0.5000702740688686, 0.4881693648816936
0.5021784961349263, 0.5305105853051059
0.501194659170766, 0.5105853051058531
0.4947294448348559, 0.49937733499377335
0.4989458889669712, 0.4931506849315068
0.5021784961349263, 0.5155666251556663
0.4913562895291637, 0.4741823224258723
0.5079409697821504, 0.5193026151930262
0.4860154602951511, 0.4452513198206114
0.5017568517217147, 0.5090515627745646
0.4862965565706254, 0.4819427148194272
0.4972593113141251, 0.4798321478504688
0.5004919184820801, 0.5037818304059165
0.49416725228390723, 0.4741823224258723
0.492340126493324, 0.5404732254047322
0.4921995783555868, 0.5056039850560399
0.506816584680253, 0.5068493150684932
0.48559381588193956, 0.48759254024402354
0.49205903021784964, 0.4657534246575342
0.5065354884047787, 0.5015795826998449
0.4968376669009136, 0.5168119551681196
0.5002108222066057, 0.49937733499377335
0.4909346451159522, 0.49937733499377335
0.5052705551651441, 0.49564134495641343
0.5120168657765285, 0.4844333748443338
0.4982431482782853, 0.4848134679002819
0.4937456078706957, 0.46642193003231747
0.5002108222066057, 0.472936992413419
0.49458889669711875, 0.5006226650062267
0.5002108222066057, 0.5193026151930262
0.4833450456781448, 0.4704463323885124
0.4944483485593816, 0.4953529326375784
0.49402670414617006, 0.48663562255040527
0.5007730147575544, 0.49755518034365
0.4978215038650738, 0.4906600249066002
0.49416725228390723, 0.4891262825753119
0.489950808151792, 0.5006226650062267
0.49908643710470835, 0.5003342526873916
0.5048489107519325, 0.5140328828243779
0.5052705551651441, 0.47916364247568555
0.5058327477160928, 0.5015795826998449
0.4978215038650738, 0.4953529326375784
0.5040056219255095, 0.47791831246323224
0.4917779339423753, 0.4891262825753119
0.49655657062543923, 0.4950645203187434
0.4961349262122277, 0.5034934180870814
0.4971187631763879, 0.48883787025647685
0.49501054111033027, 0.47322540473225405
0.49191848208011246, 0.48165430250059216
0.4972593113141251, 0.5078062327621113
0.49908643710470835, 0.49813200498132004
0.4968376669009136, 0.5043586550435866
0.4971187631763879, 0.4953529326375784
0.4909346451159522, 0.4990889226749383
0.5094869992972593, 0.5090515627745646
0.5131412508784259, 0.5062724904308231
0.4948699929725931, 0.4990889226749383
0.5007730147575544, 0.5056039850560399
0.5085031623330991, 0.514321295143213
0.5028812368236121, 0.5015795826998449
0.5000702740688686, 0.5127875528119246
0.5013352073085031, 0.48539029253795196
0.5017568517217147, 0.514321295143213
0.4976809557273366, 0.5053155727372048
0.5010541110330288, 0.4965982626500317
0.4944483485593816, 0.5043586550435866
0.49739985945186227, 0.48414496252549877
0.5099086437104708, 0.510296892787018
0.5017568517217147, 0.5037818304059165
0.49964862965565704, 0.49688667496886674
0.5075193253689388, 0.4856787048567871
0.49739985945186227, 0.4916169426002185
0.5087842586085735, 0.5202595328866444
0.503583977512298, 0.4794520547945206
0.5010541110330288, 0.49813200498132004
0.4962754743499649, 0.4533001245330013
0.5061138439915671, 0.4801205601693038
0.5056921995783555, 0.5056039850560399
0.5007730147575544, 0.49813200498132004
0.5038650737877723, 0.4894146948941469
0.49655657062543923, 0.510296892787018
0.49571328179901614, 0.5056039850560399
0.4961349262122277, 0.4831880448318805
0.4954321855235418, 0.5015795826998449
0.5047083626141954, 0.5140328828243779
0.49416725228390723, 0.510296892787018
0.49107519325368937, 0.5031133250311333
0.4976809557273366, 0.5025365003934632
0.49655657062543923, 0.4894146948941469
0.49304286718200985, 0.45674770225152617
0.5034434293745608, 0.5068493150684932
0.5072382290934645, 0.510296892787018
0.5056921995783555, 0.48663562255040527
0.5040056219255095, 0.5115422227994713
0.48952916373858046, 0.4502326398704246
0.4968376669009136, 0.4941076026251251
0.49585382993675337, 0.49851209803726826
0.4961349262122277, 0.47542765243832563
0.5079409697821504, 0.5193026151930262
0.5014757554462403, 0.4844333748443338
0.4962754743499649, 0.4990889226749383
0.498805340829234, 0.4716916624009657
0.501194659170766, 0.4953529326375784
0.4982431482782853, 0.5000458403685566
0.49964862965565704, 0.514321295143213
0.500351370344343, 0.510008480468183
0.4937456078706957, 0.49755518034365
0.4976809557273366, 0.4990889226749383
0.4972593113141251, 0.5130759651307597
0.49796205200281096, 0.5296453483486008
0.4997891777933942, 0.4943960149439601
0.493183415319747, 0.45923836227643267
0.49557273366127896, 0.5062724904308231
0.503583977512298, 0.5187257905553561
0.4976809557273366, 0.5015795826998449
0.4937456078706957, 0.48040897248813885
0.49641602248770206, 0.49564134495641343
0.5048489107519325, 0.5031133250311333
0.4893886156008433, 0.4657534246575342
0.49402670414617006, 0.4692010023760591
0.5065354884047787, 0.4906600249066002
0.5059732958538299, 0.5149898005179963
0.5028812368236121, 0.4881693648816936
0.5023190442726634, 0.5087631504557297
0.49585382993675337, 0.4763845701319439
0.49810260014054814, 0.4838565502066636
0.4913562895291637, 0.5075178204432764
0.49655657062543923, 0.49688667496886674
0.5034434293745608, 0.49688667496886674
0.4954321855235418, 0.5217932752179327
0.5058327477160928, 0.5093399750933998
0.4983836964160225, 0.4950645203187434
0.5092059030217849, 0.497843592662485
0.4971187631763879, 0.4881693648816936
0.5056921995783555, 0.4838565502066636
0.4937456078706957, 0.47322540473225405
0.49796205200281096, 0.49008320026893015
0.5002108222066057, 0.48136589018175713
0.500351370344343, 0.4965982626500317
0.4972593113141251, 0.48040897248813885
0.49515108924806744, 0.5180572851805729
0.49009135628952916, 0.4654650123386992
0.5096275474349965, 0.5022480880746282
0.4937456078706957, 0.4620174346201743
0.5062543921293042, 0.5056039850560399
0.503583977512298, 0.5105853051058531
0.5058327477160928, 0.5118306351183064
0.5031623330990864, 0.49008320026893015
0.5034434293745608, 0.5043586550435866
0.5040056219255095, 0.4835681378878286
0.5093464511595222, 0.4916169426002185
0.5048489107519325, 0.50186799501868
0.5051300070274068, 0.5109653981618012
0.5052705551651441, 0.49937733499377335
0.49585382993675337, 0.49602143801236165
0.4999297259311314, 0.46948941469489414
0.49697821503865075, 0.45894994995759764
0.4983836964160225, 0.5053155727372048
0.4944483485593816, 0.4801205601693038
0.5030217849613493, 0.5031133250311333
0.48728039353478564, 0.5105853051058531
0.49501054111033027, 0.47322540473225405
0.5007730147575544, 0.5068493150684932
0.49964862965565704, 0.5255292652552926
0.5007730147575544, 0.4965982626500317
0.4971187631763879, 0.4953529326375784
0.4948699929725931, 0.5127875528119246
0.48756148981026004, 0.4831880448318805
0.49796205200281096, 0.5093399750933998
0.5009135628952917, 0.4916169426002185
0.502740688685875, 0.522750192911551
0.49248067463106115, 0.5062724904308231
0.5000702740688686, 0.4919053549190535
0.4909346451159522, 0.5080946450809465
0.4868587491215741, 0.4844333748443338
0.4993675333801827, 0.5003342526873916
0.5048489107519325, 0.472936992413419
0.48011243851018975, 0.4595267745952677
0.5006324666198173, 0.5242839352428393
0.489950808151792, 0.5028249127122982
0.4978215038650738, 0.514321295143213
0.5086437104708362, 0.5090515627745646
0.5085031623330991, 0.49008320026893015
0.4903724525650035, 0.4869240348692403
0.48812368236120873, 0.472936992413419
0.4898102600140548, 0.4632627646326276
0.4986647926914968, 0.5155666251556663
0.5061138439915671, 0.4891262825753119
0.4799718903724526, 0.4916169426002185
0.49416725228390723, 0.5140328828243779
0.4978215038650738, 0.5015795826998449
0.5024595924104006, 0.5093399750933998
0.5086437104708362, 0.5386510707546088
0.4971187631763879, 0.5075178204432764
0.4954321855235418, 0.48788095256285857
0.5009135628952917, 0.5000458403685566
0.4978215038650738, 0.48788095256285857
0.49205903021784964, 0.4988005103561033
0.5002108222066057, 0.5242839352428393
0.500351370344343, 0.47198007471980075
0.49739985945186227, 0.5177688728617378
0.5034434293745608, 0.5217932752179327
0.49810260014054814, 0.5031133250311333
0.49107519325368937, 0.5080946450809465
0.5128601546029515, 0.5152782128368312
0.49458889669711875, 0.5127875528119246
0.4962754743499649, 0.4965982626500317
0.502740688685875, 0.49564134495641343
0.5048489107519325, 0.5056039850560399
0.49458889669711875, 0.47916364247568555
0.4943078004216444, 0.47447073474470736
0.4954321855235418, 0.5152782128368312
0.49697821503865075, 0.514321295143213
0.4993675333801827, 0.5159467182116144
0.5063949402670415, 0.4785868178380155
0.501194659170766, 0.4943960149439601
0.5042867182009838, 0.4894146948941469
0.49262122276879833, 0.49937733499377335
0.48966971187631764, 0.47073474470734744
0.49950808151791987, 0.5093399750933998
0.49950808151791987, 0.5118306351183064
0.4944483485593816, 0.4990889226749383
0.4917779339423753, 0.4623975276761225
0.5018973998594518, 0.5056039850560399
0.5018973998594518, 0.5028249127122982
0.49908643710470835, 0.47447073474470736
0.49515108924806744, 0.48289963251304546
0.4992269852424455, 0.5180572851805729
0.506816584680253, 0.4763845701319439
0.49557273366127896, 0.5068493150684932
0.5040056219255095, 0.5124991404930896
0.502740688685875, 0.4654650123386992
0.5065354884047787, 0.48788095256285857
0.49599437807449054, 0.506560902749658
0.4961349262122277, 0.4965982626500317
0.5016163035839775, 0.5130759651307597
0.5017568517217147, 0.49381919030629007
0.498805340829234, 0.48414496252549877
0.5101897399859452, 0.5202595328866444
0.48812368236120873, 0.5028249127122982
0.5014757554462403, 0.5080946450809465
0.49599437807449054, 0.497843592662485
0.5004919184820801, 0.5168119551681196
0.4847505270555165, 0.5006226650062267
0.4971187631763879, 0.5062724904308231
0.4954321855235418, 0.4838565502066636
0.48615600843288825, 0.4963098503311967
0.5000702740688686, 0.4965982626500317
0.5026001405481377, 0.47696139476961397
0.5078004216444132, 0.5202595328866444
0.4972593113141251, 0.4856787048567871
0.5006324666198173, 0.538939483073444
0.49852424455375965, 0.4906600249066002
0.4952916373858046, 0.49937733499377335
0.49950808151791987, 0.5127875528119246
0.49655657062543923, 0.5080946450809465
0.4999297259311314, 0.48136589018175713
0.5108924806746311, 0.4943960149439601
0.49416725228390723, 0.4916169426002185
0.49697821503865075, 0.4953529326375784
0.4905130007027407, 0.5115422227994713
0.5033028812368237, 0.49008320026893015
0.5061138439915671, 0.50186799501868
0.4933239634574842, 0.5040702427247515
0.48671820098383695, 0.4891262825753119
0.4978215038650738, 0.5006226650062267
0.5056921995783555, 0.5439208031232572
0.5038650737877723, 0.4692010023760591
0.49852424455375965, 0.497843592662485
0.5006324666198173, 0.46986950775084235
0.5018973998594518, 0.48539029253795196
0.5017568517217147, 0.4831880448318805
0.5080815179198875, 0.514321295143213
0.4884047786366831, 0.5037818304059165
0.501194659170766, 0.49257386029383676
0.5010541110330288, 0.4903716125877652
0.4954321855235418, 0.47696139476961397
0.5010541110330288, 0.510296892787018
0.4983836964160225, 0.5124991404930896
0.5010541110330288, 0.48289963251304546
0.4978215038650738, 0.48414496252549877
0.4929023190442727, 0.48289963251304546
0.5024595924104006, 0.5043586550435866
0.5066760365425158, 0.5404732254047322
0.49515108924806744, 0.48663562255040527
0.5063949402670415, 0.4988005103561033
0.5017568517217147, 0.4950645203187434
0.4972593113141251, 0.50186799501868
0.49599437807449054, 0.5090515627745646
0.5013352073085031, 0.5105853051058531
0.5061138439915671, 0.5068493150684932
0.5009135628952917, 0.5031133250311333
0.4874209416725228, 0.4941076026251251
0.5037245256500351, 0.4819427148194272
0.5002108222066057, 0.5302221729862708
0.4962754743499649, 0.4943960149439601
0.4976809557273366, 0.513744470505543
0.49796205200281096, 0.4679556723636058
0.5004919184820801, 0.5261977706300759
0.49810260014054814, 0.5174804605429029
0.5017568517217147, 0.47820672478206727
0.4913562895291637, 0.48539029253795196
0.4839072382290935, 0.47791831246323224
0.49262122276879833, 0.4891262825753119
0.5120168657765285, 0.4856787048567871
0.5052705551651441, 0.5190142028741911
0.49964862965565704, 0.4919053549190535
0.5000702740688686, 0.49937733499377335
0.48713984539704847, 0.4570361145703612
0.5007730147575544, 0.5217932752179327
0.5018973998594518, 0.5274431006425292
0.4962754743499649, 0.5155666251556663
0.49458889669711875, 0.4894146948941469
0.510049191848208, 0.5118306351183064
0.5062543921293042, 0.4916169426002185
0.5002108222066057, 0.48414496252549877
0.5092059030217849, 0.4657534246575342
0.4862965565706254, 0.50186799501868
0.4898102600140548, 0.4794520547945206
0.5026001405481377, 0.506560902749658
0.5048489107519325, 0.4903716125877652
0.501194659170766, 0.5093399750933998
0.504427266338721, 0.506560902749658
0.4968376669009136, 0.4894146948941469
0.49107519325368937, 0.4869240348692403
0.49557273366127896, 0.48663562255040527
0.501194659170766, 0.46948941469489414
0.5004919184820801, 0.510296892787018
0.49950808151791987, 0.523038605230386
0.4997891777933942, 0.50186799501868
0.49262122276879833, 0.4903716125877652
0.5131412508784259, 0.5118306351183064
0.49191848208011246, 0.4928622726126718
0.4905130007027407, 0.4943960149439601
0.5080815179198875, 0.4916169426002185
0.4962754743499649, 0.4701579200696774
0.5013352073085031, 0.4806973848069739
0.5010541110330288, 0.506560902749658
0.5004919184820801, 0.5205479452054795
0.4992269852424455, 0.5336697507047956
0.5000702740688686, 0.5056039850560399
0.48615600843288825, 0.47820672478206727
0.49262122276879833, 0.4965982626500317
0.4986647926914968, 0.48759254024402354
0.502037947997189, 0.5292652552926526
0.48966971187631764, 0.48883787025647685
0.49585382993675337, 0.4881693648816936
0.500351370344343, 0.49755518034365
0.4962754743499649, 0.47791831246323224
0.48896697118763177, 0.4645080946450809
0.5066760365425158, 0.4943960149439601
0.501194659170766, 0.5056039850560399
0.5079409697821504, 0.5504358655043586
0.5037245256500351, 0.4891262825753119
0.4989458889669712, 0.48663562255040527
0.5024595924104006, 0.46824408468244083
0.4972593113141251, 0.4903716125877652
0.4976809557273366, 0.5118306351183064
0.49248067463106115, 0.48634721023157024
0.502037947997189, 0.506560902749658
0.49585382993675337, 0.4950645203187434
0.5078004216444132, 0.4953529326375784
0.49557273366127896, 0.5062724904308231
0.5028812368236121, 0.4835681378878286
0.5010541110330288, 0.5140328828243779
0.4997891777933942, 0.5314675029987241
0.5016163035839775, 0.4941076026251251
0.49585382993675337, 0.5075178204432764
0.4986647926914968, 0.44707347447073476
0.49908643710470835, 0.4963098503311967
0.5009135628952917, 0.4953529326375784
0.5034434293745608, 0.472936992413419
0.4909346451159522, 0.49937733499377335
0.4961349262122277, 0.49813200498132004
0.4971187631763879, 0.5155666251556663
0.5031623330990864, 0.4919053549190535
0.4948699929725931, 0.4903716125877652
0.4898102600140548, 0.4950645203187434
0.4898102600140548, 0.48165430250059216
0.4962754743499649, 0.46948941469489414
0.49585382993675337, 0.5249524406176226
0.5037245256500351, 0.4704463323885124
0.5000702740688686, 0.4860587979127352
0.5087842586085735, 0.5080946450809465
0.4972593113141251, 0.4869240348692403
0.49599437807449054, 0.4990889226749383
0.5018973998594518, 0.4965982626500317
0.49360505973295854, 0.48289963251304546
0.5089248067463106, 0.4916169426002185
0.49107519325368937, 0.4943960149439601
0.4917779339423753, 0.4806973848069739
0.4933239634574842, 0.5078062327621113
0.5055516514406184, 0.5127875528119246
0.4943078004216444, 0.4919053549190535
0.49754040758959944, 0.4704463323885124
0.49810260014054814, 0.47820672478206727
0.4884047786366831, 0.4856787048567871
0.49501054111033027, 0.4763845701319439
0.49852424455375965, 0.5255292652552926
0.4976809557273366, 0.48539029253795196
0.49852424455375965, 0.4891262825753119
0.4972593113141251, 0.5199711205678094
0.5013352073085031, 0.4928622726126718
0.4992269852424455, 0.5127875528119246
0.506816584680253, 0.5115422227994713
0.5051300070274068, 0.50186799501868
0.49964862965565704, 0.49688667496886674
0.5030217849613493, 0.47571606475716066
0.4944483485593816, 0.48663562255040527
0.5016163035839775, 0.5152782128368312
0.49739985945186227, 0.5155666251556663
0.4929023190442727, 0.4755193331754388
0.49107519325368937, 0.4617290223013393
0.5058327477160928, 0.5237071106051693
0.49950808151791987, 0.48788095256285857
0.5070976809557274, 0.5093399750933998
0.49599437807449054, 0.4831880448318805
0.5031623330990864, 0.4642196823262459
0.5061138439915671, 0.5180572851805729
0.500351370344343, 0.510008480468183
0.503583977512298, 0.48788095256285857
0.500351370344343, 0.5242839352428393
0.5096275474349965, 0.5155666251556663
0.49655657062543923, 0.4943960149439601
0.48713984539704847, 0.5031133250311333
0.490794096978215, 0.4943960149439601
0.4986647926914968, 0.5056039850560399
0.49458889669711875, 0.5028249127122982
0.5054111033028812, 0.5193942959301393
0.49810260014054814, 0.5040702427247515
0.49754040758959944, 0.49937733499377335
0.4993675333801827, 0.4869240348692403
0.4968376669009136, 0.47696139476961397
0.4933239634574842, 0.5190142028741911
0.49950808151791987, 0.49008320026893015
0.4986647926914968, 0.5330012453300125
0.5061138439915671, 0.5209280382614276
0.5055516514406184, 0.4903716125877652
0.5017568517217147, 0.497843592662485
0.5031623330990864, 0.526774595267746
0.49810260014054814, 0.5105853051058531
0.5075193253689388, 0.5080946450809465
0.5073787772312017, 0.4645080946450809
0.49964862965565704, 0.48788095256285857
0.4954321855235418, 0.4953529326375784
0.5058327477160928, 0.5255292652552926
0.5097680955727336, 0.5205479452054795
0.5009135628952917, 0.5140328828243779
0.5009135628952917, 0.48883787025647685
0.4966971187631764, 0.5097200681493479
0.5118763176387913, 0.5015795826998449
0.5072382290934645, 0.49937733499377335
0.49810260014054814, 0.46268593999495755
0.4914968376669009, 0.5025365003934632
0.5041461700632467, 0.4856787048567871
0.5041461700632467, 0.5249524406176226
0.49585382993675337, 0.48788095256285857
0.4961349262122277, 0.5264861829489109
0.4968376669009136, 0.4988005103561033
0.5030217849613493, 0.4788752301568505
0.492340126493324, 0.4806973848069739
0.5028812368236121, 0.5152782128368312
0.49697821503865075, 0.5031133250311333
0.4989458889669712, 0.5193026151930262
0.503583977512298, 0.4931506849315068
0.4921995783555868, 0.48414496252549877
0.5038650737877723, 0.5015795826998449
0.49571328179901614, 0.48414496252549877
0.4854532677442024, 0.4536802175889495
0.49304286718200985, 0.47447073474470736
0.49852424455375965, 0.5015795826998449
0.4972593113141251, 0.4704463323885124
0.49346451159522137, 0.472936992413419
0.4944483485593816, 0.49813200498132004
0.4986647926914968, 0.5105853051058531
0.4943078004216444, 0.5087631504557297
0.502740688685875, 0.5080946450809465
0.49557273366127896, 0.4856787048567871
0.5002108222066057, 0.5130759651307597
0.49697821503865075, 0.44707347447073476
0.502037947997189, 0.48759254024402354
0.4962754743499649, 0.5093399750933998
0.4954321855235418, 0.49564134495641343
0.5103302881236823, 0.5078062327621113
0.49754040758959944, 0.48788095256285857
0.5061138439915671, 0.5364488230485374
0.5028812368236121, 0.526774595267746
0.4999297259311314, 0.5379825653798256
0.5010541110330288, 0.49564134495641343
0.5063949402670415, 0.5028249127122982
0.49402670414617006, 0.497843592662485
0.49754040758959944, 0.48414496252549877
0.4978215038650738, 0.5078062327621113
0.48966971187631764, 0.4806973848069739
0.49557273366127896, 0.5168119551681196
0.4989458889669712, 0.5379825653798256
0.49796205200281096, 0.4963098503311967
0.4937456078706957, 0.47198007471980075
0.49515108924806744, 0.5168119551681196
0.5139845397048489, 0.5078062327621113
0.5004919184820801, 0.50186799501868
0.4999297259311314, 0.513744470505543
0.49599437807449054, 0.5031133250311333
0.4983836964160225, 0.5068493150684932
0.4944483485593816, 0.48883787025647685
0.4916373858046381, 0.47916364247568555
0.493183415319747, 0.4794520547945206
0.5073787772312017, 0.5180572851805729
0.49557273366127896, 0.5193026151930262
0.49810260014054814, 0.5398964007670621
0.4993675333801827, 0.4741823224258723
0.5104708362614195, 0.4894146948941469
0.5037245256500351, 0.510008480468183
0.5026001405481377, 0.5006226650062267
0.5038650737877723, 0.5056039850560399
0.5037245256500351, 0.48539029253795196
0.4929023190442727, 0.4629743523137926
0.4909346451159522, 0.4919053549190535
0.5002108222066057, 0.46824408468244083
0.5090653548840478, 0.5168119551681196
0.49585382993675337, 0.4806973848069739
0.506816584680253, 0.5105853051058531
0.5031623330990864, 0.48663562255040527
0.503583977512298, 0.5364488230485374
0.501194659170766, 0.5075178204432764
0.4968376669009136, 0.4990889226749383
0.49416725228390723, 0.5127875528119246
0.5045678144764582, 0.5031133250311333
0.4976809557273366, 0.4838565502066636
0.49360505973295854, 0.47667298245077894
0.5031623330990864, 0.4919053549190535
0.5101897399859452, 0.4760961578131089
0.4947294448348559, 0.497843592662485
0.5054111033028812, 0.5056039850560399
0.5023190442726634, 0.5093399750933998
0.501194659170766, 0.48414496252549877
0.49754040758959944, 0.4794520547945206
0.49739985945186227, 0.48663562255040527
0.49697821503865075, 0.5078062327621113
0.5033028812368237, 0.4891262825753119
0.5024595924104006, 0.48165430250059216
0.506816584680253, 0.5050271604183698
0.49754040758959944, 0.5043586550435866
0.5054111033028812, 0.47667298245077894
0.4952916373858046, 0.5152782128368312
0.4992269852424455, 0.4906600249066002
0.4999297259311314, 0.49564134495641343
0.5030217849613493, 0.5040702427247515
0.5085031623330991, 0.49564134495641343
0.5023190442726634, 0.5168119551681196
0.5009135628952917, 0.4869240348692403
0.49557273366127896, 0.5168119551681196
0.4948699929725931, 0.5000458403685566
0.49852424455375965, 0.49564134495641343
0.502037947997189, 0.48539029253795196
0.49950808151791987, 0.48414496252549877
0.49697821503865075, 0.47667298245077894
0.4921995783555868, 0.49008320026893015
0.49655657062543923, 0.4928622726126718
0.4927617709065355, 0.5056039850560399
0.5093464511595222, 0.5006226650062267
0.5090653548840478, 0.4794520547945206
0.49416725228390723, 0.5097200681493479
0.49754040758959944, 0.5015795826998449
0.5040056219255095, 0.5056039850560399
0.4921995783555868, 0.50186799501868
0.49739985945186227, 0.4669987546699875
0.5018973998594518, 0.4823228078753753
