ATE real, ATE estimado
0.4484083723972528, 0.4400813375120626
0.45358661288564267, 0.4345480853512159
0.4520331407391257, 0.4442065089295505
0.4541861986264036, 0.449422581755925
0.45448599149678404, 0.46350148841237104
0.4517060939714379, 0.4510184373841798
0.4477815327591846, 0.45460662281574427
0.4523874414041208, 0.4453824298224014
0.45941894690940804, 0.4481889464776089
0.44944402049493076, 0.43780567923166935
0.4544314837021694, 0.44238300429612765
0.45361386678294996, 0.4447000463376316
0.45192412514989644, 0.4373643450431227
0.4531505505287256, 0.44317863650266054
0.45031614520876484, 0.44908745257972926
0.4525509647879647, 0.4469375208261641
0.45072495366837456, 0.44510361417629973
0.451624332279516, 0.43621793540742804
0.45285075765834515, 0.4568520481215895
0.45225117191758424, 0.44789411429265813
0.4529870271448817, 0.4523315057692565
0.4473454704022675, 0.4501797277013889
0.45173334786874525, 0.4467870399693048
0.4517060939714379, 0.44550972755773965
0.4520331407391257, 0.44284502404153514
0.4506159380791453, 0.4538319004844431
0.4508612231549112, 0.44701583472320217
0.4522239180202769, 0.4478827592512341
0.457075111740979, 0.44845573260475535
0.45214215632835497, 0.43881708631591676
0.4551128311348523, 0.4529519559960249
0.45225117191758424, 0.4430526069087075
0.4542679603183255, 0.44248244350195165
0.4493350049057015, 0.4430968217628044
0.4505069224899161, 0.4595460763557623
0.45541262400523275, 0.4544172901922394
0.4516788400741306, 0.448430406699973
0.4517878556633599, 0.4413495888145599
0.4544314837021694, 0.4435622208254807
0.45214215632835497, 0.4457903044681063
0.45285075765834515, 0.4604646571342612
0.4538864057560231, 0.4388326036347754
0.4505069224899161, 0.4538353131609635
0.45415894472909624, 0.4386750955398029
0.45107925433336965, 0.43980670783716025
0.4568025727679058, 0.4383729570192295
0.45541262400523275, 0.4430835504181002
0.4512700316145209, 0.4461685336469585
0.4567480649732912, 0.4562535021249162
0.45470402267524257, 0.4401425425365114
0.45508557723754495, 0.45095296436591625
0.4536956284748719, 0.43949970311684894
0.44996184454376975, 0.4355118877285412
0.4521966641229696, 0.43750164777202627
0.4493077510083942, 0.4414165218087285
0.4549493077510084, 0.4597476148096812
0.4507522075656819, 0.4546219757161972
0.44835386460263815, 0.44836499565491283
0.45549438569715467, 0.4540205868102297
0.4518423634579745, 0.44249614562589434
0.4536683745775646, 0.43892080197165584
0.4518696173552818, 0.44216782144553113
0.45429521421563285, 0.44753872054394683
0.45617573312983756, 0.4452169828458873
0.45688433445982773, 0.46385865547356964
0.4478905483484138, 0.43484732310825847
0.4465005995857408, 0.4458486359411108
0.45543987790254004, 0.45765194506746565
0.4523874414041208, 0.4387312517824753
0.45200588684181836, 0.4480508379202327
0.45293251935026707, 0.46024791411375476
0.45132453940913553, 0.44754688793684194
0.4537501362694865, 0.44658096289374505
0.45358661288564267, 0.4389863205668273
0.45083396925760383, 0.4407895481327342
0.4560667175406083, 0.460113959554775
0.456475526000218, 0.46017795653139726
0.4513517933064428, 0.44245233841230336
0.4551128311348523, 0.4604018534623432
0.4535593589883353, 0.4511475570794826
0.4526054725825793, 0.4546134152710175
0.45342308950179877, 0.44423120901665236
0.45906464624441295, 0.4438288927320905
0.4580562520440423, 0.44609535616540585
0.451106508230677, 0.44221965233700555
0.4489807042407064, 0.4435725210036304
0.4484628801918674, 0.441660585245895
0.4562029870271449, 0.44885036776748855
0.45593044805407174, 0.4570433898906606
0.45342308950179877, 0.45072483476195924
0.4541861986264036, 0.4469731402397461
0.4517060939714379, 0.45636730634863976
0.4524419491987354, 0.4429021632968656
0.45265998037719396, 0.45326464973379854
0.45225117191758424, 0.4501694950470466
0.45726588902213017, 0.45004672828490644
0.4549220538537011, 0.44838248947107984
0.450588684181838, 0.43939768677104973
0.4536956284748719, 0.4519603734613853
0.4551400850321596, 0.4470626580946654
0.45336858170718414, 0.44203297798374674
0.44903521203532104, 0.4354469329320011
0.4529597732475744, 0.4451335083136615
0.454049929139867, 0.44958707737687686
0.45285075765834515, 0.4379506808690431
0.4507794614629892, 0.44068094522323875
0.451542570587594, 0.45413040062871024
0.45464951488062794, 0.46061499354191515
0.4531232966314183, 0.4365546771935491
0.44759075547803334, 0.44959404754787624
0.449116973727243, 0.448934784759336
0.45140630110105745, 0.44366495839604236
0.44521966641229693, 0.4446381373128565
0.4499073367491551, 0.44620653384884224
0.45236018750681345, 0.4445185452714987
0.45214215632835497, 0.4488909077601442
0.4509429848468331, 0.4471154939344043
0.4538318979614085, 0.4387313743302115
0.4512972855118282, 0.4428062257634975
0.45137904720375016, 0.45069612601697695
0.4481903412187943, 0.44071649253183776
0.45437697590755477, 0.4456615580445855
0.45557614738907665, 0.4353496777742901
0.4537228823721792, 0.4414906209725281
0.45083396925760383, 0.43906877412090106
0.4536411206802573, 0.44852094011685106
0.45132453940913553, 0.4504772375127095
0.4543497220102475, 0.4598075084516273
0.4502071296195356, 0.43836353256625216
0.4507522075656819, 0.43966258510504885
0.4536411206802573, 0.4420067272805551
0.4567480649732912, 0.45531384311517986
0.45693884225444237, 0.44765770582656295
0.4481903412187943, 0.4469663171593231
0.4562302409244522, 0.4330933600824821
0.45072495366837456, 0.43497437493110336
0.4543497220102475, 0.45461871399949105
0.4518696173552818, 0.4427739222114898
0.4529597732475744, 0.45386145998086336
0.45116101602529163, 0.4494019632527011
0.4506159380791453, 0.44732924504244953
0.45481303826447184, 0.4463475628248684
0.452578218685272, 0.44832236118859203
0.45137904720375016, 0.4431414422405442
0.4496893055706966, 0.4365201723536648
0.4556306551836913, 0.44931067659273527
0.45432246811294014, 0.4465657354092861
0.4505341763872234, 0.44330150280879677
0.45045241469530145, 0.45386109438486855
0.4551945928267742, 0.4522183946798598
0.45489479995639376, 0.44671073525047755
0.451624332279516, 0.4518468260436178
0.4499073367491551, 0.44716586842172357
0.4546222609833206, 0.4486196208442511
0.4522239180202769, 0.4403567252914604
0.45031614520876484, 0.4420086321837696
0.45105200043606236, 0.444498877611074
0.4494167665976235, 0.45517962933941714
0.45137904720375016, 0.4446527796633808
0.4481358334241797, 0.42731993629372667
0.451624332279516, 0.4460546007594802
0.4533140739125695, 0.4403752804252363
0.45121552381990626, 0.4495962731439498
0.4524146953014281, 0.4375848586700517
0.4538318979614085, 0.44744698482394163
0.45473127657254986, 0.4468293240640898
0.4569115883571351, 0.44495753955883643
0.4487626730622479, 0.4416845115906437
0.4551945928267742, 0.44356780114861394
0.45304153493949634, 0.45612071034276336
0.45380464406410115, 0.4572655401740797
0.45225117191758424, 0.4494092638791528
0.4514608088956721, 0.4483457955233223
0.45176060176605254, 0.43426347947524635
0.45759293578981797, 0.4429493912770326
0.4539136596533304, 0.4514121872130461
0.45557614738907665, 0.4494241196738398
0.45358661288564267, 0.44672372494291124
0.4544042298048621, 0.4580785974209599
0.4474544859914968, 0.44249552080952437
0.45456775318870596, 0.45224017962727103
0.4504251607979941, 0.4405761206305774
0.4504251607979941, 0.4495666690504422
0.45448599149678404, 0.45079958414787635
0.45214215632835497, 0.448633142667759
0.4512700316145209, 0.4484854539774671
0.44835386460263815, 0.4382600945986642
0.45560340128638394, 0.45120234700141526
0.4536956284748719, 0.45662963127959455
0.45192412514989644, 0.4435556039023293
0.4526054725825793, 0.43857800472873676
0.4481358334241797, 0.447203112494736
0.45181510956066717, 0.4399793919307038
0.45543987790254004, 0.46240213412007247
0.45361386678294996, 0.44524081410660943
0.452060394636433, 0.43811964402994363
0.4540226752425597, 0.4349043085972225
0.4535593589883353, 0.44059005090144066
0.4501798757222283, 0.444147324409211
0.44775427886187724, 0.43712700742634636
0.4540771830371743, 0.44454723621821435
0.4544314837021694, 0.44423147548107056
0.45445873759947675, 0.4602319418577281
0.4577292052763545, 0.45333462179585005
0.4518423634579745, 0.4419974985800813
0.4505341763872234, 0.4492820743676921
0.452060394636433, 0.44396620827571165
0.4568298266652131, 0.45213056523423434
0.4565845415894473, 0.4493167762025949
0.4484628801918674, 0.43652293705997336
0.45625749482175953, 0.4485503260839182
0.4562302409244522, 0.45047581343493837
0.44919873541916494, 0.4414762894663329
0.45208764853374034, 0.44472888956730017
0.4502071296195356, 0.4436139041666931
0.4535593589883353, 0.45368329433117205
0.4541044369344816, 0.4471808298619723
0.44887168865147714, 0.44354307546907235
0.4543497220102475, 0.4394937344036136
0.45165158617682327, 0.44892310977565675
0.4500981140303063, 0.4372868521109444
0.4532323122206475, 0.44642872859006344
0.4547857843671645, 0.4451012857748805
0.4536683745775646, 0.4650950580662306
0.45573967077292055, 0.44863110322158106
0.45176060176605254, 0.43466122169450705
0.4499890984410771, 0.4418934419519186
0.45208764853374034, 0.44253843565914164
0.45486754605908647, 0.45031315737095456
0.4553581162106181, 0.44465493810690293
0.4558759402594571, 0.4423524794689273
0.4558486863621498, 0.44081739755160476
0.4502343835168429, 0.44006502634000855
0.4517060939714379, 0.436123457100837
0.4506976997710673, 0.4412600837176076
0.451024746538755, 0.44736040395651566
0.45486754605908647, 0.4444034705260784
0.45225117191758424, 0.4546033114453809
0.45197863294451107, 0.43912452044343553
0.4530687888368037, 0.451086363413149
0.45004360623569173, 0.4414009027184569
0.45898288455249103, 0.4556843647738529
0.4484083723972528, 0.4495018663413719
0.4537501362694865, 0.4598842257162057
0.4512972855118282, 0.4438448811098159
0.4500981140303063, 0.44984416397434346
0.45353210509102804, 0.4502554952667258
0.44996184454376975, 0.4517443957912679
0.4533413278098768, 0.44920334467129286
0.45336858170718414, 0.44089865058752353
0.4549220538537011, 0.4553936616214874
0.4502616374141502, 0.4427985587097044
0.4568025727679058, 0.4424257587987881
0.4545950070860133, 0.4494037602266784
0.4503433991060722, 0.43388311055103745
0.4524692030960427, 0.43834016617914795
0.4518968712525891, 0.44887971308084085
0.45614847923253027, 0.4506247422513363
0.4492532432137796, 0.45294365038985884
0.44988008285184783, 0.45013887930309826
0.45432246811294014, 0.4429065870979585
0.45121552381990626, 0.43106009292131275
0.451024746538755, 0.4467410169911492
0.45361386678294996, 0.44878206725998093
0.4482175951161016, 0.43970592065957104
0.45200588684181836, 0.43682006450581023
0.45097023874414044, 0.4444296452779085
0.45156982448490135, 0.43610813208112187
0.4487081652676333, 0.437475611460588
0.45522184672408156, 0.44640871708768104
0.4515153166902867, 0.44931518488410416
0.45309604273411097, 0.44239627664887293
0.44996184454376975, 0.4554940918448125
0.44919873541916494, 0.44656425839631797
0.45249645699335006, 0.45139679430101787
0.4523874414041208, 0.44896029624617284
0.4481903412187943, 0.45608671541395984
0.4521966641229696, 0.4456626967884556
0.4509157309495258, 0.4493249239178867
0.4524419491987354, 0.4481152691749122
0.45633925651368146, 0.4471130082379621
0.45380464406410115, 0.4388985757491458
0.4503979069006868, 0.44494897229452746
0.4501798757222283, 0.4483367346987166
0.44655510738035536, 0.43888440843893495
0.44928049711108686, 0.43993251014578516
0.45633925651368146, 0.4674791240338732
0.45067044587375993, 0.450567368509342
0.45236018750681345, 0.44417280769175715
0.4519513790472037, 0.4384836039861133
0.45328682001526216, 0.44839814284575563
0.4541861986264036, 0.4450336988078075
0.45176060176605254, 0.452669845737666
0.4539136596533304, 0.4439419244366649
0.452060394636433, 0.44300071191998003
0.4533140739125695, 0.44631096454780506
0.4564210182056034, 0.43607926792724416
0.4512700316145209, 0.4460248703233177
0.45143355499836474, 0.4451542976073546
0.45088847705221846, 0.45299397670525277
0.4571568734329009, 0.44514540934834357
0.4518423634579745, 0.4469628064225599
0.4503706530033795, 0.45131753861300994
0.4489261964460918, 0.4509430329175713
0.45445873759947675, 0.44909174115792116
0.449116973727243, 0.4405195248584616
0.4509429848468331, 0.43486504226306144
0.4511337621279843, 0.44470506770173723
0.4537228823721792, 0.43865811663218524
0.4531232966314183, 0.44704795386788265
0.4553581162106181, 0.44583169705070314
0.4518696173552818, 0.446004130736119
0.45214215632835497, 0.4403673033218064
0.45140630110105745, 0.4306641747361837
0.4496620516733893, 0.44744799304781857
0.45873759947672516, 0.4637556620982205
0.4522239180202769, 0.4319006468772638
0.44993459064646246, 0.4367922264540479
0.4538864057560231, 0.43900056507201235
0.4533413278098768, 0.44636262306005836
0.45143355499836474, 0.4501940801595714
0.44993459064646246, 0.44326030840603003
0.45396816744794505, 0.4468050246700138
0.4541044369344816, 0.4366345614576216
0.4526054725825793, 0.45368991635786937
0.4537501362694865, 0.4452450216771332
0.4518423634579745, 0.45015823322839
0.4541861986264036, 0.45647933082957826
0.45301428104218905, 0.4417892891485167
0.4534775972964134, 0.43883862833121956
0.4498255750572332, 0.4432506749449885
0.4500163523383844, 0.4485676580612258
0.45745666630328136, 0.4533026124574393
0.44808132562956504, 0.44327952060095366
0.4524419491987354, 0.439204815806598
0.45565790908099857, 0.4400364349853838
0.45056143028453066, 0.4494282550151184
0.45099749264144773, 0.4544824521924873
0.4531232966314183, 0.44738338637557307
0.455003815545623, 0.45217364629015344
0.4576474435844326, 0.4485510144123358
0.45173334786874525, 0.4489697832108157
0.45718412733020825, 0.44592667221141213
0.4502343835168429, 0.45287976733487967
0.451542570587594, 0.4428582794503152
0.45080671536029654, 0.4473039202768746
0.45413169083178895, 0.44229259950807454
0.451106508230677, 0.4431789596741881
0.4551673389294669, 0.44515876986912717
0.45320505832334024, 0.44695021428193193
0.45614847923253027, 0.4505590280053544
0.4491442276245503, 0.4385001394101057
0.45137904720375016, 0.4549807029722883
0.4591191540390276, 0.4519155819980458
0.4521149024310476, 0.44103093700167884
0.4524692030960427, 0.4364389978822961
0.45116101602529163, 0.4522659704338736
0.4512700316145209, 0.4427316170896608
0.45121552381990626, 0.445249122431583
0.4559031941567644, 0.4461180773135234
0.4569660961517497, 0.4584589103952016
0.45631200261637417, 0.45547793719067653
0.45693884225444237, 0.4531011782052796
0.45421345252371087, 0.437779962962501
0.4522239180202769, 0.44333869815619265
0.4547585304698572, 0.44958604489151544
0.45454049929139867, 0.4498670042007473
0.44960754387877466, 0.4466012856240451
0.45437697590755477, 0.45132212397592386
0.45336858170718414, 0.44224855744933234
0.4499890984410771, 0.44090966369940743
0.4485446418837894, 0.4463430431192632
0.45413169083178895, 0.45009461089499303
0.45830153711980814, 0.45392815387767604
0.4568025727679058, 0.446837659981031
0.4496620516733893, 0.454763333444163
0.45004360623569173, 0.4365308187814877
0.45156982448490135, 0.44808093870814425
0.456039463643301, 0.4546323888170162
0.44917148152185765, 0.4435256514539424
0.4513517933064428, 0.44568692258420717
0.4541861986264036, 0.4497813122710561
0.4535048511937207, 0.45096577328183907
0.4521966641229696, 0.4401979032174319
0.4502071296195356, 0.4545716263967985
0.45445873759947675, 0.44677879571464896
0.4525509647879647, 0.45312779689327176
0.4508612231549112, 0.44396985579899295
0.454049929139867, 0.4489669264009315
0.44699116973727243, 0.4338134905209621
0.45067044587375993, 0.448404385640089
0.4497438133653112, 0.44053313278052597
0.45816526763327153, 0.4463553564871706
0.45505832334023766, 0.4397632938525927
0.45233293360950616, 0.4415030240595701
0.4516788400741306, 0.44895566853546376
0.45358661288564267, 0.4455487353773141
0.4516788400741306, 0.4481633051155126
0.4559031941567644, 0.449194431326282
0.45538537010792546, 0.45008542763679515
0.4549220538537011, 0.44447032947857423
0.45137904720375016, 0.4452653565784982
0.45165158617682327, 0.4435741796085615
0.45421345252371087, 0.45283804763747526
0.45047966859260874, 0.4459364240643424
0.4569660961517497, 0.45147337273349253
0.4538864057560231, 0.45993132737293485
0.4506976997710673, 0.4469070657484806
0.45361386678294996, 0.44650513675684145
0.4496620516733893, 0.4346575588866751
0.44979832115992585, 0.4420583277211859
0.4514608088956721, 0.4474691259090321
0.4525509647879647, 0.4589220438390903
0.45636651041098875, 0.4545838417647625
0.4519513790472037, 0.4327731778274394
0.4482993568080236, 0.4448811328649709
0.45317780442603295, 0.44006375744584925
0.45325956611795487, 0.44124017667188076
0.4493350049057015, 0.4459918864227932
0.454049929139867, 0.45148620279982854
0.4503433991060722, 0.4470599483874993
0.4492532432137796, 0.4467650329496
0.45794723645481306, 0.461688228581709
0.4545950070860133, 0.4499991100373921
0.4503433991060722, 0.44583139381973524
0.45336858170718414, 0.4518330614698517
0.451624332279516, 0.4537232505233988
0.45593044805407174, 0.44522804800760496
0.45702060394636435, 0.44977332834642625
0.4491442276245503, 0.44586680978391724
0.4511882699225989, 0.4385897103506796
0.44579199825575055, 0.4379256067700592
0.45208764853374034, 0.4597267717301273
0.4527144881718086, 0.4488854539223247
0.44688215414804316, 0.4399087885053756
0.45233293360950616, 0.43972594403278165
0.4538591518587158, 0.4442518131231563
0.45121552381990626, 0.4451598039739326
0.45377739016679386, 0.43855812361382507
0.45214215632835497, 0.44712877617003666
0.4529870271448817, 0.432112424967138
0.4512972855118282, 0.44625005146576324
0.4536956284748719, 0.44858337694202466
0.45276899596642317, 0.4516939325160534
0.45097023874414044, 0.4427854835727425
0.4425760383734874, 0.427672675727527
0.4500163523383844, 0.4428024781308064
0.4525509647879647, 0.4486282571290201
0.4494167665976235, 0.439351973031074
0.45116101602529163, 0.44552143722070703
0.4540226752425597, 0.4411312767772455
0.4536683745775646, 0.44563082450851776
0.4546767687779352, 0.45913479202765817
0.4506159380791453, 0.4452678933232046
0.44903521203532104, 0.44176977203323364
0.45614847923253027, 0.4439655570960106
0.4494985282895454, 0.44902743148544544
0.45614847923253027, 0.44392638969907805
0.4552763545186962, 0.4485328504947471
0.45380464406410115, 0.4655701700430057
0.452060394636433, 0.44986170935098735
0.45143355499836474, 0.4480115203313124
0.4469366619426578, 0.4474267912567115
0.4509429848468331, 0.4497972837284684
0.45107925433336965, 0.4412113506447771
0.44859914967840403, 0.4440481226134211
0.45601220974599366, 0.45865584711316654
0.4552763545186962, 0.4485686262404953
0.4501798757222283, 0.43912970215380254
0.45176060176605254, 0.44850316731614603
0.45328682001526216, 0.4458287650209073
0.449634797776082, 0.44045304140329855
0.4545132453940914, 0.4518833139711309
0.45421345252371087, 0.4542423782699654
0.45631200261637417, 0.444466706004328
0.44720920091573096, 0.44020114902059004
0.4500981140303063, 0.4418620285873559
0.4550310694429303, 0.44888261860332
0.45287801155565244, 0.4508511619411516
0.4532323122206475, 0.45524688948971725
0.45004360623569173, 0.4401547949895268
0.45421345252371087, 0.4482094595707071
0.4531232966314183, 0.44326520874245334
0.45328682001526216, 0.4432330800513611
0.45710236563828627, 0.45446670333757755
0.4531232966314183, 0.45180816371024746
0.45353210509102804, 0.4473637677885879
0.4554671317998474, 0.45192315030836205
0.45236018750681345, 0.43395696808077333
0.4499073367491551, 0.43485147997870344
0.4566390493840619, 0.45475849774295196
0.45137904720375016, 0.44347373571585536
0.44851738798648205, 0.43657838578563335
0.4542679603183255, 0.45569709232851063
0.4487354191649406, 0.4400391654610062
0.4541861986264036, 0.46085266195630825
0.4537501362694865, 0.45397997015121794
0.45650277989752536, 0.445700783020621
0.4577019513790472, 0.44756971614370555
0.45233293360950616, 0.44069957078908994
0.4553581162106181, 0.44443814155136596
0.4538591518587158, 0.44238312645330446
0.44928049711108686, 0.4362394030035961
0.4548402921617791, 0.4506543002249913
0.44611904502343835, 0.4303261710455081
0.45421345252371087, 0.4401667853347091
0.4503979069006868, 0.45463529777317446
0.4493077510083942, 0.4452756155919846
0.455521639594462, 0.45597137828073087
0.45225117191758424, 0.439113576342989
0.45287801155565244, 0.4498123596766471
0.45361386678294996, 0.4445556135180023
0.4516788400741306, 0.4551936885651161
0.4531505505287256, 0.4526114822095393
0.45421345252371087, 0.453046026503623
0.45593044805407174, 0.4493851282158331
0.45505832334023766, 0.4430671313997029
0.4486264035757113, 0.43726555221193164
0.454049929139867, 0.458945755851378
0.45252371089065735, 0.45816024533465094
0.4537501362694865, 0.4524515549083402
0.4562029870271449, 0.4601142264968794
0.45497656164831574, 0.45113928833793127
0.4557124168756132, 0.4564508926159834
0.45192412514989644, 0.4422085809268157
0.45614847923253027, 0.44632838186589263
0.4552763545186962, 0.43696450669059805
0.45317780442603295, 0.4529256770002277
0.45208764853374034, 0.44135323790959036
0.45342308950179877, 0.44172201531183497
0.4580835059413496, 0.4531481947483651
0.45759293578981797, 0.4486872503124534
0.452578218685272, 0.43130687885509
0.4529870271448817, 0.45663756775133457
0.4488171808568625, 0.44080947321176445
0.452578218685272, 0.4475213762236133
0.4534775972964134, 0.4300755293820635
0.4564482721029107, 0.45806042155901516
0.4487899269595552, 0.4465043039321285
0.4537228823721792, 0.4466385503969009
0.45838329881173007, 0.4569943845415072
0.45301428104218905, 0.44954933392849183
0.45047966859260874, 0.4415581477745856
0.4460645372288237, 0.4443644223328008
0.4515153166902867, 0.4479971796358766
0.45276899596642317, 0.4465615415178412
0.451024746538755, 0.43884745766137145
0.4521149024310476, 0.45063393506168414
0.457075111740979, 0.4537150700354946
0.44979832115992585, 0.438226859885261
0.45320505832334024, 0.44473728402628265
0.4535048511937207, 0.45439239685953003
0.45233293360950616, 0.43953853375383545
0.457075111740979, 0.4561262511440227
0.45301428104218905, 0.44032184933587937
0.45522184672408156, 0.4674971175009315
0.4496893055706966, 0.4437833911126763
0.45225117191758424, 0.44034058501918194
0.45609397143791564, 0.4422076314775887
0.4543497220102475, 0.4458214633718566
0.4502616374141502, 0.43895379216229136
0.45236018750681345, 0.446195599328843
0.4487899269595552, 0.44474945984836645
0.4558486863621498, 0.45106572188507765
0.4551945928267742, 0.44031199425346634
0.45140630110105745, 0.4409118593779956
0.4562302409244522, 0.43879221232732046
0.45121552381990626, 0.4436336088795938
0.4506159380791453, 0.4430130679794029
0.4511882699225989, 0.4471536976885492
0.4538864057560231, 0.451829539070951
0.4532323122206475, 0.44475972033563205
0.4535593589883353, 0.45140341128016437
0.4549493077510084, 0.45325247885188646
0.445655728769214, 0.4374845723286639
0.45107925433336965, 0.4576044473950497
0.4512700316145209, 0.4464768801316432
0.44827210291071623, 0.4482236428345169
0.45287801155565244, 0.4520764258448099
0.4526054725825793, 0.44800672186815627
0.4506976997710673, 0.4453332024814397
0.4535593589883353, 0.4430476994031767
0.45505832334023766, 0.4431105346812251
0.4502616374141502, 0.435086644421801
0.45230567971219887, 0.44647323971043595
0.4537501362694865, 0.45078493596206215
0.44772702496456995, 0.4321376443151346
0.4496620516733893, 0.44105120936823283
0.4516788400741306, 0.44490233135571644
0.4541861986264036, 0.44787189949045814
0.4502343835168429, 0.435083519346235
0.45181510956066717, 0.44185197824700595
0.4538318979614085, 0.444669516192467
0.44977106726261856, 0.4502365189805674
0.45336858170718414, 0.453515012289336
0.44791780224572114, 0.44981672610093004
0.4539136596533304, 0.4399695375537095
0.4532323122206475, 0.45405417479300536
0.451542570587594, 0.4452801422021898
0.45524910062138885, 0.4362130843021311
0.45473127657254986, 0.4383588688986173
0.45132453940913553, 0.431673478683289
0.45448599149678404, 0.44824053810695175
0.4502071296195356, 0.4466527427616528
0.4475089937861114, 0.44572027825086025
0.4558486863621498, 0.44520392593931113
0.4493077510083942, 0.4434595173734227
0.44928049711108686, 0.4410864848155268
0.4527962498637305, 0.45452692572521536
0.4557941785675352, 0.4585794332141142
0.45582143246484247, 0.4563380120181608
0.4511882699225989, 0.4420676413386493
0.45345034339910606, 0.4488193409796961
0.45252371089065735, 0.45452388077859185
0.44996184454376975, 0.4301165985222678
0.4557941785675352, 0.4440436182749876
0.45759293578981797, 0.44253769324059633
0.4529052654529598, 0.4444698256717815
0.4545132453940914, 0.4437881259142644
0.4494985282895454, 0.43316409863597016
0.4508612231549112, 0.4490888574295542
0.455521639594462, 0.44967863356518334
0.45470402267524257, 0.4503615382305496
0.4549220538537011, 0.44498458450494904
0.45015262182492094, 0.4378095890590491
0.45396816744794505, 0.45997841160031616
0.45473127657254986, 0.44079091731699704
0.4539136596533304, 0.439384046925843
0.45759293578981797, 0.4552211141040132
0.4502343835168429, 0.4439492180895873
0.45159707838220864, 0.44454930507835877
0.45083396925760383, 0.444491887717989
0.4500981140303063, 0.4510010620209627
0.4551945928267742, 0.4582449843853952
0.45165158617682327, 0.4405131841519484
0.4529597732475744, 0.4554867913032882
0.44919873541916494, 0.4398820394788554
0.45396816744794505, 0.44915261088941183
0.4512972855118282, 0.44376177199845246
0.45064319197645264, 0.4469516204030044
0.4534775972964134, 0.4357748934412523
0.4535048511937207, 0.44623866445491756
0.452578218685272, 0.4341644514855999
0.4518696173552818, 0.4484730140257014
0.4475362476834187, 0.43371690591632717
0.44936225880300884, 0.44535201056926044
0.4538318979614085, 0.4504853629919736
0.45394091355063776, 0.44807830154476247
0.4553308623133108, 0.4454739498372895
0.4529870271448817, 0.44339390042611215
0.4557124168756132, 0.44494378711144
0.4527962498637305, 0.4355250751924017
0.4564482721029107, 0.4453257904321629
0.4533413278098768, 0.4524767961768553
0.45702060394636435, 0.4450608244699945
0.45124277771721355, 0.4455844336727127
0.44938951270031613, 0.44835912535112155
0.4529052654529598, 0.4400916906226203
0.44922598931647223, 0.4424583315170464
0.4605908644936226, 0.4542121013313465
0.45598495584868637, 0.44461206783394136
0.45097023874414044, 0.45097461926784244
0.45598495584868637, 0.452632289053863
0.4544314837021694, 0.4419147292167409
0.4531505505287256, 0.4435896786832826
0.4531232966314183, 0.443282466062734
0.45252371089065735, 0.4481226261153882
0.45200588684181836, 0.4514808412968625
0.45031614520876484, 0.44600630749776393
0.4594462008067154, 0.44967770742740665
0.4530687888368037, 0.4440036079894575
0.45097023874414044, 0.45097336320735204
0.4553036084160035, 0.4409357294017624
0.4507522075656819, 0.4539988729430626
0.454049929139867, 0.45668053055674573
0.4494985282895454, 0.44499401591550136
0.44810857952687233, 0.4437641374255883
0.45105200043606236, 0.4407217057401215
0.45380464406410115, 0.4523810747837975
0.457075111740979, 0.4640265158364521
0.4521966641229696, 0.44060796098983934
0.4557941785675352, 0.44856506602267
0.4506159380791453, 0.4510575124681486
0.45143355499836474, 0.44909289929845564
0.44938951270031613, 0.45093823666101773
0.44791780224572114, 0.44924754999245065
0.45208764853374034, 0.456679496247399
0.450588684181838, 0.44964198306132197
0.4542407064210182, 0.448100236552337
0.4541044369344816, 0.4395043312545127
0.4536956284748719, 0.4460716598988068
0.4503706530033795, 0.44238355378254135
0.44794505614302843, 0.4403640901351342
0.4551400850321596, 0.4489537757550892
0.4489534503433991, 0.45318654656704993
0.45099749264144773, 0.43612426884185207
0.4547857843671645, 0.4470315276925465
0.4521149024310476, 0.4517410163043478
0.4544314837021694, 0.45282578848923294
0.4496620516733893, 0.43279913254589475
0.4530687888368037, 0.44869686262823727
0.45064319197645264, 0.4459182495359745
0.4476997710672626, 0.4433781224247736
0.4522784258148915, 0.4519957089989227
0.45448599149678404, 0.4533351270954661
0.4522784258148915, 0.45151973634240794
0.44538318979614083, 0.4444774120667203
0.4582470293251935, 0.45320771904745705
0.45309604273411097, 0.43983841423719694
0.4561212253352229, 0.4568271229875759
0.45653003379483265, 0.4450016023485791
0.44739997819688215, 0.4484509829973896
0.45593044805407174, 0.4416251835338131
0.45650277989752536, 0.45240743489065005
0.45285075765834515, 0.4557341781886973
0.4518968712525891, 0.4469007865875826
0.45176060176605254, 0.44738361391432446
0.4558486863621498, 0.45098691639484934
0.4509429848468331, 0.4370613298855299
0.45192412514989644, 0.4490115687490087
0.45429521421563285, 0.4500823488234159
0.45317780442603295, 0.4420754495545238
0.45325956611795487, 0.44930636018478876
0.4482175951161016, 0.44058287932325246
0.4502071296195356, 0.4472995783483694
0.45576692467022784, 0.44906527068122215
0.4489807042407064, 0.44660828511098305
0.451542570587594, 0.43449414559339383
0.4527417420691159, 0.446166574118148
0.45067044587375993, 0.4459229632581281
0.4551673389294669, 0.4592169305689776
0.45497656164831574, 0.4588084423131531
0.450588684181838, 0.44164889334786783
0.4487899269595552, 0.4335310109133538
0.4585195682982667, 0.4476913773165645
0.4551400850321596, 0.4446953646835219
0.45176060176605254, 0.44817007994181923
0.45489479995639376, 0.4464438792637926
0.4499890984410771, 0.4422635621006886
0.45677531887059847, 0.4439814499956607
0.4502343835168429, 0.44426631032078656
0.4475089937861114, 0.44996483271955123
0.44832661070533086, 0.44259139935919867
0.447645263272648, 0.43734169657961075
0.4506976997710673, 0.44736122430962655
0.4501798757222283, 0.44924709951474684
0.45216941022566226, 0.4314995119769657
0.4554671317998474, 0.4452381852472702
0.45285075765834515, 0.43446202100241216
0.45173334786874525, 0.43273504472129254
0.4524419491987354, 0.44403188224963874
0.4562847487190668, 0.4493027972907597
0.44996184454376975, 0.45358940157230354
0.45148806279297937, 0.4380215689898199
0.4528235037610378, 0.4577388111986793
0.4515153166902867, 0.4571561873837664
0.4505069224899161, 0.4443454101844211
0.4518423634579745, 0.44584407136564475
0.4540771830371743, 0.4455717797215527
0.45576692467022784, 0.452114263222148
0.4552763545186962, 0.4534235690041871
0.4494712743922381, 0.4378007860795676
0.4494712743922381, 0.43983394643995655
0.45666630328136926, 0.4338567672964324
0.4567208110759839, 0.4503112633569961
0.45252371089065735, 0.45518802853079277
0.4529052654529598, 0.44353831945133626
0.45677531887059847, 0.4517651525766806
0.4516788400741306, 0.44593380968510665
0.4584378066063447, 0.4495940715094193
0.4526054725825793, 0.43792932351771197
0.45353210509102804, 0.45771423729939587
0.45721138122751553, 0.4427266834769582
0.4498255750572332, 0.4377172520181888
0.4547585304698572, 0.44342931031412636
0.4524146953014281, 0.4391559517828141
0.45320505832334024, 0.44288938101217923
0.4528235037610378, 0.44690199457352553
0.44979832115992585, 0.443262744092935
0.4500981140303063, 0.4364403933462192
0.4524146953014281, 0.450328867283348
0.45505832334023766, 0.44555947921060124
0.4536956284748719, 0.44773132260793924
0.45236018750681345, 0.45364502288837216
0.4537501362694865, 0.43665539976507683
0.45233293360950616, 0.44276849491883874
0.4542407064210182, 0.44121380883540595
0.45015262182492094, 0.4445446443043026
0.451542570587594, 0.4468073639462604
0.45394091355063776, 0.44847805201753155
0.45380464406410115, 0.45013165287122303
0.456039463643301, 0.44054235396297403
0.4575656818925106, 0.4534410352197532
0.4553308623133108, 0.4491231253232779
0.44919873541916494, 0.44753313277375695
0.4491442276245503, 0.44703828312884986
0.4525509647879647, 0.4489066839762432
0.45394091355063776, 0.4374482981005188
0.4502616374141502, 0.44249646874048587
0.4526327264798866, 0.4407153199707491
0.4556306551836913, 0.4621365459293034
0.44794505614302843, 0.4354563071528792
0.4529870271448817, 0.4548532991144292
0.45445873759947675, 0.44482831754085295
0.4563937643082961, 0.44342069053869937
0.44799956393764306, 0.4339463025313436
0.44859914967840403, 0.43881125800771914
0.4492532432137796, 0.44130056173839494
0.45165158617682327, 0.42421768336479415
0.4544314837021694, 0.44305015290001626
0.4542407064210182, 0.452890808337413
0.45230567971219887, 0.4467486632470412
0.4532323122206475, 0.44838861527915286
0.4547585304698572, 0.4479526636587676
0.45140630110105745, 0.44773691569258545
0.45252371089065735, 0.45696820511846903
0.4486264035757113, 0.44919127690443306
0.4558486863621498, 0.4460560074858597
0.4511337621279843, 0.4497487130541957
0.45080671536029654, 0.43547636353906183
0.455957701951379, 0.4516757639740614
0.45064319197645264, 0.4453095305226926
0.45015262182492094, 0.4294565007661757
0.45505832334023766, 0.457979806583678
0.4547585304698572, 0.4573213415290871
0.45320505832334024, 0.43689966617583254
0.4515153166902867, 0.43732033649391755
0.45088847705221846, 0.4437588348365489
0.44851738798648205, 0.44764374118277694
0.45105200043606236, 0.4447436687776348
0.4478087866564919, 0.4566814894396246
0.45309604273411097, 0.4511130026289961
0.4487354191649406, 0.4437440287961596
0.4560667175406083, 0.45246130197565326
0.45653003379483265, 0.45922813817585484
0.45669355717867655, 0.44728433263618905
0.4484628801918674, 0.44442614548157044
0.45301428104218905, 0.45218792923604223
0.4584378066063447, 0.4586095151582027
0.45287801155565244, 0.4478073313088976
0.4577019513790472, 0.4560491165891799
0.45421345252371087, 0.43984123771066685
0.4524146953014281, 0.4461788470722756
0.4503979069006868, 0.44660786634685845
0.45481303826447184, 0.4500425593603572
0.4536956284748719, 0.44961552891182244
0.4508612231549112, 0.4474713575372411
0.4499073367491551, 0.4391142285530165
0.45124277771721355, 0.45722478236231257
0.4559031941567644, 0.4466710252393685
0.4534775972964134, 0.4492165837804164
0.45140630110105745, 0.452548963576491
0.45176060176605254, 0.45589184536537086
0.45031614520876484, 0.4659523021974949
0.4569115883571351, 0.4493685482262042
0.4536956284748719, 0.44760110950859266
0.44810857952687233, 0.4339241599471553
0.4485718957810967, 0.45071557041224186
0.4526327264798866, 0.45506905035132095
0.4516788400741306, 0.43845405218608935
0.45320505832334024, 0.45319730523055823
0.4484083723972528, 0.4465844284030829
0.45143355499836474, 0.44676768192516203
0.4483811184999455, 0.42891578485349924
0.45116101602529163, 0.44307582032511605
0.45396816744794505, 0.4498092942366404
0.4515153166902867, 0.4415931126730219
0.4521149024310476, 0.4454752892577921
0.45508557723754495, 0.4526542114298304
0.45541262400523275, 0.4494540965645738
0.4561212253352229, 0.4465957665358883
0.44988008285184783, 0.43771626860070467
0.4522239180202769, 0.45449971432546765
0.4539136596533304, 0.4476446848433767
0.4518423634579745, 0.44793988124370565
0.45080671536029654, 0.43928809196204
0.4531232966314183, 0.44956351359988345
0.4512700316145209, 0.44990040643398144
0.4545950070860133, 0.4501999965954083
0.454049929139867, 0.4521472828451145
0.45105200043606236, 0.44996025254001126
0.4553308623133108, 0.4451957475695937
0.45358661288564267, 0.4418995367931665
0.4520331407391257, 0.45590341614532603
0.4516788400741306, 0.4458625385457855
0.4529870271448817, 0.4567522315387351
0.4499890984410771, 0.43648901175828037
0.45173334786874525, 0.4470751089660381
0.45121552381990626, 0.44024666407442814
0.45233293360950616, 0.44781279086580195
0.4536411206802573, 0.4489675260002538
0.45601220974599366, 0.45566140625074714
0.44979832115992585, 0.44030218131845344
0.45097023874414044, 0.4374827350604543
0.45394091355063776, 0.4559113078429474
0.4547585304698572, 0.4468855222767857
0.44696391583996514, 0.43469096829941567
0.4527962498637305, 0.4563178496411576
0.45276899596642317, 0.44289242460402256
0.451542570587594, 0.45335959663245495
0.4496620516733893, 0.4508504403754766
0.45252371089065735, 0.44534502354690375
0.4447290962607653, 0.4473212133135407
0.4528235037610378, 0.4470912931035129
0.4525509647879647, 0.4388860335136219
0.4556306551836913, 0.44620913065003565
0.4502343835168429, 0.4470649477931855
0.45718412733020825, 0.44393754937812646
0.44843562629456013, 0.4406702054584358
0.4514608088956721, 0.45028548356742215
0.4517060939714379, 0.4372839762440759
0.4531505505287256, 0.4453402700786879
0.4556306551836913, 0.45200599311436573
0.45208764853374034, 0.4355440761576945
0.4497438133653112, 0.44185713936333637
0.45156982448490135, 0.43936205007346874
0.4557124168756132, 0.4509091108183647
0.45582143246484247, 0.457784952241968
0.44977106726261856, 0.4453954907269566
0.45249645699335006, 0.43824489636340314
0.4533140739125695, 0.44709589693832075
0.45293251935026707, 0.44223907386754946
0.4533140739125695, 0.44924983631141646
0.45067044587375993, 0.431686540188277
0.45541262400523275, 0.46049087141367506
0.4579199825575057, 0.4557910439045024
0.4512700316145209, 0.4417809456942501
0.45549438569715467, 0.44730135773684354
0.4556306551836913, 0.4539522975755591
0.4519513790472037, 0.4437144493471039
0.45132453940913553, 0.4436341327389862
0.4507522075656819, 0.43457720624101637
0.45464951488062794, 0.4405016658816189
0.45124277771721355, 0.4459792665628808
0.45176060176605254, 0.45037938776771147
0.4489261964460918, 0.44231462471579475
0.45192412514989644, 0.4459124126843462
0.4512700316145209, 0.4550938319489305
0.4492532432137796, 0.4470825615597155
0.45230567971219887, 0.44550413446945936
0.4505341763872234, 0.44189861793343366
0.45015262182492094, 0.44713086976956373
0.4517878556633599, 0.44014219385939046
0.45524910062138885, 0.4514795082485218
0.446091791126131, 0.4238752289779698
0.44647334568843344, 0.433354758682887
0.4533140739125695, 0.4434602437981011
0.4532323122206475, 0.44681418289414
0.4529052654529598, 0.45945463368290185
0.450588684181838, 0.4320928064701357
0.45156982448490135, 0.4466459380364326
0.451542570587594, 0.43408271294541767
0.4526327264798866, 0.4541417605203866
0.4533413278098768, 0.442744598642705
0.4529597732475744, 0.4423218268036101
0.4562029870271449, 0.44620508843325624
0.4565845415894473, 0.4455514176498866
0.45473127657254986, 0.447550618860572
0.45470402267524257, 0.446071263081674
0.4578654747628911, 0.4461904479440827
0.4512700316145209, 0.44745826967936786
0.45143355499836474, 0.4435609521941518
0.45200588684181836, 0.45228101034774304
0.4522784258148915, 0.446716865553496
0.45753842799520333, 0.4484806488032118
0.45549438569715467, 0.4548883128370943
0.45508557723754495, 0.44955431245243316
0.45456775318870596, 0.44987165044578015
0.44791780224572114, 0.4343561384267344
0.4494712743922381, 0.4496563995931949
0.4539954213452524, 0.438682966314893
0.4547585304698572, 0.4470962319511117
0.451624332279516, 0.4460252178146026
0.4544042298048621, 0.4463770149726213
0.4502616374141502, 0.4489562470764402
0.445655728769214, 0.4375267946540833
0.4496893055706966, 0.4442628006659606
0.45557614738907665, 0.4433150892691169
0.450588684181838, 0.44500256419808293
0.45124277771721355, 0.4395631794469965
0.45097023874414044, 0.43525975414832274
0.45729314291943746, 0.450372147120097
0.44551945928267744, 0.43724855199458645
0.4526054725825793, 0.4425712458446909
0.4494985282895454, 0.44682402126181
0.4541044369344816, 0.44408053483814725
0.4471819470184236, 0.431305606232803
0.450070860132999, 0.4420480065849066
0.4506159380791453, 0.44323389342194364
0.4553308623133108, 0.4456857076513464
0.45173334786874525, 0.44691703749230627
0.45216941022566226, 0.43680119291562247
0.4522239180202769, 0.4567672299935809
0.4539954213452524, 0.4603496027978291
0.4536683745775646, 0.4387587846035168
0.4521966641229696, 0.45678574650771264
0.4551673389294669, 0.4456134999359017
0.4533413278098768, 0.4452967430606052
0.45486754605908647, 0.4519089518685616
0.45214215632835497, 0.4595231155062366
