ATE real, ATE estimado
0.3453420092048881, 0.37513186548025856
0.3440723694651643, 0.39285781502319006
0.3385176956038724, 0.3921630123088744
0.341691794953182, 0.36784740285450546
0.3329630217425805, 0.4009650471789359
0.33820028566894145, 0.38218590890164506
0.33455007141723536, 0.3721217173203859
0.3385176956038724, 0.38348947623996066
0.33708935089668307, 0.3500771521774545
0.3378828757340105, 0.34843633467129176
0.33804158070147594, 0.38295654775560095
0.3478812886843358, 0.38111432455896277
0.34232661482304394, 0.38739217812456805
0.3367719409617521, 0.340401654551174
0.3437549595302333, 0.4221314637896949
0.3435962545627678, 0.3995421290550345
0.3396286303761308, 0.38223465499914944
0.34851610855419773, 0.3824148738897172
0.34058086018092365, 0.36429907465951217
0.34486589430249165, 0.3823730710986495
0.3440723694651643, 0.38005272237538346
0.34312013966037136, 0.38220159978217827
0.33645453102682116, 0.3558442337753873
0.34740517378193936, 0.39063964458238476
0.34597682907475, 0.3905693760585719
0.3437549595302333, 0.4116186972430548
0.3464529439771465, 0.40185519020392546
0.34010474527852724, 0.39465066254021797
0.3366132359942866, 0.38276471419495384
0.32836057768608157, 0.37805349182272474
0.3308998571655293, 0.3557404884891977
0.34486589430249165, 0.3967086833064535
0.34312013966037136, 0.3870224927540795
0.34486589430249165, 0.3850040272265469
0.3440723694651643, 0.36155499242139943
0.34312013966037136, 0.3894994827062115
0.34264402475797495, 0.3525160849643576
0.34677035391207744, 0.40327938765822535
0.3391525154737343, 0.4026655947024377
0.3410569750833201, 0.41563778415975505
0.33010633232820186, 0.389981588576818
0.3404221552134582, 0.3493211311305918
0.33312172671004603, 0.38423859821634787
0.3408982701158546, 0.37901402687581576
0.3286779876210125, 0.37364837358261227
0.3342326614823044, 0.36637488994922784
0.3350261863196318, 0.36856397066180957
0.3372480558641485, 0.4165240127230265
0.33804158070147594, 0.3826543539479256
0.34423107443262974, 0.37396830942364245
0.3323282018727186, 0.3719311923788303
0.3366132359942866, 0.37812078902296953
0.3378828757340105, 0.367229631112191
0.34058086018092365, 0.35711168069345633
0.33994604031106174, 0.3968118681700893
0.33899381050626887, 0.37989942834121004
0.3451833042374226, 0.3709179543868334
0.33121726710046023, 0.34257196090006725
0.3404221552134582, 0.3956769985261618
0.3540707824154896, 0.3769827212724176
0.34930963339152515, 0.423807204694293
0.34327884462783687, 0.3914005354249728
0.3372480558641485, 0.35653022729808337
0.3497857482939216, 0.3602891203862689
0.35184891287097286, 0.4203569717784049
0.34264402475797495, 0.41085008993118977
0.3361371210918902, 0.37337855657942465
0.33756546579907953, 0.34198374145881016
0.337724170766545, 0.3753590060106421
0.34661164894461194, 0.37359712151728564
0.33899381050626887, 0.37171293635389047
0.33455007141723536, 0.3573314227573464
0.3455007141723536, 0.4173159934376971
0.3524837327408348, 0.4020346257834476
0.33645453102682116, 0.3700439447114642
0.34058086018092365, 0.394575407400507
0.34613553404221553, 0.3405592033211965
0.337724170766545, 0.36500431502519104
0.3415330899857166, 0.38092630032399033
0.33629582605935565, 0.38710063339339473
0.34058086018092365, 0.39687030537880486
0.33693064592921756, 0.3781429773650202
0.3408982701158546, 0.3882728047244487
0.33550230122202823, 0.37521880160853704
0.34692905887954295, 0.40196993240331
0.3523250277733693, 0.3936757732313567
0.3402634502459927, 0.41077470676251615
0.346294239009681, 0.41244996490802677
0.346294239009681, 0.3380804521794204
0.3437549595302333, 0.3790533502358936
0.3434375495953023, 0.3981456345629779
0.3383589906364069, 0.35139496214510124
0.34438977940009524, 0.386056035746154
0.3451833042374226, 0.3885164334630369
0.3421679098555785, 0.3723441256068617
0.3445484843675607, 0.38576676649641994
0.33645453102682116, 0.3807907092234887
0.34264402475797495, 0.4041929581054926
0.3497857482939216, 0.39159847123948455
0.3361371210918902, 0.36620353650754434
0.3402634502459927, 0.3467067280083682
0.34185049992064753, 0.36560646847668554
0.3342326614823044, 0.3881739153224265
0.3404221552134582, 0.3933571218149905
0.34994445326138707, 0.3794705231865382
0.3410569750833201, 0.3866195074678501
0.34312013966037136, 0.3820561076082114
0.34248531979050945, 0.3828339842520977
0.3372480558641485, 0.36585584834761864
0.35169020790350736, 0.3700536400666944
0.337406760831614, 0.3736390356441195
0.3396286303761308, 0.36880863476023584
0.34185049992064753, 0.39338303638390126
0.33280431677511507, 0.39155488243141967
0.3415330899857166, 0.35561926141406197
0.3305824472305983, 0.394478236672004
0.33883510553880336, 0.3713890327031576
0.3304237422631328, 0.37806765292741584
0.34185049992064753, 0.4049207213590348
0.34851610855419773, 0.38470371454197316
0.33708935089668307, 0.3828150434306635
0.33312172671004603, 0.3667180896330564
0.34010474527852724, 0.3669354245841775
0.3421679098555785, 0.3622291945609488
0.3393112204411998, 0.3827378500831321
0.3404221552134582, 0.38903625080615845
0.3415330899857166, 0.3847011614260347
0.3385176956038724, 0.35908680003368354
0.3435962545627678, 0.39642291848911326
0.34677035391207744, 0.40239260716962977
0.3440723694651643, 0.3793522014963059
0.34312013966037136, 0.3678085358480475
0.34486589430249165, 0.3913122615269886
0.3458181241072846, 0.3807504536490187
0.3447071893350262, 0.3989812290230612
0.3353435962545628, 0.37756682868662494
0.32756705284875415, 0.37174284472636654
0.3391525154737343, 0.39981672572765703
0.34423107443262974, 0.38363554470042205
0.337724170766545, 0.3546230110967439
0.33804158070147594, 0.39261183396973975
0.3455007141723536, 0.3873045503615986
0.33756546579907953, 0.3646512713692749
0.3372480558641485, 0.3624136185908199
0.3447071893350262, 0.4031150683750401
0.33201079193778765, 0.35766605586394107
0.33185208697032215, 0.3666299640999773
0.3262974131090303, 0.38396656168756815
0.33994604031106174, 0.3526941152018509
0.329154102523409, 0.4015296659808777
0.33994604031106174, 0.4015285019673488
0.3439136644976988, 0.35276986377942987
0.3386764005713379, 0.41069355587408196
0.34121568005078556, 0.35644667216836967
0.3367719409617521, 0.3933607162127729
0.3378828757340105, 0.3560448764347388
0.34137438501825107, 0.3590281450671925
0.34185049992064753, 0.39134368812873455
0.3481986986192668, 0.3847191702422854
0.3316933820028567, 0.39779455371376904
0.3496270433264561, 0.42520861259685516
0.35295984764323124, 0.4071366063157126
0.34312013966037136, 0.37400969710602006
0.34692905887954295, 0.39037381860540976
0.3385176956038724, 0.3413416743458867
0.350261863196318, 0.3984331996608306
0.3437549595302333, 0.3644273337900906
0.337724170766545, 0.38773321822814755
0.34756387874940486, 0.3768949415601567
0.32328201872718615, 0.3386796311419167
0.3404221552134582, 0.37754416314987493
0.33994604031106174, 0.3900875177911186
0.34851610855419773, 0.3692973068622726
0.34327884462783687, 0.3353003735732768
0.34073956514838916, 0.36407361904248825
0.33804158070147594, 0.377903194569875
0.3351848912870973, 0.34362984700307986
0.33455007141723536, 0.37077434668523246
0.3408982701158546, 0.3841313296088418
0.3367719409617521, 0.3642748893698302
0.3329630217425805, 0.3517085474906504
0.3394699254086653, 0.3860364043961465
0.33820028566894145, 0.382867225611108
0.34677035391207744, 0.38965411371579284
0.3526424377083003, 0.4022615954327954
0.34010474527852724, 0.37068018542611836
0.34438977940009524, 0.3535422143751904
0.3404221552134582, 0.35233385423274854
0.341691794953182, 0.42181143268838417
0.3351848912870973, 0.3975043071299478
0.3396286303761308, 0.3541293485315349
0.33629582605935565, 0.40018453386856434
0.3304237422631328, 0.39205775536849186
0.3358197111569592, 0.35138718891165166
0.3489922234565942, 0.40645936831984364
0.3496270433264561, 0.3809255693340611
0.34058086018092365, 0.36458955861923736
0.3496270433264561, 0.3656608623683001
0.3367719409617521, 0.3811570647321074
0.34565941913981907, 0.4012388734818171
0.3458181241072846, 0.38242801377176683
0.3358197111569592, 0.3702208793137358
0.3404221552134582, 0.35550008101460373
0.3310585621329948, 0.34780072737980106
0.32947151245833994, 0.34816973624079495
0.34312013966037136, 0.38363555522557735
0.34565941913981907, 0.3526814501256631
0.33978733534359623, 0.39810970513963895
0.34185049992064753, 0.387039862379403
0.3348674813521663, 0.3719628565807809
0.34232661482304394, 0.36519496075962077
0.3348674813521663, 0.35145471430188613
0.3404221552134582, 0.347650221112184
0.3385176956038724, 0.37796214392764393
0.34073956514838916, 0.3956560738447512
0.337724170766545, 0.3778853609322047
0.3455007141723536, 0.3993302567457905
0.3332804316775115, 0.36074855075454315
0.3323282018727186, 0.35452239832373444
0.3404221552134582, 0.37616377867143735
0.3428027297254404, 0.3873123876092983
0.3478812886843358, 0.3683840601365561
0.34121568005078556, 0.37321673924437704
0.3453420092048881, 0.37606364518662416
0.33391525154737345, 0.3786665270655789
0.34010474527852724, 0.3692401838135062
0.34137438501825107, 0.3887402058666547
0.34486589430249165, 0.3647555573557095
0.3402634502459927, 0.3766848369015642
0.3408982701158546, 0.36092117523579026
0.34486589430249165, 0.3856992883097733
0.34867481352166324, 0.38019590043055074
0.34137438501825107, 0.39720307174143055
0.3361371210918902, 0.3590721645400061
0.34438977940009524, 0.38806144830540346
0.3451833042374226, 0.3974353994367664
0.3378828757340105, 0.4038430545374472
0.3383589906364069, 0.3756294539205466
0.3483574035867323, 0.40153678249283686
0.33201079193778765, 0.3785972966623542
0.33693064592921756, 0.3741486413080014
0.34565941913981907, 0.39070847955754284
0.33439136644976986, 0.38807638037099024
0.3434375495953023, 0.3703802364520228
0.34756387874940486, 0.3539884983629499
0.3372480558641485, 0.3609784350785228
0.34502459926995716, 0.38612520579930054
0.3404221552134582, 0.3752322593159978
0.35089668306618, 0.3674022302028257
0.3396286303761308, 0.38178195282894345
0.34248531979050945, 0.3796125076625987
0.346294239009681, 0.3828999978997858
0.3437549595302333, 0.40222582613553104
0.3447071893350262, 0.3793937216367921
0.33185208697032215, 0.36774703818007426
0.33391525154737345, 0.3536222676576215
0.34692905887954295, 0.3613083068786215
0.3464529439771465, 0.37104698543172754
0.3421679098555785, 0.3829195283694633
0.3361371210918902, 0.371806982775455
0.3480399936518013, 0.36929172113290054
0.3310585621329948, 0.34035667920479906
0.34137438501825107, 0.3940498570151866
0.3480399936518013, 0.41098152332879023
0.34312013966037136, 0.3737585082517195
0.3391525154737343, 0.3981655956683854
0.3421679098555785, 0.3619205632805189
0.342009204888113, 0.370967988502342
0.3359784161244247, 0.39046749562277705
0.3524837327408348, 0.3890927928918867
0.3515315029360419, 0.3457532370388685
0.33756546579907953, 0.37689414740036187
0.32883669258847803, 0.3776274793635437
0.33550230122202823, 0.41116105363681865
0.3429614346929059, 0.3978710878241619
0.3439136644976988, 0.36711419813705704
0.34248531979050945, 0.4011256198791915
0.34232661482304394, 0.3686615184210901
0.3451833042374226, 0.3293845272025062
0.3393112204411998, 0.38714879765038024
0.3324869068401841, 0.38611421287788616
0.3472464688144739, 0.38666233150649587
0.34438977940009524, 0.4107442881393898
0.3455007141723536, 0.41317781984162394
0.35422948738295507, 0.3781249398300688
0.3404221552134582, 0.38684307221632186
0.3437549595302333, 0.3869035629103931
0.3385176956038724, 0.38156354125069836
0.3402634502459927, 0.3907449363750428
0.33994604031106174, 0.37920581968623734
0.3393112204411998, 0.3553465774604271
0.3435962545627678, 0.39934106141738945
0.34185049992064753, 0.37772801597620265
0.35438819235042057, 0.3861126391325913
0.33550230122202823, 0.34701084988320496
0.34661164894461194, 0.4022137406778805
0.3366132359942866, 0.41096924064979057
0.3385176956038724, 0.3679873982365033
0.3483574035867323, 0.3973775190981169
0.34058086018092365, 0.3952413194020348
0.3361371210918902, 0.3660040275023524
0.3410569750833201, 0.37549154562436104
0.3451833042374226, 0.3297820205265779
0.3435962545627678, 0.3786748177521514
0.341691794953182, 0.40448913425463384
0.33883510553880336, 0.3822237426466214
0.3361371210918902, 0.3806056051529274
0.3477225837168703, 0.4062966624671984
0.342009204888113, 0.3768810707775663
0.3447071893350262, 0.40206514780903335
0.341691794953182, 0.3811892422935489
0.32582129820663386, 0.3826192987481628
0.3447071893350262, 0.39873309298234205
0.35089668306618, 0.3818975938756408
0.34185049992064753, 0.3904566003688028
0.34264402475797495, 0.39284843767648603
0.3447071893350262, 0.3613661173395516
0.3353435962545628, 0.37846879017097634
0.33883510553880336, 0.4026444878110492
0.3324869068401841, 0.3900992337553747
0.33375654657990794, 0.3453283993315708
0.3478812886843358, 0.3685127441022812
0.3340739565148389, 0.3654563426153622
0.337724170766545, 0.40781033605178263
0.35486430725281704, 0.37291917201867963
0.33439136644976986, 0.3434508191940595
0.3342326614823044, 0.35695595596740637
0.3435962545627678, 0.38410126431552616
0.3455007141723536, 0.37355167102653486
0.3253451833042374, 0.38947749588471114
0.33216949690525316, 0.3672060523928766
0.3340739565148389, 0.39001091561097256
0.337406760831614, 0.38987275048364667
0.34851610855419773, 0.4123987238852489
0.3451833042374226, 0.37622496859734045
0.34058086018092365, 0.3844650139705422
0.34185049992064753, 0.3538639378895504
0.34312013966037136, 0.3747403678999509
0.3437549595302333, 0.3859906888031166
0.33550230122202823, 0.37041291105882657
0.3402634502459927, 0.38640664990889706
0.3385176956038724, 0.3626787779776519
0.34756387874940486, 0.3675824179598771
0.3342326614823044, 0.3459381266539673
0.3253451833042374, 0.39222988600886854
0.34740517378193936, 0.3817051731851917
0.3488335184891287, 0.38755907955226165
0.333439136644977, 0.3810829220587906
0.33883510553880336, 0.39703246739341325
0.3396286303761308, 0.38750223622924085
0.33708935089668307, 0.36781878441049387
0.3305824472305983, 0.3583567074476094
0.337724170766545, 0.3740413567215267
0.341691794953182, 0.41048242120404066
0.33629582605935565, 0.3687564286751298
0.3434375495953023, 0.3549674389386136
0.3429614346929059, 0.4030387889049257
0.33756546579907953, 0.38486756191512317
0.33185208697032215, 0.3987413924152161
0.34740517378193936, 0.39046197161889806
0.3340739565148389, 0.3843611196253436
0.34946833835899066, 0.3791759714310565
0.3372480558641485, 0.39816021986434746
0.35184891287097286, 0.37772338934253336
0.34423107443262974, 0.39525669416894016
0.34756387874940486, 0.41152784647437035
0.341691794953182, 0.35181696321017353
0.34613553404221553, 0.38548511666943985
0.3429614346929059, 0.38686356035346037
0.34248531979050945, 0.37414209292955625
0.33994604031106174, 0.38703686166706996
0.3385176956038724, 0.3881079447976161
0.3421679098555785, 0.4104027739861954
0.3402634502459927, 0.36217596556088305
0.33439136644976986, 0.3685040651819308
0.3383589906364069, 0.3642055887536364
0.34438977940009524, 0.39969085873856947
0.34264402475797495, 0.37693413435616896
0.3332804316775115, 0.3517156652424508
0.3470877638470084, 0.35655722060200135
0.34692905887954295, 0.39247270704217585
0.3497857482939216, 0.37974167312614693
0.3429614346929059, 0.3769334213070624
0.35978416124424695, 0.40760260135416126
0.34740517378193936, 0.4098707174101194
0.3391525154737343, 0.3756407575938595
0.3453420092048881, 0.37500799021588305
0.3358197111569592, 0.3715834502753145
0.33756546579907953, 0.34901721996662094
0.3383589906364069, 0.36236402123913114
0.3428027297254404, 0.37785605551051404
0.34486589430249165, 0.3780331782148999
0.354546897317886, 0.38324758028329964
0.3255038882717029, 0.35178313279321827
0.33185208697032215, 0.38659994172009693
0.33566100618949374, 0.37161029880098384
0.33470877638470087, 0.40157384012079156
0.3340739565148389, 0.36184760406612515
0.3335978416124425, 0.36297883460504843
0.35169020790350736, 0.4141367824693113
0.3415330899857166, 0.37420970912499707
0.34438977940009524, 0.33384651266524057
0.3415330899857166, 0.36658831439956896
0.3396286303761308, 0.3465593393913341
0.3507379780987145, 0.3885165873977011
0.3534359625456277, 0.3807026921927257
0.34502459926995716, 0.3886427282345343
0.3329630217425805, 0.4078859978557664
0.3391525154737343, 0.39331609433812686
0.3353435962545628, 0.3499424724410505
0.3483574035867323, 0.3796146982150119
0.3447071893350262, 0.37280097567921777
0.3402634502459927, 0.3539219604531757
0.33280431677511507, 0.3664190602257551
0.3515315029360419, 0.4017098650070804
0.34486589430249165, 0.3653370411223299
0.3429614346929059, 0.3868143579988208
0.33820028566894145, 0.3314302264543365
0.33899381050626887, 0.3980478785043162
0.3402634502459927, 0.37405783250489477
0.33629582605935565, 0.38054660082186276
0.32772575781621965, 0.3688366164752558
0.3445484843675607, 0.37892260772043573
0.3439136644976988, 0.36354225494775094
0.3396286303761308, 0.3529052837158623
0.3445484843675607, 0.3842307683135917
0.3353435962545628, 0.3920365845858875
0.34661164894461194, 0.3899831216539168
0.34915092842405965, 0.3794255373498181
0.3483574035867323, 0.368565222771048
0.32756705284875415, 0.3906886133771138
0.34248531979050945, 0.36649045946012615
0.34327884462783687, 0.37122682479382296
0.34677035391207744, 0.385631498404573
0.355181717187748, 0.40342263860075
0.35169020790350736, 0.3919351283287955
0.34232661482304394, 0.39944188915715806
0.35169020790350736, 0.41108397454269874
0.3262974131090303, 0.3603107597346964
0.34565941913981907, 0.3639133987280895
0.3480399936518013, 0.38599194854001573
0.34185049992064753, 0.39716857658971916
0.35169020790350736, 0.3951326029489127
0.34613553404221553, 0.39628539995347334
0.34327884462783687, 0.4016291124245177
0.33708935089668307, 0.37134013740030813
0.34565941913981907, 0.3779046371270257
0.34915092842405965, 0.37945411152221087
0.3428027297254404, 0.38803479437194865
0.32344072369465166, 0.36464622570816174
0.33391525154737345, 0.39978625556698477
0.3440723694651643, 0.35842839162056417
0.3402634502459927, 0.3655566156276583
0.3402634502459927, 0.35767147097677676
0.3324869068401841, 0.38267579258192863
0.3378828757340105, 0.36543713466092553
0.34930963339152515, 0.4009376575769209
0.337724170766545, 0.3482846840072038
0.3415330899857166, 0.34351741634626254
0.3458181241072846, 0.36698854182687446
0.34232661482304394, 0.38467008524443635
0.33994604031106174, 0.37180654393702106
0.3353435962545628, 0.3558892912462642
0.3501031582288526, 0.38293848748513915
0.34597682907475, 0.3834616681840306
0.34423107443262974, 0.39704738658513883
0.33883510553880336, 0.39678260934999177
0.342009204888113, 0.40721666071288076
0.3385176956038724, 0.34072928440876504
0.33820028566894145, 0.4023052153151576
0.3421679098555785, 0.394898343836913
0.33375654657990794, 0.35908142925549036
0.33455007141723536, 0.3527804462825761
0.3464529439771465, 0.39585650865014066
0.3323282018727186, 0.35598355426563366
0.3489922234565942, 0.39096227415369766
0.33264561180764957, 0.3865287677292629
0.3440723694651643, 0.3642253342342566
0.3361371210918902, 0.3929072626009825
0.34312013966037136, 0.38202496266452346
0.34502459926995716, 0.37582201382723834
0.34740517378193936, 0.39970581731582877
0.34073956514838916, 0.40591606699757266
0.34438977940009524, 0.3754821779780786
0.337406760831614, 0.4063870330264876
0.35534042215521344, 0.38873900156337426
0.34930963339152515, 0.3841192702159144
0.34851610855419773, 0.4233217530014296
0.34264402475797495, 0.37550097377354685
0.342009204888113, 0.3963971048024679
0.3272496429138232, 0.3557536508515645
0.350261863196318, 0.40589796069515316
0.33804158070147594, 0.40102620258811483
0.3359784161244247, 0.4022276987598469
0.34851610855419773, 0.39138286491095553
0.34851610855419773, 0.4306521351887813
0.3396286303761308, 0.3912150927420359
0.32582129820663386, 0.3484374103201846
0.3521663228059038, 0.37742987575913367
0.3437549595302333, 0.3991679921506862
0.3477225837168703, 0.3997928550497989
0.3385176956038724, 0.3699498434770543
0.3410569750833201, 0.3884016404417949
0.34692905887954295, 0.39156619064636056
0.34565941913981907, 0.3737820268796279
0.3410569750833201, 0.3886468277639097
0.3329630217425805, 0.3480783904866849
0.3445484843675607, 0.37056169888339385
0.3489922234565942, 0.3512200768129232
0.3383589906364069, 0.377312912606534
0.3501031582288526, 0.3893017521954797
0.34312013966037136, 0.3934052403399042
0.33645453102682116, 0.36243086005285086
0.34264402475797495, 0.37223011987560717
0.337406760831614, 0.375495823255391
0.3440723694651643, 0.38696280666217353
0.3386764005713379, 0.3713253716877495
0.3496270433264561, 0.35256866587303093
0.3332804316775115, 0.3459773243046046
0.3366132359942866, 0.3787169175430889
0.3372480558641485, 0.3599732247151636
0.3435962545627678, 0.3622616988084856
0.34867481352166324, 0.3718714025703085
0.3396286303761308, 0.38553969953795275
0.3359784161244247, 0.36057635678630073
0.33629582605935565, 0.37174837938908767
0.3458181241072846, 0.3718485755064769
0.34994445326138707, 0.3584304208464141
0.3477225837168703, 0.39756725834401097
0.3483574035867323, 0.4178239131993021
0.3501031582288526, 0.38847827977928806
0.342009204888113, 0.38256070616631976
0.3386764005713379, 0.3640488071146577
0.3335978416124425, 0.37528537736279666
0.3315346770353912, 0.3567834902265071
0.3434375495953023, 0.4079210272908125
0.3350261863196318, 0.41753061839996086
0.34073956514838916, 0.3562395413281021
0.34058086018092365, 0.36548020209069454
0.350261863196318, 0.38350970127129
0.35295984764323124, 0.4122666035011945
0.33708935089668307, 0.3913953712164815
0.33708935089668307, 0.3805225809690005
0.3348674813521663, 0.3713915137087255
0.3242342485319791, 0.36679519166398045
0.34327884462783687, 0.3964267314598886
0.3402634502459927, 0.35119381506521363
0.3421679098555785, 0.38076834348391086
0.33645453102682116, 0.37925468015837005
0.3558165370576099, 0.39273378846500817
0.3415330899857166, 0.3766692573759658
0.346294239009681, 0.40568148037881446
0.34946833835899066, 0.3797242914111404
0.34565941913981907, 0.3968341594451541
0.33455007141723536, 0.36049587680638095
0.3434375495953023, 0.3939947657030364
0.3521663228059038, 0.42956493446256105
0.33978733534359623, 0.36122948833575996
0.35549912712267895, 0.405590768453825
0.34486589430249165, 0.37054420238272945
0.34915092842405965, 0.40524085064021165
0.3439136644976988, 0.3919649973112366
0.35169020790350736, 0.4085753930501135
0.34502459926995716, 0.37630952907897475
0.342009204888113, 0.37561141336400383
0.3421679098555785, 0.35273712688914816
0.3429614346929059, 0.3810602333799785
0.34867481352166324, 0.3947099583751741
0.33137597206792574, 0.3554479079498072
0.32598000317409936, 0.3759169340310583
0.337724170766545, 0.357747998067509
0.3393112204411998, 0.43381757880293503
0.34232661482304394, 0.36773563698519185
0.3404221552134582, 0.38319388385064246
0.3408982701158546, 0.3945142675007596
0.34946833835899066, 0.38157641184809565
0.3361371210918902, 0.3607385055436705
0.3481986986192668, 0.3901772341797386
0.3453420092048881, 0.3708018047566952
0.3478812886843358, 0.39530152277028596
0.34692905887954295, 0.34941287100997576
0.33264561180764957, 0.35691985817021665
0.3404221552134582, 0.40560669436581986
0.3358197111569592, 0.4032309213406986
0.34232661482304394, 0.371634647499159
0.34613553404221553, 0.38862752774446363
0.32947151245833994, 0.35814110188081605
0.3421679098555785, 0.3799233383067461
0.34232661482304394, 0.383460352013659
0.3470877638470084, 0.3824770706788906
0.3415330899857166, 0.363645555473023
0.3455007141723536, 0.4019544309851718
0.3386764005713379, 0.3758801626467084
0.3353435962545628, 0.3724258100189374
0.3396286303761308, 0.38769929728009367
0.3478812886843358, 0.411684907545122
0.3394699254086653, 0.3909445630150694
0.3332804316775115, 0.4061532660848669
0.3361371210918902, 0.37843326532307064
0.33026503729566736, 0.37193399520691683
0.3567687668624028, 0.3872186221403602
0.3350261863196318, 0.36848540200629787
0.3404221552134582, 0.3823885316547274
0.3421679098555785, 0.38154228790271205
0.33645453102682116, 0.3510279876688671
0.34121568005078556, 0.351055781118783
0.3299476273607364, 0.3648353160893485
0.3451833042374226, 0.38047033154249
0.341691794953182, 0.39717979098182765
0.34327884462783687, 0.3439274339734427
0.34613553404221553, 0.3718007797244358
0.3501031582288526, 0.3614485138400003
0.33994604031106174, 0.4341727873869994
0.3383589906364069, 0.3642409782082282
0.34613553404221553, 0.36132404505238
0.3497857482939216, 0.38511429924863494
0.34073956514838916, 0.3715520147461999
0.34073956514838916, 0.39199588218983006
0.3451833042374226, 0.38141701503011094
0.34692905887954295, 0.380470358307784
0.34661164894461194, 0.38243968438832865
0.3458181241072846, 0.3791227152071066
0.3421679098555785, 0.36538212187313934
0.35280114267576573, 0.4080939882471156
0.34851610855419773, 0.3764480104892508
0.34058086018092365, 0.4001082384939776
0.3478812886843358, 0.39942453141518264
0.3358197111569592, 0.387428085005842
0.3410569750833201, 0.3561701511569205
0.3335978416124425, 0.3958271247326387
0.33280431677511507, 0.35350480483325064
0.3439136644976988, 0.34930717019699664
0.33185208697032215, 0.38689884789654205
0.34994445326138707, 0.39701744353327617
0.33978733534359623, 0.3642496356276047
0.3434375495953023, 0.38678857463688376
0.35295984764323124, 0.37811721699981415
0.3315346770353912, 0.35497264241605486
0.33820028566894145, 0.38867465515878064
0.3437549595302333, 0.37692946142573047
0.33899381050626887, 0.36570774569682274
0.33708935089668307, 0.3886012424923495
0.3366132359942866, 0.39494579169012123
0.33439136644976986, 0.3824289298713316
0.33470877638470087, 0.35911400151734374
0.3440723694651643, 0.4056261046333739
0.33010633232820186, 0.3601292922919048
0.3453420092048881, 0.41612682681784763
0.33470877638470087, 0.3942430237104211
0.35089668306618, 0.3861592138991413
0.3404221552134582, 0.37102520736734923
0.3402634502459927, 0.39836839014594894
0.33391525154737345, 0.381032490811846
0.33978733534359623, 0.355980782834582
0.33439136644976986, 0.393376120118362
0.3478812886843358, 0.38012283888793874
0.3396286303761308, 0.39124869824594977
0.35089668306618, 0.36369703019335287
0.34232661482304394, 0.3655120831537987
0.3348674813521663, 0.3915936056520498
0.33994604031106174, 0.388480403039387
0.3415330899857166, 0.38232574385175555
0.3435962545627678, 0.3772862846863695
0.34565941913981907, 0.42934800404488793
0.34597682907475, 0.387095299931407
0.34058086018092365, 0.3734407904491851
0.3447071893350262, 0.3585130926351413
0.3480399936518013, 0.42229144531873264
0.34232661482304394, 0.39822127548543684
0.33312172671004603, 0.3939146150421584
0.34486589430249165, 0.37553325242529545
0.3404221552134582, 0.3950219178962896
0.33550230122202823, 0.37445842868376045
0.3393112204411998, 0.3854052929210505
0.3421679098555785, 0.36435927564679094
0.3348674813521663, 0.39598410086708624
0.33708935089668307, 0.3380221288376657
0.3324869068401841, 0.3689046702264547
0.3497857482939216, 0.3729212757232565
0.346294239009681, 0.3828486197727051
0.3340739565148389, 0.408907599322752
0.341691794953182, 0.3582354825625631
0.3421679098555785, 0.40393587138266396
0.3396286303761308, 0.38499482679592756
0.3324869068401841, 0.38464202085185817
0.33978733534359623, 0.3891560498651556
0.3470877638470084, 0.3836946119069028
0.3361371210918902, 0.38164848485155156
0.342009204888113, 0.38269484617971616
0.34248531979050945, 0.39253028772356136
0.33455007141723536, 0.36338201068067644
0.3464529439771465, 0.3824372286485027
0.34232661482304394, 0.38914974133171787
0.34137438501825107, 0.37131030448465796
0.34121568005078556, 0.37327226199009744
0.34565941913981907, 0.38785756149204875
0.3358197111569592, 0.3804944300188472
0.33804158070147594, 0.39475982390967346
0.3455007141723536, 0.3859977690598104
0.3481986986192668, 0.39808671919009564
0.33804158070147594, 0.39303550831781997
0.34867481352166324, 0.38585295048937496
0.33693064592921756, 0.37920016458640027
0.33693064592921756, 0.3998578602102072
0.3378828757340105, 0.3591113194897144
0.33550230122202823, 0.3809132447924648
0.34058086018092365, 0.3653830234864659
0.3383589906364069, 0.38414811473010746
0.34423107443262974, 0.3988836642661149
0.3445484843675607, 0.36712960598919875
0.34121568005078556, 0.36705163936559804
0.32518647833677194, 0.33320500835912026
0.3351848912870973, 0.3517197491469167
0.3470877638470084, 0.36876092519652004
0.33978733534359623, 0.36711276705394524
0.3378828757340105, 0.37479585470339893
0.34010474527852724, 0.38056876448927024
0.3378828757340105, 0.36554413410487707
0.3335978416124425, 0.3612337496132627
0.33375654657990794, 0.3952309849818082
0.34597682907475, 0.40300494549767363
0.34946833835899066, 0.3977452583241301
0.34264402475797495, 0.36451213779932823
0.34121568005078556, 0.37444429415323277
0.3408982701158546, 0.374036608230098
0.33391525154737345, 0.3553251023006847
0.3393112204411998, 0.37320013487889137
0.3558165370576099, 0.39737851760262266
0.3539120774480241, 0.41264202391018
0.34438977940009524, 0.3965439747568231
0.33312172671004603, 0.34301062380838443
0.34073956514838916, 0.3384678550749495
0.33693064592921756, 0.36759563018479435
0.35200761783843837, 0.4024262326656012
0.33756546579907953, 0.373019211592855
0.3550230122202825, 0.3897785612504502
0.3483574035867323, 0.37655128281422134
0.3391525154737343, 0.3717424967583073
0.34502459926995716, 0.3792768837331756
0.34010474527852724, 0.35243086161290715
0.3481986986192668, 0.38579486358870096
0.33280431677511507, 0.3811611939572075
0.33994604031106174, 0.38691893180389514
0.33708935089668307, 0.36228286921173025
0.33804158070147594, 0.40222709080394525
0.34613553404221553, 0.36209880001096517
0.33470877638470087, 0.35895494581548015
0.34010474527852724, 0.36159511086805474
0.3410569750833201, 0.38005440408400315
0.34565941913981907, 0.4056808785128265
0.32883669258847803, 0.3457292312750607
0.34438977940009524, 0.3797846363752463
0.3385176956038724, 0.38904120413664933
0.3394699254086653, 0.3620397267738824
0.33978733534359623, 0.3893252863119069
0.3434375495953023, 0.3722774004830255
0.34058086018092365, 0.3622443874631197
0.33994604031106174, 0.39220858470986675
0.34661164894461194, 0.38147577348354167
0.3404221552134582, 0.4114026457064952
0.3440723694651643, 0.38882481298003035
0.33804158070147594, 0.3846124459904212
0.34185049992064753, 0.4088199274055233
0.3353435962545628, 0.3764127075619732
0.3383589906364069, 0.40041539013648353
0.33804158070147594, 0.357997976464688
0.3366132359942866, 0.3439193434950014
0.34438977940009524, 0.4032492228678538
0.3445484843675607, 0.35417319749993914
0.34248531979050945, 0.42027541559755477
0.33375654657990794, 0.3925118608648822
0.3513727979685764, 0.4118161053736057
0.3366132359942866, 0.3738442745889027
0.3513727979685764, 0.38146071908647217
0.3402634502459927, 0.3765662280337104
0.337406760831614, 0.3694657690520171
0.34121568005078556, 0.3713200902522411
0.350579273131249, 0.4018928361806058
0.3472464688144739, 0.3656926035520426
0.3429614346929059, 0.3937528268200159
0.3391525154737343, 0.4020829728720897
0.3534359625456277, 0.3726184070662023
0.3340739565148389, 0.41278037702291737
0.33978733534359623, 0.39259945601815827
0.34327884462783687, 0.37072298215963906
0.3415330899857166, 0.39817718906174704
0.3280431677511506, 0.3631015111349283
0.34312013966037136, 0.4145438421389146
0.3470877638470084, 0.39033319065710737
0.3453420092048881, 0.42146172306338847
0.33693064592921756, 0.3874575463490685
0.3458181241072846, 0.3936260180138773
0.3367719409617521, 0.36056728736999366
0.3564513569274718, 0.36767826976152385
0.337724170766545, 0.4140382155617027
0.3350261863196318, 0.40531066834005225
0.337724170766545, 0.40741332275132713
0.32709093794635774, 0.3445773013397323
0.34915092842405965, 0.3827673483544334
0.3408982701158546, 0.370930375008663
0.34613553404221553, 0.38516466599652355
0.34010474527852724, 0.3786303783505939
0.3481986986192668, 0.3712912644965308
0.3470877638470084, 0.372089111375535
0.3329630217425805, 0.3716679288823561
0.34740517378193936, 0.3823992088955761
0.35042056816378353, 0.38553394171398214
0.34565941913981907, 0.3854789589418858
0.33629582605935565, 0.3825122882815224
0.34677035391207744, 0.4101431563098952
0.34185049992064753, 0.37807270838734863
0.3458181241072846, 0.3948777232461379
0.3447071893350262, 0.365620410214621
0.33994604031106174, 0.35309273102352856
0.34327884462783687, 0.32826480714511885
0.34185049992064753, 0.37161827988399476
0.3391525154737343, 0.3866267659507785
0.3351848912870973, 0.37864856461985985
0.3383589906364069, 0.38288106091168994
0.34486589430249165, 0.40665077870709765
0.34264402475797495, 0.37506693956668125
0.337406760831614, 0.3666087321923034
0.33820028566894145, 0.39663236473744745
0.3310585621329948, 0.38892195996493195
0.3285192826535471, 0.35288092297647033
0.3231233137597207, 0.34356757648309033
0.3455007141723536, 0.3817210917858599
0.33026503729566736, 0.3558052888786414
0.3386764005713379, 0.36156123753818037
0.35169020790350736, 0.3776394724086869
0.337406760831614, 0.4084307859763051
0.35724488176479924, 0.4121296663288586
0.33264561180764957, 0.3801344192776136
0.35280114267576573, 0.3763432286384759
0.33978733534359623, 0.3844730409420928
0.33566100618949374, 0.3620849919592688
0.3396286303761308, 0.37267019069145746
0.33756546579907953, 0.3875080363691721
0.34677035391207744, 0.37772788315869676
0.337406760831614, 0.3816713554968888
0.32836057768608157, 0.3842854766203896
0.3315346770353912, 0.3707462976121828
0.3447071893350262, 0.3830394292218061
0.34597682907475, 0.3837590493754983
0.3315346770353912, 0.37055186282142505
0.3342326614823044, 0.3822417073622911
0.33883510553880336, 0.35912222321866283
0.34327884462783687, 0.39514108557619265
0.34312013966037136, 0.39929518676456877
0.342009204888113, 0.37915389191088167
0.3267735280114268, 0.36449331466723023
0.3447071893350262, 0.3952881773938034
0.3521663228059038, 0.38186497365035177
0.3421679098555785, 0.37212020179457617
0.34677035391207744, 0.4256963879438864
0.33883510553880336, 0.398983177400992
0.34058086018092365, 0.4075601286558538
0.3439136644976988, 0.3787561300605392
0.3478812886843358, 0.3457289159965917
0.34677035391207744, 0.3747647655719152
0.3464529439771465, 0.37217818018290794
0.34010474527852724, 0.3618788154441417
0.3415330899857166, 0.3952384623376829
0.3394699254086653, 0.35714592245172627
0.3366132359942866, 0.3835120915115201
0.34692905887954295, 0.3551343352870936
0.34502459926995716, 0.38453261550142603
0.3404221552134582, 0.36190741125964176
0.34264402475797495, 0.3419207996387593
0.3385176956038724, 0.37693006569916476
0.346294239009681, 0.37295956445861944
0.33645453102682116, 0.38822829208445375
0.3342326614823044, 0.38687315517319565
0.34232661482304394, 0.3956737507061838
0.3447071893350262, 0.3696758359592648
0.35724488176479924, 0.3599440142678565
0.33010633232820186, 0.3762471741930621
0.34312013966037136, 0.36306384420318394
0.3367719409617521, 0.3563660765566089
0.3523250277733693, 0.38572217902413086
0.34058086018092365, 0.3686988568149864
0.34423107443262974, 0.35741478868707455
0.3483574035867323, 0.3961909604286258
0.33994604031106174, 0.370814475163565
0.33820028566894145, 0.3904492998471022
0.342009204888113, 0.3908884636811156
0.3439136644976988, 0.3690125501329268
0.3464529439771465, 0.37017907913344195
0.34565941913981907, 0.4055871897052641
0.33994604031106174, 0.3877136627523793
0.3316933820028567, 0.3325864454530806
0.34073956514838916, 0.3608504963926632
0.33439136644976986, 0.3807967476170977
0.3513727979685764, 0.4072195761013666
0.3458181241072846, 0.3834917618689526
0.34121568005078556, 0.39912286603808145
0.33470877638470087, 0.34720758674068786
0.34930963339152515, 0.3924048547720772
0.34756387874940486, 0.39237929338190314
0.3455007141723536, 0.38010869361987576
0.3353435962545628, 0.3943925364272115
0.3439136644976988, 0.41050496139723847
0.34232661482304394, 0.35980606531698034
0.34058086018092365, 0.37147992257183016
0.3307411521980638, 0.38377298146706884
0.3404221552134582, 0.40518131751708797
0.3408982701158546, 0.37464506758981164
0.3524837327408348, 0.41125900280425964
0.3323282018727186, 0.3562735247854326
0.34058086018092365, 0.3869855125870434
0.34121568005078556, 0.3928980632877399
0.3323282018727186, 0.37872934911939293
0.34946833835899066, 0.3803959776896302
0.342009204888113, 0.41703749954289904
0.3299476273607364, 0.34964653587361294
0.3332804316775115, 0.3334204189067975
0.3480399936518013, 0.3731077029105355
0.3391525154737343, 0.38621622569003267
0.33375654657990794, 0.3883983679399141
0.33708935089668307, 0.4115753123331717
0.34327884462783687, 0.43576435597829155
0.3421679098555785, 0.39566725740944475
0.35121409300111095, 0.3850376194250623
0.3383589906364069, 0.38976374532283997
0.33645453102682116, 0.39183575838154927
0.3497857482939216, 0.38884456055542105
0.3415330899857166, 0.4478493307237401
0.34740517378193936, 0.4102657035178854
0.3396286303761308, 0.3805585318086092
0.3253451833042374, 0.361024117229921
0.34851610855419773, 0.4050403266828738
0.3307411521980638, 0.38041543523862376
0.3310585621329948, 0.39182558314165317
0.33280431677511507, 0.36890181395097754
0.34073956514838916, 0.40358905889618835
0.3410569750833201, 0.35172846936029956
0.3472464688144739, 0.39908998406107343
0.33756546579907953, 0.3789360380553697
0.3340739565148389, 0.35041621771782105
0.33439136644976986, 0.3547418513012828
0.33899381050626887, 0.3697396225921381
0.3470877638470084, 0.37081184908383824
0.3428027297254404, 0.3811559432789192
0.3437549595302333, 0.36064584545911316
0.35042056816378353, 0.3765748862776398
0.33804158070147594, 0.38345476674201484
0.355181717187748, 0.3830066090407481
0.33899381050626887, 0.3774758065720909
0.3408982701158546, 0.4018304687903138
0.3434375495953023, 0.3591461288234631
0.33693064592921756, 0.3526703190975876
0.3404221552134582, 0.3808869408479585
0.3366132359942866, 0.36274510555905726
0.3402634502459927, 0.3881806828774851
0.3386764005713379, 0.38867376914188667
0.34565941913981907, 0.39113693622960966
0.34073956514838916, 0.36190779446303856
0.34248531979050945, 0.40160404579904063
0.33899381050626887, 0.3756658026965414
0.3434375495953023, 0.3885809592416003
0.3359784161244247, 0.40018911593203166
0.3472464688144739, 0.40643641252683715
0.3340739565148389, 0.3743609084236741
0.34312013966037136, 0.3841271109731338
0.34185049992064753, 0.35024556751425195
0.3523250277733693, 0.4232286308793195
0.3367719409617521, 0.36440258004351733
0.34073956514838916, 0.3995353210644451
0.34613553404221553, 0.3885965478516815
0.34597682907475, 0.40041427854665956
0.3335978416124425, 0.36911891842423006
0.3350261863196318, 0.3686472291056482
0.3351848912870973, 0.36381740267509965
0.33756546579907953, 0.3372503669414728
0.34121568005078556, 0.38314766000374434
0.3386764005713379, 0.38674533013188583
0.34597682907475, 0.4024670217033558
0.3496270433264561, 0.3524400421599738
0.34327884462783687, 0.3943544314297962
0.33439136644976986, 0.37902071846102303
0.3286779876210125, 0.3410157185036595
0.3415330899857166, 0.350888115389989
0.3402634502459927, 0.39939703275445615
0.33899381050626887, 0.39099716409051666
0.3386764005713379, 0.39633038237821694
0.34232661482304394, 0.40028844694136645
0.3437549595302333, 0.3745731474358317
0.3372480558641485, 0.40877179811691133
0.34502459926995716, 0.41688512861062
0.34264402475797495, 0.39065295180906146
0.3404221552134582, 0.37612776236314027
0.3447071893350262, 0.3752424177031848
0.3429614346929059, 0.34922305592968617
0.3532772575781622, 0.4070393871186846
0.3429614346929059, 0.378585843558607
0.3396286303761308, 0.37049866131891496
0.3439136644976988, 0.4155925917552957
0.34613553404221553, 0.37503716604259774
0.3404221552134582, 0.38669079584895505
0.3453420092048881, 0.4021632327471786
